1 25981U 99065B   17226.06645200 +.00000027 +00000-0 +61332-4 0  9993
2 25981 045.0232 241.6694 0004752 213.1919 146.8630 14.32510938923962
1 25981U 99065B   17226.48489300 +.00000031 +00000-0 +62555-4 0  9999
2 25981 045.0232 239.7039 0004769 215.0871 144.9662 14.32511165923157
1 25981U 99065B   17227.11255456  .00000025  00000-0  60567-4 0  9997
2 25981  45.0232 236.7554 0004800 218.0213 142.0295 14.32511399924112
1 25981U 99065B   17227.46125533 +.00000033 +00000-0 +63508-4 0  9994
2 25981 045.0232 235.1175 0004813 219.5503 140.4993 14.32511619923296
1 25981U 99065B   17228.15865685  .00000035  00000-0  64226-4 0  9990
2 25981  45.0232 231.8414 0004857 222.6786 137.3683 14.32511929924264
1 25981U 99065B   17228.43761740 +.00000041 +00000-0 +66349-4 0  9993
2 25981 045.0232 230.5311 0004859 223.9508 136.0952 14.32512105923434
