1 25114U 97084C   15001.65661315  .00000816  00000-0  31737-3 0  9990,2 25114 045.0156 163.2857 0007480 110.3808 309.4542 14.37429709891100
1 25114U 97084C   15002.70249250  .00000873  00000-0  33622-3 0  9995,2 25114 045.0158 158.3328 0007535 116.0842 321.1572 14.37431645891265
1 25114U 97084C   15003.82834110  .00001027  00000-0  38748-3 0  9990,2 25114 045.0159 153.0011 0007577 122.2494 026.6351 14.37433412891429
1 25114U 97084C   15004.87448247  .00001208  00000-0  44727-3 0  9993,2 25114 045.0159 148.0470 0007618 128.0000 039.6672 14.37437050891573
1 25114U 97084C   15007.49132392  .00001271  00000-0  46793-3 0  9990,2 25114 045.0162 135.6546 0007747 142.1832 260.2009 14.37447046891949
1 25114U 97084C   15008.53688525  .00001405  00000-0  51215-3 0  9994,2 25114 045.0163 130.7033 0007833 147.4434 270.7632 14.37452480892092
1 25114U 97084C   15009.73597684  .00001185  00000-0  43956-3 0  9990,2 25114 045.0164 125.0247 0007923 153.6881 355.6318 14.37455209892278
1 25114U 97084C   15010.77576831  .00001326  00000-0  48594-3 0  9997,2 25114 045.0164 120.1006 0007970 159.1687 336.1221 14.37459570892423
1 25114U 97084C   15012.35750376  .00001148  00000-0  42696-3 0  9990,2 25114 045.0165 112.6097 0008079 167.4870 240.9929 14.37466239892659
1 25114U 97084C   15013.54550285  .00001143  00000-0  42529-3 0  9999,2 25114 045.0166 106.9836 0008160 173.3268 268.8640 14.37470119892825
1 25114U 97084C   15014.73827563  .00001134  00000-0  42229-3 0  9994,2 25114 045.0167 101.3346 0008248 179.1467 321.4983 14.37475343892991
1 25114U 97084C   15016.24726233  .00001310  00000-0  48043-3 0  9990,2 25114 045.0167 094.1880 0008358 186.3773 210.7151 14.37478156893202
1 25114U 97084C   15017.36070137  .00001148  00000-0  42683-3 0  9992,2 25114 045.0167 088.9147 0008429 191.7231 212.9150 14.37482282893362
1 25114U 97084C   15018.75922610  .00000615  00000-0  25052-3 0  9997,2 25114 045.0168 082.2913 0008505 198.5931 250.3343 14.37484866893571
1 25114U 97084C   15019.80498912  .00000539  00000-0  22545-3 0  9996,2 25114 045.0168 077.3384 0008560 203.6782 262.2607 14.37487121893720
1 25114U 97084C   15021.18357904  .00000832  00000-0  32222-3 0  9994,2 25114 045.0169 070.8092 0008609 210.2363 196.7610 14.37488808893928
1 25114U 97084C   15022.52460880  .00000791  00000-0  30860-3 0  9991,2 25114 045.0169 064.4579 0008672 216.2921 297.2131 14.37492415894119
1 25114U 97084C   15023.69416765  .00000721  00000-0  28561-3 0  9991,2 25114 045.0170 058.9187 0008717 221.6643 230.1482 14.37493289894288
1 25114U 97084C   15025.36028360  .00000717  00000-0  28409-3 0  9993,2 25114 045.0172 051.0278 0008738 229.3952 212.8897 14.37497273894527
1 25114U 97084C   15026.48607885  .00000818  00000-0  31745-3 0  9991,2 25114 045.0173 045.6959 0008740 234.7037 279.2120 14.37498967894684
1 25114U 97084C   15027.58382043  .00000938  00000-0  35717-3 0  9995,2 25114 045.0174 040.4968 0008745 239.7306 200.5041 14.37502299894848
1 25114U 97084C   15029.24956045  .00001156  00000-0  42940-3 0  9998,2 25114 045.0175 032.6077 0008734 247.1803 181.6358 14.37507806895082
1 25114U 97084C   15030.51723360  .00001377  00000-0  50244-3 0  9993,2 25114 045.0176 026.6039 0008697 253.0589 262.3602 14.37512573895265
1 25114U 97084C   15032.16662455  .00001445  00000-0  52465-3 0  9996,2 25114 045.0177 018.7921 0008638 260.5462 158.8211 14.37520679895492
1 25114U 97084C   15033.21223010  .00001582  00000-0  56997-3 0  9999,2 25114 045.0178 013.8400 0008617 265.1352 170.5566 14.37526111895656
1 25114U 97084C   15034.40508843  .00001644  00000-0  59054-3 0  9997,2 25114 045.0173 008.1859 0008671 271.4275 223.4071 14.37529034895825
1 25114U 97084C   15035.99892824  .00002046  00000-0  72323-3 0  9998,2 25114 045.0174 000.6373 0008584 278.7444 192.3852 14.37534296896058
1 25114U 97084C   15037.02834475  .00002273  00000-0  79810-3 0  9992,2 25114 045.0174 355.7619 0008528 283.3948 120.2633 14.37539966896207
1 25114U 97084C   15038.22746767  .00002191  00000-0  77077-3 0  9993,2 25114 045.0173 350.0827 0008463 288.8313 206.4819 14.37544533896376
1 25114U 97084C   15039.33980638  .00001752  00000-0  62588-3 0  9996,2 25114 045.0171 344.8142 0008386 293.9266 203.5037 14.37551779896531
1 25114U 97084C   15040.86135259  .00001494  00000-0  54041-3 0  9995,2 25114 045.0168 337.6075 0008267 301.1617 158.1972 14.37557402896758
1 25114U 97084C   15041.89413921  .00001538  00000-0  55521-3 0  9997,2 25114 045.0168 332.7158 0008210 305.8398 103.5907 14.37560349896904
1 25114U 97084C   15043.23555957  .00001602  00000-0  57616-3 0  9992,2 25114 045.0167 326.3622 0008118 312.0673 206.2440 14.37564505897093
1 25114U 97084C   15046.08003024  .00000901  00000-0  34464-3 0  9998,2 25114 045.0161 312.8936 0007636 325.8373 167.5780 14.37572507897501
1 25114U 97084C   15050.11486436  .00001043  00000-0  39144-3 0  9997,2 25114 045.0154 293.7814 0007246 345.7908 169.2282 14.37577753898085
1 25114U 97084C   15051.15392937  .00000941  00000-0  35786-3 0  9998,2 25114 045.0153 288.8595 0007138 351.3568 146.3303 14.37578874898232
1 25114U 97084C   15052.53165021  .00000863  00000-0  33188-3 0  9990,2 25114 045.0151 282.3334 0006986 358.7941 075.9089 14.37582165898434
1 25114U 97084C   15053.92372696  .00000853  00000-0  32873-3 0  9991,2 25114 045.0150 275.7393 0006857 006.4469 079.6562 14.37583759898632
1 25114U 97084C   15055.05079972  .00000940  00000-0  35738-3 0  9998,2 25114 045.0149 270.4004 0006753 012.6201 152.0807 14.37588403898795
1 25114U 97084C   15056.55211598  .00000886  00000-0  33976-3 0  9997,2 25114 045.0151 263.2877 0006665 020.7148 001.3140 14.37591320899001
1 25114U 97084C   15057.59399912  .00000856  00000-0  32970-3 0  9999,2 25114 045.0151 258.3522 0006579 026.5923 352.7536 14.37592763899152
1 25114U 97084C   15059.01292058  .00000870  00000-0  33430-3 0  9999,2 25114 045.0156 251.6232 0006801 032.5120 137.3572 14.37595637899368
1 25114U 97084C   15060.51461274  .00001282  00000-0  47040-3 0  9994,2 25114 045.0156 244.5095 0006675 040.6573 348.5355 14.37601429899572
1 25114U 97084C   15061.56010134  .00001466  00000-0  53083-3 0  9993,2 25114 045.0157 239.5569 0006622 046.3477 358.8792 14.37605189899724
1 25114U 97084C   15063.50474530  .00001483  00000-0  53658-3 0  9990,2 25114 045.0157 230.3449 0006498 057.3030 341.9569 14.37610540900004
1 25114U 97084C   15064.91938086  .00001298  00000-0  47542-3 0  9996,2 25114 045.0158 223.6436 0006434 065.4319 102.2305 14.37613581900213
1 25114U 97084C   15066.50666463  .00001436  00000-0  52105-3 0  9995,2 25114 045.0158 216.1245 0006331 074.3659 036.1199 14.37619326900444
1 25114U 97084C   15067.83589029  .00001455  00000-0  52723-3 0  9991,2 25114 045.0158 209.8276 0006272 081.8583 074.6199 14.37623698900635
1 25114U 97084C   15069.49490745  .00001342  00000-0  48973-3 0  9998,2 25114 045.0159 201.9683 0006203 091.4989 019.4666 14.37628183900878
1 25114U 97084C   15070.82633201  .00001257  00000-0  46167-3 0  9991,2 25114 045.0160 195.6611 0006200 099.2330 069.1560 14.37631632901063
1 25114U 97084C   15072.12500387  .00001271  00000-0  46627-3 0  9991,2 25114 045.0161 189.5090 0006203 106.8220 309.3327 14.37635442901246
1 25114U 97084C   15073.16972512  .00001196  00000-0  44157-3 0  9991,2 25114 045.0161 184.5600 0006201 112.9569 315.3851 14.37638003901391
1 25114U 97084C   15074.48808319  .00001157  00000-0  42850-3 0  9995,2 25114 045.0161 178.3147 0006242 120.6413 297.4812 14.37641427901589
1 25114U 97084C   15076.15920773  .00000979  00000-0  36977-3 0  9994,2 25114 045.0161 170.3984 0006279 130.1973 305.2370 14.37644574901827
1 25114U 97084C   15077.40399532  .00001622  00000-0  58188-3 0  9990,2 25114 045.0161 164.5015 0006330 136.9429 267.1911 14.37652406902006
1 25114U 97084C   15078.45026425  .00001456  00000-0  52708-3 0  9991,2 25114 045.0160 159.5448 0006407 142.7905 281.6073 14.37654686902156
1 25114U 97084C   15080.17980184  .00001351  00000-0  49241-3 0  9996,2 25114 045.0161 151.3517 0006479 152.5219 231.8769 14.37657927902408
1 25114U 97084C   15081.22213554  .00000974  00000-0  36820-3 0  9992,2 25114 045.0161 146.4136 0006519 158.2606 226.0447 14.37660343902559
1 25114U 97084C   15082.48564146  .00001002  00000-0  37729-3 0  9999,2 25114 045.0161 140.4279 0006578 164.9820 285.0478 14.37663959902744
1 25114U 97084C   15083.61183815  .00001004  00000-0  37794-3 0  9999,2 25114 045.0160 135.0924 0006652 170.8760 353.5429 14.37666819902905
1 25114U 97084C   15085.18721440  .00001259  00000-0  46203-3 0  9992,2 25114 045.0159 127.6290 0006751 179.0981 226.7547 14.37671924903122
1 25114U 97084C   15087.00015516  .00001404  00000-0  50952-3 0  9993,2 25114 045.0158 119.0399 0006861 188.2192 249.8319 14.37677399903398
1 25114U 97084C   15088.10400854  .00001503  00000-0  54221-3 0  9991,2 25114 045.0157 113.8102 0006937 193.7097 203.0292 14.37680980903550
1 25114U 97084C   15089.15929501  .00001641  00000-0  58759-3 0  9995,2 25114 045.0157 108.8105 0007006 198.8088 265.0202 14.37684655903700
1 25114U 97084C   15090.49044032  .00001535  00000-0  55278-3 0  9996,2 25114 045.0158 102.5039 0007079 205.2072 314.8646 14.37688099903895
1 25114U 97084C   15091.86213722  .00001578  00000-0  56669-3 0  9994,2 25114 045.0159 096.0052 0007163 211.7422 214.6825 14.37692849904089
1 25114U 97084C   15093.12211718  .00001683  00000-0  60125-3 0  9997,2 25114 045.0160 090.0358 0007220 217.6490 256.3766 14.37697668904270
1 25114U 97084C   15094.77952036  .00001414  00000-0  51270-3 0  9997,2 25114 045.0162 082.1835 0007330 225.2163 195.3741 14.37701666904514
1 25114U 97084C   15096.09685101  .00001496  00000-0  53968-3 0  9996,2 25114 045.0163 075.9424 0007379 231.2726 174.0807 14.37706387904707
1 25114U 97084C   15097.14194807  .00001362  00000-0  49550-3 0  9995,2 25114 045.0164 070.9909 0007406 235.9825 183.7710 14.37708939904854
1 25114U 97084C   15098.40846873  .00001196  00000-0  44082-3 0  9992,2 25114 045.0165 064.9903 0007424 241.6574 259.6556 14.37711996905036
1 25114U 97084C   15099.78590450  .00001104  00000-0  41055-3 0  9997,2 25114 045.0168 058.4642 0007460 247.7764 189.7398 14.37715485905231
1 25114U 97084C   15101.17675772  .00001149  00000-0  42526-3 0  9998,2 25114 045.0171 051.8746 0007476 253.8590 189.3953 14.37719748905430
1 25114U 97084C   15102.37156398  .00001239  00000-0  45470-3 0  9990,2 25114 045.0173 046.2137 0007462 259.0320 254.2959 14.37723710905609
1 25114U 97084C   15103.82013782  .00001188  00000-0  43806-3 0  9994,2 25114 045.0174 039.3507 0007469 265.2863 192.8598 14.37727797905810
1 25114U 97084C   15104.85257907  .00001363  00000-0  49542-3 0  9995,2 25114 045.0175 034.4593 0007451 269.7360 137.3301 14.37731940905961
1 25114U 97084C   15106.19331250  .00001643  00000-0  58772-3 0  9994,2 25114 045.0176 028.1072 0007429 275.6456 237.5784 14.37737958906156
1 25114U 97084C   15107.23133382  .00001762  00000-0  62690-3 0  9992,2 25114 045.0177 023.1892 0007394 280.2319 210.8584 14.37742373906309
1 25114U 97084C   15108.81310520  .00001699  00000-0  60583-3 0  9996,2 25114 045.0177 015.6948 0007339 287.0737 119.0102 14.37747638906535
1 25114U 97084C   15110.15428137  .00001819  00000-0  64537-3 0  9997,2 25114 045.0178 009.3404 0007278 292.8957 221.7142 14.37753500906724
1 25114U 97084C   15111.19306501  .00002257  00000-0  78933-3 0  9994,2 25114 045.0172 004.4189 0007241 297.1519 199.3299 14.37758767906875
1 25114U 97084C   15112.49823668  .00002312  00000-0  80741-3 0  9998,2 25114 045.0169 358.2351 0007174 302.7904 115.7308 14.37764697907062
1 25114U 97084C   15113.82476130  .00002037  00000-0  71686-3 0  9996,2 25114 045.0168 351.9499 0007063 308.5892 142.6300 14.37770152907256
1 25114U 97084C   15115.48761898  .00001730  00000-0  61589-3 0  9998,2 25114 045.0169 344.0707 0006897 315.7905 110.6956 14.37776116907495
1 25114U 97084C   15116.80572471  .00001465  00000-0  52857-3 0  9995,2 25114 045.0175 337.8251 0006821 322.2822 093.3306 14.37779129907688
1 25114U 97084C   15118.07206068  .00001192  00000-0  43893-3 0  9999,2 25114 045.0174 331.8247 0006710 327.9724 168.5654 14.37782130907863
1 25114U 97084C   15119.37715542  .00001010  00000-0  37901-3 0  9997,2 25114 045.0173 325.6408 0006584 333.9759 084.3121 14.37785091908051
1 25114U 97084C   15120.55233323  .00000908  00000-0  34556-3 0  9999,2 25114 045.0172 320.0723 0006480 339.4599 047.4848 14.37787679908226
1 25114U 97084C   15121.81294435  .00000833  00000-0  32073-3 0  9999,2 25114 045.0172 314.0992 0006333 345.5372 092.7098 14.37790361908403
1 25114U 97084C   15123.00539755  .00000730  00000-0  28691-3 0  9996,2 25114 045.0172 308.4491 0006202 351.3499 145.0784 14.37792421908575
1 25114U 97084C   15124.51422660  .00000782  00000-0  30391-3 0  9996,2 25114 045.0171 301.2997 0006036 358.6089 035.1789 14.37795675908787
1 25114U 97084C   15125.85493610  .00000815  00000-0  31476-3 0  9999,2 25114 045.0170 294.9467 0005895 005.3316 134.7876 14.37798337908980
1 25114U 97084C   15126.90105811  .00001023  00000-0  38331-3 0  9998,2 25114 045.0168 289.9895 0005807 010.6208 149.5585 14.37801593909136
1 25114U 97084C   15127.93954576  .00001059  00000-0  39501-3 0  9991,2 25114 045.0167 285.0686 0005715 015.9685 124.7253 14.37803986909286
1 25114U 97084C   15129.44817872  .00001054  00000-0  39330-3 0  9991,2 25114 045.0167 277.9197 0005593 023.8648 013.2304 14.37807176909491
1 25114U 97084C   15130.48899328  .00001239  00000-0  45404-3 0  9997,2 25114 045.0167 272.9875 0005498 029.3753 000.3147 14.37810645909645
1 25114U 97084C   15131.76098404  .00001499  00000-0  53971-3 0  9991,2 25114 045.0167 266.9601 0005374 036.2678 103.7935 14.37815816909830
1 25114U 97084C   15133.49440052  .00001827  00000-0  64714-3 0  9995,2 25114 045.0167 258.7462 0005244 045.7211 075.4590 14.37823264910085
1 25114U 97084C   15134.75060534  .00002184  00000-0  76460-3 0  9996,2 25114 045.0158 252.7936 0005123 052.5922 097.2214 14.37828875910264
1 25114U 97084C   15136.12262037  .00001642  00000-0  58641-3 0  9990,2 25114 045.0156 246.2917 0005012 060.9427 357.5697 14.37833121910457
1 25114U 97084C   15137.51349316  .00001423  00000-0  51454-3 0  9992,2 25114 045.0163 239.7013 0004979 068.5819 356.3499 14.37836293910662
1 25114U 97084C   15138.83766418  .00001173  00000-0  43216-3 0  9993,2 25114 045.0162 233.4264 0004911 076.2385 009.5375 14.37839504910859
1 25114U 97084C   15140.15635899  .00001000  00000-0  37554-3 0  9996,2 25114 045.0162 227.1774 0004868 084.0367 354.2267 14.37842635911044
1 25114U 97084C   15141.18676693  .00000863  00000-0  33045-3 0  9994,2 25114 045.0162 222.2945 0004844 090.2145 286.8593 14.37844650911194
1 25114U 97084C   15142.52050897  .00000703  00000-0  27779-3 0  9995,2 25114 045.0161 215.9742 0004822 098.2499 349.2941 14.37846781911382
1 25114U 97084C   15143.71442155  .00000542  00000-0  22493-3 0  9998,2 25114 045.0159 210.3166 0004817 105.3038 048.2256 14.37848300911554
1 25114U 97084C   15144.74387829  .00000473  00000-0  20214-3 0  9990,2 25114 045.0157 205.4382 0004819 111.4338 335.9965 14.37849774911706
1 25114U 97084C   15146.19432781  .00000315  00000-0  15024-3 0  9997,2 25114 045.0155 198.5647 0004851 120.0045 282.6118 14.37850928911911
1 25114U 97084C   15147.53449277  .00000320  00000-0  15208-3 0  9994,2 25114 045.0153 192.2138 0004885 127.7702 018.6222 14.37852340912101
1 25114U 97084C   15148.57439899  .00000350  00000-0  16168-3 0  9997,2 25114 045.0151 187.2857 0004923 133.7332 000.7134 14.37853455912258
1 25114U 97084C   15150.15541453  .00000324  00000-0  15330-3 0  9995,2 25114 045.0151 179.7932 0004993 142.6868 263.4647 14.37854820912487
1 25114U 97084C   15151.48921301  .00000685  00000-0  27167-3 0  9997,2 25114 045.0151 173.4724 0005069 149.9117 327.0479 14.37858038912675
1 25114U 97084C   15153.58079971  .00000260  00000-0  13206-3 0  9995,2 25114 045.0152 163.5604 0005188 161.1220 352.9800 14.37857528912977
1 25114U 97084C   15155.15787450  .00000293  00000-0  14304-3 0  9994,2 25114 045.0152 156.0866 0005297 169.3914 236.0203 14.37858985913197
1 25114U 97084C   15156.43003632  .00000327  00000-0  15433-3 0  9991,2 25114 045.0151 150.0578 0005375 175.6898 341.1884 14.37860175913386
1 25114U 97084C   15157.46911420  .00000397  00000-0  17725-3 0  9991,2 25114 045.0151 145.1335 0005461 180.9430 319.7267 14.37861481913533
1 25114U 97084C   15158.90439696  .00000560  00000-0  23065-3 0  9997,2 25114 045.0153 138.3316 0005544 187.9061 189.4250 14.37863686913732
1 25114U 97084C   15160.16481289  .00000805  00000-0  31124-3 0  9990,2 25114 045.0155 132.3584 0005636 193.8926 234.0718 14.37866641913924
1 25114U 97084C   15161.43181751  .00000877  00000-0  33467-3 0  9993,2 25114 045.0157 126.3540 0005720 199.7861 312.9593 14.37868959914100
1 25114U 97084C   15162.86605314  .00000960  00000-0  36191-3 0  9997,2 25114 045.0160 119.5570 0005817 206.3821 177.6431 14.37872243914309
1 25114U 97084C   15165.31934418  .00001097  00000-0  40674-3 0  9993,2 25114 045.0164 107.9310 0005961 217.3405 278.0888 14.37878431914662
1 25114U 97084C   15166.36466172 +.00000989 +00000-0 +37153-3 0  9993,2 25114 045.0164 102.9772 0006020 221.8942 289.7247 14.37880228914814
1 25114U 97084C   15167.79961860  .00000897  00000-0  34108-3 0  9990,2 25114 045.0166 096.1767 0006098 228.0129 158.6815 14.37883061915011
1 25114U 97084C   15168.84494877  .00000817  00000-0  31482-3 0  9990,2 25114 045.0166 091.2228 0006139 232.4527 170.5187 14.37885061915169
1 25114U 97084C   15170.18562299  .00000649  00000-0  25989-3 0  9992,2 25114 045.0168 084.8693 0006172 238.0812 271.4716 14.37886940915369
1 25114U 97084C   15171.35610023  .00000641  00000-0  25700-3 0  9994,2 25114 045.0170 079.3225 0006203 243.0703 211.2131 14.37889119915535
1 25114U 97084C   15172.73325297  .00000552  00000-0  22789-3 0  9998,2 25114 045.0172 072.7961 0006238 248.8407 141.0537 14.37890972915734
1 25114U 97084C   15173.77853601  .00000542  00000-0  22478-3 0  9992,2 25114 045.0173 067.8425 0006254 253.1447 152.8105 14.37892632915888
1 25114U 97084C   15175.11955470  .00000881  00000-0  33586-3 0  9997,2 25114 045.0174 061.4874 0006259 258.7439 255.6273 14.37897282916070
1 25114U 97084C   15176.56340745  .00000541  00000-0  22423-3 0  9991,2 25114 045.0174 054.6449 0006279 264.7805 170.8280 14.37897284916289
1 25114U 97084C   15177.73927832  .00000495  00000-0  20910-3 0  9996,2 25114 045.0174 049.0722 0006273 269.4968 138.8308 14.37898820916458
1 25114U 97084C   15179.08100204  .00000416  00000-0  18333-3 0  9991,2 25114 045.0173 042.7135 0006230 274.8005 245.6125 14.37900375916644
1 25114U 97084C   15180.45238013  .00000302  00000-0  14581-3 0  9999,2 25114 045.0174 036.2142 0006205 280.3709 145.7882 14.37901645916838
1 25114U 97084C   15181.55570392  .00000273  00000-0  13634-3 0  9995,2 25114 045.0174 030.9853 0006167 284.8456 098.1498 14.37902706916993
1 25114U 97084C   15182.81561834  .00000282  00000-0  13941-3 0  9997,2 25114 045.0175 025.0143 0006112 289.9909 141.2747 14.37903988917182
1 25114U 97084C   15184.00819902  .00000299  00000-0  14498-3 0  9998,2 25114 045.0175 019.3625 0006060 294.8770 195.7167 14.37905232917359
1 25114U 97084C   15185.05492400  .00000386  00000-0  17356-3 0  9997,2 25114 045.0174 014.4018 0006003 299.1616 215.0156 14.37906678917500
1 25114U 97084C   15186.56192223  .00000710  00000-0  27957-3 0  9993,2 25114 045.0174 007.2596 0005940 305.5757 097.0935 14.37910176917712
1 25114U 97084C   15187.82978582  .00000554  00000-0  22838-3 0  9992,2 25114 045.0175 001.2510 0005870 311.1272 180.9675 14.37910847917909
1 25114U 97084C   15188.94851926  .00000666  00000-0  26534-3 0  9999,2 25114 045.0176 355.9490 0005802 315.8269 212.9848 14.37912902918068
1 25114U 97084C   15189.98689113  .00000843  00000-0  32343-3 0  9993,2 25114 045.0175 351.0276 0005748 320.5051 188.6373 14.37915329918212
1 25114U 97084C   15191.01872955  .00000478  00000-0  20348-3 0  9994,2 25114 045.0176 346.1373 0005642 324.6002 131.0267 14.37915075918368
1 25114U 97084C   15192.53607507  .00000766  00000-0  29810-3 0  9994,2 25114 045.0176 338.9461 0005526 331.1763 066.6113 14.37919342918581
1 25114U 97084C   15193.80914716  .00000651  00000-0  26026-3 0  9997,2 25114 045.0177 332.9128 0005430 336.9809 177.2678 14.37920873918760
1 25114U 97084C   15194.84791824  .00000695  00000-0  27472-3 0  9999,2 25114 045.0176 327.9898 0005352 341.7111 154.9700 14.37922929918919
1 25114U 97084C   15196.49761946  .00000615  00000-0  24845-3 0  9997,2 25114 045.0175 320.1714 0005220 349.3012 055.3812 14.37925280919145
1 25114U 97084C   15197.76963594  .00000433  00000-0  18887-3 0  9998,2 25114 045.0174 314.1431 0005116 355.3433 160.3603 14.37926424919338
1 25114U 97084C   15198.80886211  .00000357  00000-0  16397-3 0  9993,2 25114 045.0174 309.2178 0005024 000.2183 140.2959 14.37927570919487
1 25114U 97084C   15200.45920916  .00000292  00000-0  14245-3 0  9997,2 25114 045.0173 301.3961 0004869 008.1123 043.7769 14.37929154919729
1 25114U 97084C   15201.50439025  .00000205  00000-0  11397-3 0  9999,2 25114 045.0173 296.4426 0004772 013.2631 054.3004 14.37929696919870
1 25114U 97084C   15204.20525089  .00000178  00000-0  10529-3 0  9990,2 25114 045.0169 283.6425 0004553 027.0660 355.1960 14.37931777920254
1 25114U 97084C   15205.46577890  .00000189  00000-0  10891-3 0  9990,2 25114 045.0167 277.6685 0004456 033.8866 039.8963 14.37932769920439
1 25114U 97084C   15206.51090124  .00000179  00000-0  10556-3 0  9994,2 25114 045.0165 272.7152 0004383 039.5742 049.5907 14.37933357920594
1 25114U 97084C   15207.56549539  .00000181  00000-0  10598-3 0  9998,2 25114 045.0162 267.7169 0004317 045.5320 108.0970 14.37934035920741
1 25114U 97084C   15208.60867321  .00000205  00000-0  11403-3 0  9999,2 25114 045.0160 262.7727 0004254 051.3763 107.5656 14.37934909920891
1 25114U 97084C   15210.18483409  .00000212  00000-0  11623-3 0  9998,2 25114 045.0158 255.3023 0004168 060.3021 345.6548 14.37936144921110
1 25114U 97084C   15211.45215363  .00000216  00000-0  11755-3 0  9991,2 25114 045.0157 249.2957 0004118 067.6148 065.0715 14.37936974921303
1 25114U 97084C   15212.57051078  .00000272  00000-0  13586-3 0  9992,2 25114 045.0155 243.9950 0004076 074.1264 093.4317 14.37938006921468
1 25114U 97084C   15213.60938369  .00000283  00000-0  13947-3 0  9997,2 25114 045.0154 239.0712 0004050 080.1405 070.4372 14.37938784921611
1 25114U 97084C   15215.17831086  .00000265  00000-0  13358-3 0  9995,2 25114 045.0152 231.6349 0004032 089.7398 270.3913 14.37939911921838
1 25114U 97084C   15216.49836542  .00000239  00000-0  12526-3 0  9990,2 25114 045.0151 225.3784 0004043 097.5790 262.5517 14.37940799922026
1 25114U 97084C   15218.16580132  .00000268  00000-0  13470-3 0  9998,2 25114 045.0151 217.4751 0004067 107.4653 252.6640 14.37942135922266
1 25114U 97084C   15219.41637686  .00000363  00000-0  16574-3 0  9998,2 25114 045.0151 211.5478 0004106 114.6937 245.4339 14.37943625922446
1 25114U 97084C   15220.45852220  .00000376  00000-0  17012-3 0  9999,2 25114 045.0152 206.6084 0004148 120.5467 239.5791 14.37944633922597
1 25114U 97084C   15222.12595236  .00000371  00000-0  16840-3 0  9999,2 25114 045.0154 198.7052 0004229 130.0987 230.0232 14.37946435922833
1 25114U 97084C   15223.16809550  .00000345  00000-0  15982-3 0  9998,2 25114 045.0156 193.7658 0004288 135.9134 224.2057 14.37947332922988
1 25114U 97084C   15224.34918990  .00000307  00000-0  14739-3 0  9995,2 25114 045.0157 188.1680 0004363 142.2807 217.8348 14.37948351923157
1 25114U 97084C   15225.39133102  .00000301  00000-0  14533-3 0  9991,2 25114 045.0157 183.2286 0004437 147.8972 212.2147 14.37949436923309
1 25114U 97084C   15226.85032741  .00000247  00000-0  12787-3 0  9998,2 25114 045.0158 176.3134 0004545 155.6930 204.4134 14.37950627923512
1 25114U 97084C   15227.89246681  .00000246  00000-0  12744-3 0  9995,2 25114 045.0159 171.3740 0004631 160.9915 199.1107 14.37951640923661
1 25114U 97084C   15229.14303242  .00000384  00000-0  17253-3 0  9995,2 25114 045.0160 165.4467 0004732 167.4517 192.6450 14.37953709923842
1 25114U 97084C   15230.25464583  .00000358  00000-0  16400-3 0  9999,2 25114 045.0161 160.1781 0004825 172.8330 187.2588 14.37954621924005
1 25114U 97084C   15231.85258853  .00000263  00000-0  13285-3 0  9990,2 25114 045.0163 152.6044 0004954 180.6063 179.4780 14.37955698924235
1 25114U 97084C   15232.89472377  .00000296  00000-0  14362-3 0  9997,2 25114 045.0164 147.6650 0005043 185.5167 174.5627 14.37957051924389
1 25114U 97084C   15234.14528514  .00000214  00000-0  11693-3 0  9996,2 25114 045.0165 141.7380 0005141 191.2796 168.7938 14.37957981924568
1 25114U 97084C   15235.88217421 +.00000283 +00000-0 +13946-3 0  9999,2 25114 045.0165 133.5058 0005284 199.2256 160.8393 14.37960057924821
1 25114U 97084C   15236.85483129  .00000297  00000-0  14395-3 0  9991,2 25114 045.0164 128.8957 0005357 203.6277 156.4326 14.37961045924958
1 25114U 97084C   15238.10538947  .00000286  00000-0  14052-3 0  9998,2 25114 045.0164 122.9684 0005448 209.0710 150.9835 14.37962201925133
1 25114U 97084C   15239.84227352 +.00000323 +00000-0 +15257-3 0  9995,2 25114 045.0163 114.7358 0005578 216.7192 143.3274 14.37964265925395
1 25114U 97084C   15241.09282797  .00000391  00000-0  17482-3 0  9996,2 25114 045.0164 108.8085 0005654 221.9560 138.0856 14.37966199925563
1 25114U 97084C   15242.41285657  .00000373  00000-0  16893-3 0  9996,2 25114 045.0164 102.5518 0005741 227.6089 132.4274 14.37967708925751
1 25114U 97084C   15243.45498355  .00000362  00000-0  16548-3 0  9997,2 25114 045.0164 097.6124 0005812 231.8706 128.1618 14.37968928925906
1 25114U 97084C   15243.94130914 +.00000352 +00000-0 +16192-3 0  9999,2 25114 045.0164 095.3073 0005833 233.9064 126.1245 14.37969503925989
1 25114U 97084C   15244.49710962  .00000340  00000-0  15815-3 0  9995,2 25114  45.0164  92.6729 0005866 236.2965 123.7325 14.37970135926053
1 25114U 97084C   15244.70553471 +.00000330 +00000-0 +15495-3 0  9992,2 25114 045.0164 091.6850 0005874 237.0746 122.9538 14.37970373926097
1 25114U 97084C   15245.67818503 +.00000282 +00000-0 +13907-3 0  9991,2 25114 045.0164 087.0747 0005923 241.1609 118.8645 14.37971242926224
1 25114U 97084C   15246.72030985 +.00000267 +00000-0 +13419-3 0  9999,2 25114 045.0164 082.1352 0005969 245.4583 114.5644 14.37972209926372
1 25114U 97084C   15247.97085882  .00000279  00000-0  13798-3 0  9996,2 25114  45.0164  76.2077 0006015 250.5323 109.4875 14.37973397926550
1 25114U 97084C   15249.56878120  .00000297  00000-0  14385-3 0  9991,2 25114  45.0164  68.6335 0006060 256.9775 103.0397 14.37974955926788
1 25114U 97084C   15249.91615541 +.00000296 +00000-0 +14361-3 0  9999,2 25114 045.0165 066.9870 0006067 258.3640 101.6528 14.37975295926843
1 25114U 97084C   15250.81932795  .00000289  00000-0  14123-3 0  9991,2 25114  45.0166  62.7059 0006088 261.9536  98.0622 14.37976173926967
1 25114U 97084C   15250.88880263 +.00000306 +00000-0 +14695-3 0  9994,2 25114 045.0166 062.3766 0006090 262.2804 097.7353 14.37976371926982
1 25114U 97084C   15251.93092400  .00000341  00000-0  15839-3 0  9999,2 25114  45.0168  57.4371 0006099 266.7283  93.2868 14.37977670927122
1 25114U 97084C   15252.97304473  .00000342  00000-0  15873-3 0  9999,2 25114  45.0170  52.4976 0006089 271.3987  88.6164 14.37978758927274
1 25114U 97084C   15254.43201219  .00000332  00000-0  15552-3 0  9999,2 25114  45.0172  45.5824 0006117 277.0742  82.9410 14.37980346927485
1 25114U 97084C   15255.47413092  .00000339  00000-0  15769-3 0  9995,2 25114  45.0173  40.6429 0006119 281.2392  78.7768 14.37981593927634
1 25114U 97084C   15255.89097815 +.00000317 +00000-0 +15065-3 0  9997,2 25114 045.0174 038.6673 0006115 282.9081 077.1084 14.37982004927702
1 25114U 97084C   15256.79414704  .00000282  00000-0  13908-3 0  9992,2 25114  45.0175  34.3864 0006107 286.5547  73.4630 14.37982804927823
1 25114U 97084C   15258.46153428  .00000302  00000-0  14577-3 0  9997,2 25114  45.0177  26.4831 0006097 293.3233  66.6973 14.37984636928063
1 25114U 97084C   15259.50365063  .00000286  00000-0  14034-3 0  9992,2 25114  45.0178  21.5437 0006075 297.6383  62.3848 14.37985506928219
1 25114U 97084C   15259.78154827 +.00000290 +00000-0 +14178-3 0  9990,2 25114 045.0177 020.2266 0006066 298.9543 061.0696 14.37985780928262
1 25114U 97084C   15260.75418935  .00000309  00000-0  14779-3 0  9990,2 25114  45.0178  15.6165 0006037 303.0295  56.9973 14.37986819928398
1 25114U 97084C   15260.82366366 +.00000305 +00000-0 +14676-3 0  9990,2 25114 045.0178 015.2872 0006031 303.3699 056.6572 14.37986888928415
1 25114U 97084C   15262.49104666  .00000372  00000-0  16860-3 0  9999,2 25114  45.0179   7.3840 0005985 310.2961  49.7364 14.37988991928643
1 25114U 97084C   15262.69946933 +.00000377 +00000-0 +17025-3 0  9991,2 25114 045.0179 006.3962 0005971 311.2390 048.7943 14.37989269928684
1 25114U 97084C   15263.74158253  .00000411  00000-0  18131-3 0  9996,2 25114  45.0180   1.4569 0005921 315.8474  44.1901 14.37990605928829
1 25114U 97084C   15265.47843631  .00000364  00000-0  16577-3 0  9998,2 25114  45.0179 353.2247 0005845 323.2915  36.7533 14.37992169929079
1 25114U 97084C   15265.68685857 +.00000372 +00000-0 +16863-3 0  9992,2 25114 045.0179 352.2369 0005833 324.2533 035.7924 14.37992457929115
1 25114U 97084C   15266.72896952  .00000369  00000-0  16752-3 0  9991,2 25114  45.0178 347.2975 0005779 328.8379  31.2126 14.37993604929253
1 25114U 97084C   15268.46581877  .00000398  00000-0  17712-3 0  9990,2 25114  45.0176 339.0650 0005683 336.5939  23.4650 14.37995901929507
1 25114U 97084C   15268.67424055 +.00000399 +00000-0 +17751-3 0  9991,2 25114 045.0176 338.0772 0005667 337.5965 022.4636 14.37996163929541
1 25114U 97084C   15269.50792733  .00000386  00000-0  17320-3 0  9993,2 25114  45.0176 334.1256 0005617 341.3815  18.6828 14.37997058929653
1 25114U 97084C   15269.64687506 +.00000383 +00000-0 +17199-3 0  9990,2 25114 045.0175 333.4669 0005607 342.0532 018.0118 14.37997208929681
1 25114U 97084C   15270.61950881  .00000413  00000-0  18209-3 0  9995,2 25114  45.0174 328.8567 0005543 346.5804  13.4896 14.37998470929814
1 25114U 97084C   15272.14793174  .00000449  00000-0  19384-3 0  9999,2 25114  45.0173 321.6119 0005445 353.7438   6.3341 14.38000386930034
1 25114U 97084C   15273.19003707  .00000439  00000-0  19045-3 0  9994,2 25114  45.0171 316.6724 0005384 358.7446   1.3388 14.38001616930183
1 25114U 97084C   15274.51003567  .00000480  00000-0  20392-3 0  9998,2 25114  45.0169 310.4157 0005296   5.3132 354.7772 14.38003512930371
1 25114U 97084C   15274.57950924 +.00000479 +00000-0 +20357-3 0  9991,2 25114 045.0169 310.0864 0005294 005.6597 354.4311 14.38003599930391
1 25114U 97084C   15276.10792628  .00000546  00000-0  22564-3 0  9994,2 25114  45.0167 302.8414 0005202  13.1620 346.9364 14.38005946930605
1 25114U 97084C   15277.15002765  .00000557  00000-0  22924-3 0  9998,2 25114  45.0166 297.9017 0005136  18.5524 341.5511 14.38007346930752
1 25114U 97084C   15278.19212811  .00000489  00000-0  20672-3 0  9990,2 25114  45.0164 292.9619 0005064  24.0652 336.0433 14.38008308930905
1 25114U 97084C   15279.44264744  .00000430  00000-0  18758-3 0  9999,2 25114  45.0164 287.0342 0005005  30.7472 329.3669 14.38009613931088
1 25114U 97084C   15280.48474544  .00000449  00000-0  19377-3 0  9994,2 25114  45.0163 282.0945 0004955  36.3441 323.7744 14.38011145931234
1 25114U 97084C   15280.97105764 +.00000418 +00000-0 +18371-3 0  9992,2 25114 045.0163 279.7891 0004929 038.9178 321.2025 14.38011573931312
1 25114U 97084C   15281.87420815  .00000412  00000-0  18165-3 0  9994,2 25114  45.0164 275.5081 0004882  43.9560 316.1677 14.38012687931433
1 25114U 97084C   15281.94368125 +.00000411 +00000-0 +18124-3 0  9991,2 25114 045.0164 275.1787 0004878 044.3482 315.7756 14.38012758931459
1 25114U 97084C   15283.12472344  .00000345  00000-0  15952-3 0  9994,2 25114  45.0163 269.5803 0004822  51.0852 309.0426 14.38013729931616
1 25114U 97084C   15284.16681864  .00000332  00000-0  15552-3 0  9990,2 25114  45.0163 264.6407 0004791  57.0158 303.1150 14.38014787931762
1 25114U 97084C   15285.48680453  .00000318  00000-0  15067-3 0  9994,2 25114  45.0162 258.3838 0004773  64.5237 295.6105 14.38016171931955
1 25114U 97084C   15285.90364178 +.00000327 +00000-0 +15364-3 0  9994,2 25114 045.0162 256.4079 0004761 066.9194 293.2156 14.38016689932029
1 25114U 97084C   15286.87626178  .00000328  00000-0  15418-3 0  9993,2 25114  45.0162 251.7975 0004764  72.4690 287.6679 14.38017710932155
1 25114U 97084C   15286.94573462 +.00000326 +00000-0 +15339-3 0  9998,2 25114 045.0162 251.4682 0004766 072.8843 287.2527 14.38017769932177
1 25114U 97084C   15288.05729903  .00000421  00000-0  18452-3 0  9990,2 25114  45.0162 246.1992 0004768  79.3694 280.7692 14.38019464932322
1 25114U 97084C   15289.16886242  .00000515  00000-0  21516-3 0  9992,2 25114  45.0162 240.9302 0004780  85.8377 274.3018 14.38021134932488
1 25114U 97084C   15290.21095161  .00000553  00000-0  22790-3 0  9999,2 25114  45.0162 235.9905 0004795  91.9880 268.1518 14.38022669932631
1 25114U 97084C   15291.32251152  .00000640  00000-0  25617-3 0  9994,2 25114  45.0163 230.7214 0004827  98.4337 261.7059 14.38024863932797
1 25114U 97084C   15291.87829087 +.00000648 +00000-0 +25866-3 0  9996,2 25114 045.0163 228.0868 0004839 101.7117 258.4274 14.38025814932888
1 25114U 97084C   15292.85090345  .00000717  00000-0  28127-3 0  9992,2 25114  45.0164 223.4764 0004870 107.3770 252.7611 14.38027923933016
1 25114U 97084C   15294.17087538  .00000779  00000-0  30173-3 0  9991,2 25114  45.0163 217.2197 0004927 115.0353 245.1007 14.38030750933200
1 25114U 97084C   15295.21295657  .00000815  00000-0  31339-3 0  9996,2 25114  45.0163 212.2800 0004988 120.9731 239.1608 14.38033022933359
1 25114U 97084C   15295.90767627 +.00000850 +00000-0 +32476-3 0  9995,2 25114 045.0162 208.9867 0005025 124.9827 235.1494 14.38034684933462
1 25114U 97084C   15296.81081097  .00000792  00000-0  30583-3 0  9998,2 25114  45.0161 204.7057 0005084 130.0627 230.0668 14.38036274933584
1 25114U 97084C   15296.88028280 +.00000819 +00000-0 +31466-3 0  9991,2 25114 045.0161 204.3764 0005092 130.4709 229.6583 14.38036577933608
1 25114U 97084C   15298.13077438  .00000809  00000-0  31127-3 0  9993,2 25114  45.0159 198.4487 0005186 137.2717 222.8536 14.38039285933778
1 25114U 97084C   15299.17284935  .00000709  00000-0  27862-3 0  9990,2 25114  45.0159 193.5089 0005270 142.8939 217.2275 14.38040843933921
1 25114U 97084C   15299.86756523 +.00000691 +00000-0 +27294-3 0  9992,2 25114 045.0158 190.2155 0005328 146.6921 213.4264 14.38042063934030
1 25114U 97084C   15300.84016647  .00000656  00000-0  26139-3 0  9997,2 25114  45.0158 185.6050 0005406 151.8783 208.2358 14.38043663934160
1 25114U 97084C   15300.90963795 +.00000653 +00000-0 +26018-3 0  9992,2 25114 045.0158 185.2757 0005412 152.2666 207.8472 14.38043763934187
1 25114U 97084C   15302.16012375  .00000597  00000-0  24189-3 0  9995,2 25114  45.0158 179.3480 0005524 158.7192 201.3887 14.38045609934352
1 25114U 97084C   15302.85483714 +.00000594 +00000-0 +24106-3 0  9996,2 25114 045.0158 176.0547 0005587 162.3658 197.7385 14.38046790934462
1 25114U 97084C   15303.75796397  .00000560  00000-0  22999-3 0  9991,2 25114  45.0157 171.7736 0005671 166.9986 193.1010 14.38048050934580
1 25114U 97084C   15303.82743513 +.00000585 +00000-0 +23802-3 0  9992,2 25114 045.0157 171.4442 0005676 167.3706 192.7285 14.38048313934605
1 25114U 97084C   15305.00844600  .00000548  00000-0  22593-3 0  9998,2 25114  45.0155 165.8459 0005782 173.3535 186.7391 14.38049802934765
1 25114U 97084C   15306.05051330  .00000565  00000-0  23148-3 0  9990,2 25114  45.0153 160.9060 0005886 178.5350 181.5516 14.38051288934914
1 25114U 97084C   15306.88416653 +.00000536 +00000-0 +22187-3 0  9994,2 25114 045.0152 156.9540 0005976 182.5848 177.4971 14.38052199935044
1 25114U 97084C   15307.78728985  .00000615  00000-0  24785-3 0  9992,2 25114  45.0151 152.6727 0006060 186.9838 173.0926 14.38053873935160
1 25114U 97084C   15307.92623189 +.00000596 +00000-0 +24167-3 0  9990,2 25114 045.0151 152.0141 0006074 187.6118 172.4639 14.38053948935198
1 25114U 97084C   15309.03776694  .00000606  00000-0  24490-3 0  9995,2 25114  45.0150 146.7447 0006180 192.8686 167.2005 14.38055614935340
1 25114U 97084C   15310.56612620  .00000523  00000-0  21757-3 0  9994,2 25114  45.0150 139.4992 0006316 200.0944 159.9657 14.38057197935567
1 25114U 97084C   15310.91348032 +.00000516 +00000-0 +21551-3 0  9990,2 25114 045.0150 137.8526 0006343 201.7104 158.3477 14.38057606935623
1 25114U 97084C   15311.74712896  .00000615  00000-0  24783-3 0  9995,2 25114  45.0152 133.9005 0006417 205.6235 154.4296 14.38059428935736
1 25114U 97084C   15311.88607040 +.00000600 +00000-0 +24291-3 0  9992,2 25114 045.0152 133.2419 0006430 206.2355 153.8169 14.38059547935760
1 25114U 97084C   15312.85865970  .00000594  00000-0  24076-3 0  9991,2 25114  45.0153 128.6312 0006513 210.7811 149.2656 14.38060977935893
1 25114U 97084C   15312.92813019 +.00000599 +00000-0 +24257-3 0  9992,2 25114 045.0153 128.3019 0006512 211.1279 148.9185 14.38061159935915
1 25114U 97084C   15313.90071804  .00000669  00000-0  26527-3 0  9999,2 25114  45.0153 123.6912 0006603 215.5843 144.4565 14.38063173936047
1 25114U 97084C   15314.94277493  .00000748  00000-0  29120-3 0  9996,2 25114  45.0154 118.7513 0006687 220.3221 139.7132 14.38065525936192
1 25114U 97084C   15316.47112337  .00000670  00000-0  26558-3 0  9997,2 25114  45.0156 111.5059 0006802 227.2933 132.7343 14.38067738936415
1 25114U 97084C   15316.88794517 +.00000578 +00000-0 +23556-3 0  9990,2 25114 045.0156 109.5300 0006830 229.1561 130.8695 14.38067992936488
1 25114U 97084C   15317.86052864  .00000628  00000-0  25194-3 0  9997,2 25114  45.0157 104.9193 0006908 233.5488 126.4724 14.38069905936616
1 25114U 97084C   15318.90258077  .00000635  00000-0  25430-3 0  9998,2 25114  45.0158  99.9792 0006975 238.2243 121.7927 14.38071839936768
1 25114U 97084C   15320.50039127  .00000741  00000-0  28901-3 0  9994,2 25114  45.0160  92.4044 0007073 245.3772 114.6340 14.38075473936998
1 25114U 97084C   15320.84774071 +.00000801 +00000-0 +30838-3 0  9994,2 25114 045.0161 090.7579 0007089 246.9812 113.0289 14.38076546937057
1 25114U 97084C   15321.61190952  .00000813  00000-0  31232-3 0  9992,2 25114  45.0163  87.1352 0007124 250.4128 109.5952 14.38078098937150
1 25114U 97084C   15321.82031898 +.00000830 +00000-0 +31778-3 0  9992,2 25114 045.0163 086.1472 0007129 251.3493 108.6582 14.38078621937197
1 25114U 97084C   15322.79289564  .00000878  00000-0  33372-3 0  9998,2 25114  45.0166  81.5367 0007169 255.6805 104.3247 14.38080926937327
1 25114U 97084C   15324.11281896  .00000771  00000-0  29861-3 0  9996,2 25114  45.0168  75.2795 0007235 261.5623  98.4405 14.38083212937513
1 25114U 97084C   15325.50220887  .00000817  00000-0  31367-3 0  9998,2 25114  45.0170  68.6929 0007286 267.6406  92.3608 14.38086666937719
1 25114U 97084C   15325.71061730 +.00000771 +00000-0 +29874-3 0  9990,2 25114 045.0170 067.7051 0007281 268.5854 091.4160 14.38086869937759
1 25114U 97084C   15326.75265774  .00000774  00000-0  29955-3 0  9992,2 25114  45.0172  62.7652 0007298 273.1636  86.8377 14.38089263937895
1 25114U 97084C   15328.21151250  .00000673  00000-0  26658-3 0  9993,2 25114  45.0173  55.8493 0007334 279.5896  80.4124 14.38091709938104
1 25114U 97084C   15329.46195741  .00000689  00000-0  27184-3 0  9996,2 25114  45.0175  49.9214 0007339 285.0607  74.9429 14.38094217938280
1 25114U 97084C   15330.50399388  .00000642  00000-0  25639-3 0  9998,2 25114  45.0175  44.9814 0007331 289.6729  70.3328 14.38095783938432
1 25114U 97084C   15331.54602903  .00000619  00000-0  24877-3 0  9990,2 25114  45.0176  40.0415 0007317 294.2868  65.7216 14.38097505938581
1 25114U 97084C   15331.61549805 +.00000605 +00000-0 +24446-3 0  9996,2 25114 045.0176 039.7122 0007319 294.6210 065.3876 14.38097543938601
1 25114U 97084C   15332.65753243  .00000561  00000-0  22977-3 0  9992,2 25114  45.0177  34.7723 0007306 299.2982  60.7136 14.38098978938743
1 25114U 97084C   15334.18584775  .00000499  00000-0  20973-3 0  9998,2 25114  45.0178  27.5271 0007274 306.1598  53.8577 14.38100929938963
1 25114U 97084C   15335.50575471  .00000556  00000-0  22827-3 0  9992,2 25114  45.0179  21.2701 0007241 312.2084  47.8149 14.38103118939158
1 25114U 97084C   15335.57522345 +.00000550 +00000-0 +22621-3 0  9997,2 25114 045.0178 020.9407 0007238 312.5359 047.4877 14.38103188939173
1 25114U 97084C   15336.54778549  .00000503  00000-0  21097-3 0  9998,2 25114  45.0178  16.3301 0007203 316.9859  43.0425 14.38104308939301
1 25114U 97084C   15337.52034674 +.00000478 +00000-0 +20276-3 0  9990,2 25114 045.0177 011.7195 0007169 321.5061 038.5276 14.38105544939450
1 25114U 97084C   15339.18759278  .00000400  00000-0  17730-3 0  9994,2 25114  45.0177   3.8154 0007096 329.2848  30.7584 14.38107385939680
1 25114U 97084C   15340.43802581  .00000527  00000-0  21879-3 0  9999,2 25114  45.0177 357.8874 0007042 335.2934  24.7576 14.38109640939865
1 25114U 97084C   15340.99377333 +.00000558 +00000-0 +22891-3 0  9991,2 25114 045.0177 355.2526 0007040 337.9773 022.0772 14.38110515939951
1 25114U 97084C   15342.17473579  .00000577  00000-0  23507-3 0  9998,2 25114  45.0177 349.6538 0006953 343.6418  16.4205 14.38112192940114
1 25114U 97084C   15343.21676080  .00000468  00000-0  19966-3 0  9999,2 25114  45.0177 344.7138 0006890 348.7504  11.3189 14.38112948940268
1 25114U 97084C   15344.32825262  .00000569  00000-0  23247-3 0  9999,2 25114  45.0176 339.4445 0006810 354.3095   5.7675 14.38115071940424
1 25114U 97084C   15344.95346625 +.00000488 +00000-0 +20592-3 0  9999,2 25114 045.0176 336.4804 0006777 357.4002 002.6810 14.38115522940523
1 25114U 97084C   15345.78708365  .00000585  00000-0  23762-3 0  9994,2 25114  45.0177 332.5285 0006727   1.6414 358.4456 14.38117283940630
1 25114U 97084C   15345.92601988 +.00000564 +00000-0 +23080-3 0  9993,2 25114 045.0176 331.8698 0006713 002.3274 357.7605 14.38117341940662
1 25114U 97084C   15347.17644445  .00000548  00000-0  22573-3 0  9995,2 25114  45.0176 325.9417 0006619   8.7368 351.3595 14.38119112940839
1 25114U 97084C   15348.35739941  .00000623  00000-0  25029-3 0  9995,2 25114  45.0174 320.3430 0006562  14.9184 345.1857 14.38121292941007
1 25114U 97084C   15349.39941624  .00000752  00000-0  29236-3 0  9990,2 25114  45.0174 315.4029 0006508  20.4585 339.6523 14.38123909941154
1 25114U 97084C   15349.95515830 +.00000711 +00000-0 +27872-3 0  9997,2 25114 045.0174 312.7680 0006474 023.3825 336.7317 14.38124634941243
1 25114U 97084C   15350.85823808  .00000666  00000-0  26418-3 0  9999,2 25114  45.0174 308.4866 0006429  28.2157 331.9039 14.38126016941360
1 25114U 97084C   15350.92770578 +.00000607 +00000-0 +24491-3 0  9996,2 25114 045.0174 308.1572 0006430 028.6197 331.5003 14.38125813941384
1 25114U 97084C   15352.17812235  .00000597  00000-0  24164-3 0  9997,2 25114  45.0174 302.2292 0006380  35.4361 324.6910 14.38127921941552
1 25114U 97084C   15353.28960209  .00000698  00000-0  27452-3 0  9990,2 25114  45.0174 296.9598 0006332  41.4968 318.6361 14.38130360941719
1 25114U 97084C   15353.91480884 +.00000571 +00000-0 +23311-3 0  9996,2 25114 045.0173 293.9956 0006303 044.9584 315.1774 14.38130734941819
1 25114U 97084C   15354.88735117  .00000582  00000-0  23684-3 0  9990,2 25114  45.0172 289.3849 0006253  50.4157 309.7243 14.38132593941949
1 25114U 97084C   15356.20722663  .00000713  00000-0  27959-3 0  9995,2 25114  45.0170 283.1276 0006228  57.9330 302.2123 14.38136147942136
1 25114U 97084C   15357.24923225  .00000727  00000-0  28407-3 0  9991,2 25114  45.0169 278.1875 0006218  63.8542 296.2946 14.38138300942287
1 25114U 97084C   15358.84697131  .00000695  00000-0  27350-3 0  9992,2 25114  45.0166 270.6124 0006199  73.0121 287.1406 14.38141262942519
1 25114U 97084C   15360.16684025  .00000564  00000-0  23077-3 0  9995,2 25114  45.0165 264.3549 0006198  80.7036 279.4513 14.38143086942708
1 25114U 97084C   15360.86150722 +.00000526 +00000-0 +21838-3 0  9995,2 25114 045.0164 261.0613 0006200 084.7396 275.4160 14.38144157942816
1 25114U 97084C   15361.76457364  .00000478  00000-0  20260-3 0  9991,2 25114  45.0163 256.7797 0006217  89.9820 270.1741 14.38145377942931
1 25114U 97084C   15361.90350697 +.00000422 +00000-0 +18454-3 0  9999,2 25114 045.0163 256.1211 0006222 090.8043 269.3519 14.38145269942966
1 25114U 97084C   15362.80657282  .00000393  00000-0  17492-3 0  9997,2 25114  45.0162 251.8396 0006259  96.0119 264.1443 14.38146305943088
1 25114U 97084C   15362.87603943 +.00000360 +00000-0 +16430-3 0  9994,2 25114 045.0162 251.5102 0006261 096.3951 263.7610 14.38146208943106
1 25114U 97084C   15364.12643719  .00000328  00000-0  15365-3 0  9999,2 25114  45.0160 245.5821 0006307 103.5403 256.6148 14.38147465943270
1 25114U 97084C   15364.89056861 +.00000296 +00000-0 +14334-3 0  9998,2 25114 045.0159 241.9592 0006337 107.9397 252.2143 14.38148090943391
1 25114U 97084C   15365.79363227  .00000382  00000-0  17143-3 0  9992,2 25114  45.0157 237.6776 0006375 113.0787 247.0734 14.38149495943510
1 25114U 97084C   15365.86309863 +.00000377 +00000-0 +16970-3 0  9997,2 25114 045.0157 237.3482 0006378 113.5011 246.6509 14.38149552943530
1 25114U 97084C   16001.83562777  .00000340  00000-0  15749-3 0  9990,2 25114  45.0155 232.7374 0006431 119.0234 241.1259 14.38150419943665
1 25114U 97084C   16001.90509418 +.00000289 +00000-0 +14085-3 0  9995,2 25114 045.0155 232.4080 0006436 119.4099 240.7392 14.38150201943688
1 25114U 97084C   16003.08602144  .00000285  00000-0  13949-3 0  9990,2 25114  45.0153 226.8091 0006504 125.9839 234.1613 14.38151393943849
1 25114U 97084C   16003.91961658 +.00000285 +00000-0 +13962-3 0  9995,2 25114 045.0152 222.8567 0006556 130.6331 229.5088 14.38152182943974
1 25114U 97084C   16004.82267739  .00000306  00000-0  14659-3 0  9993,2 25114  45.0151 218.5750 0006624 135.6724 224.4656 14.38153125944093
1 25114U 97084C   16004.89214358 +.00000308 +00000-0 +14714-3 0  9993,2 25114 045.0151 218.2456 0006629 136.0411 224.0966 14.38153200944113
1 25114U 97084C   16006.00360225  .00000284  00000-0  13928-3 0  9992,2 25114  45.0150 212.9758 0006710 142.1413 217.9908 14.38154077944265
1 25114U 97084C   16006.90666148 +.00000301 +00000-0 +14480-3 0  9998,2 25114 045.0150 208.6941 0006782 147.0912 213.0360 14.38155085944403
1 25114U 97084C   16007.74025398  .00000306  00000-0  14631-3 0  9990,2 25114  45.0150 204.7417 0006850 151.5968 208.5255 14.38155992944516
1 25114U 97084C   16007.87918606 +.00000304 +00000-0 +14591-3 0  9990,2 25114 045.0150 204.0830 0006862 152.3133 207.8082 14.38156118944548
1 25114U 97084C   16008.85170997  .00000300  00000-0  14444-3 0  9995,2 25114  45.0150 199.4719 0006954 157.5428 202.5726 14.38157056944670
1 25114U 97084C   16008.92117595 +.00000299 +00000-0 +14430-3 0  9990,2 25114 045.0150 199.1425 0006960 157.8922 202.2227 14.38157119944695
1 25114U 97084C   16010.03263079  .00000308  00000-0  14708-3 0  9993,2 25114  45.0150 193.8727 0007054 163.7453 196.3622 14.38158301944844
1 25114U 97084C   16011.56087959  .00000351  00000-0  16105-3 0  9994,2 25114  45.0150 186.6266 0007202 171.8394 188.2573 14.38160102945063
1 25114U 97084C   16011.90820845 +.00000371 +00000-0 +16751-3 0  9990,2 25114 045.0150 184.9799 0007234 173.5980 186.4962 14.38160638945123
1 25114U 97084C   16012.88072872  .00000473  00000-0  20089-3 0  9999,2 25114  45.0150 180.3687 0007326 178.5893 181.4977 14.38162382945252
1 25114U 97084C   16013.92271382  .00000441  00000-0  19036-3 0  9997,2 25114  45.0151 175.4282 0007425 183.9195 176.1596 14.38163541945407
1 25114U 97084C   16015.52042253  .00000423  00000-0  18451-3 0  9998,2 25114  45.0153 167.8526 0007578 192.0510 168.0158 14.38165421945634
1 25114U 97084C   16015.86775032 +.00000432 +00000-0 +18736-3 0  9999,2 25114 045.0154 166.2059 0007606 193.7790 166.2852 14.38165873945697
1 25114U 97084C   16016.84026736  .00000473  00000-0  20090-3 0  9999,2 25114  45.0155 161.5949 0007695 198.6699 161.3868 14.38167268945822
1 25114U 97084C   16016.90973286 +.00000438 +00000-0 +18962-3 0  9993,2 25114 045.0155 161.2655 0007698 199.0231 161.0331 14.38167168945846
1 25114U 97084C   16017.88224910  .00000419  00000-0  18319-3 0  9999,2 25114  45.0157 156.6545 0007783 203.8339 156.2150 14.38168265945970
1 25114U 97084C   16019.54941780  .00000447  00000-0  19225-3 0  9993,2 25114  45.0159 148.7500 0007924 211.9861 148.0507 14.38170570946217
1 25114U 97084C   16019.82727909 +.00000468 +00000-0 +19933-3 0  9998,2 25114 045.0160 147.4326 0007937 213.2985 146.7365 14.38171025946265
1 25114U 97084C   16020.79979273  .00000454  00000-0  19471-3 0  9991,2 25114  45.0161 142.8216 0008013 217.9939 142.0344 14.38172239946397
1 25114U 97084C   16022.32802614  .00000514  00000-0  21414-3 0  9993,2 25114  45.0162 135.5757 0008133 225.3568 134.6618 14.38174750946617
1 25114U 97084C   16023.37000250  .00000487  00000-0  20554-3 0  9998,2 25114  45.0163 130.6353 0008203 230.2039 129.8088 14.38176090946764
1 25114U 97084C   16024.48144295  .00000442  00000-0  19062-3 0  9992,2 25114  45.0164 125.3656 0008277 235.4407 124.5660 14.38177448946923
1 25114U 97084C   16025.52341739  .00000425  00000-0  18523-3 0  9992,2 25114  45.0164 120.4252 0008331 240.2073 119.7947 14.38178876947072
1 25114U 97084C   16025.66234726 +.00000419 +00000-0 +18334-3 0  9997,2 25114 045.0164 119.7665 0008339 240.8661 119.1354 14.38179039947100
1 25114U 97084C   16026.70432105  .00000378  00000-0  16974-3 0  9996,2 25114  45.0166 114.8262 0008388 245.6950 114.3022 14.38180157947246
1 25114U 97084C   16028.23254827  .00000306  00000-0  14617-3 0  9992,2 25114  45.0168 107.5803 0008467 252.7509 107.2413 14.38181422947460
1 25114U 97084C   16029.48291498  .00000331  00000-0  15433-3 0  9990,2 25114  45.0168 101.6520 0008513 258.5345 101.4548 14.38182856947642
1 25114U 97084C   16029.62184450 +.00000344 +00000-0 +15867-3 0  9990,2 25114 045.0168 100.9933 0008516 259.1935 100.7955 14.38183090947675
1 25114U 97084C   16030.59435117  .00000342  00000-0  15812-3 0  9995,2 25114  45.0168  96.3824 0008538 263.6626  96.3250 14.38184133947805
1 25114U 97084C   16031.63632192  .00000348  00000-0  16007-3 0  9996,2 25114  45.0168  91.4420 0008565 268.4600  91.5267 14.38185291947955
1 25114U 97084C   16033.16454461  .00000368  00000-0  16650-3 0  9993,2 25114  45.0168  84.1959 0008590 275.4643  84.5226 14.38186956948175
1 25114U 97084C   16034.20651385  .00000369  00000-0  16687-3 0  9994,2 25114  45.0168  79.2554 0008594 280.2150  79.7730 14.38188013948321
1 25114U 97084C   16035.38741138  .00000400  00000-0  17686-3 0  9996,2 25114  45.0168  73.6562 0008583 285.6387  74.3515 14.38189455948498
1 25114U 97084C   16036.49884323  .00000402  00000-0  17762-3 0  9990,2 25114  45.0168  68.3863 0008565 290.7964  69.1966 14.38190821948650
1 25114U 97084C   16037.54080960  .00000459  00000-0  19633-3 0  9993,2 25114  45.0169  63.4458 0008546 295.6444  64.3521 14.38192473948809
1 25114U 97084C   16039.06902523  .00000541  00000-0  22279-3 0  9992,2 25114  45.0170  56.1995 0008511 302.7430  57.2598 14.38194929949021
1 25114U 97084C   16040.18045331  .00000542  00000-0  22339-3 0  9990,2 25114  45.0171  50.9297 0008468 307.9222  52.0861 14.38196543949183
1 25114U 97084C   16041.50027226  .00000659  00000-0  26157-3 0  9991,2 25114  45.0171  44.6719 0008409 314.1631  45.8526 14.38199286949377
1 25114U 97084C   16043.09794545  .00000627  00000-0  25111-3 0  9996,2 25114  45.0172  37.0962 0008330 321.7717  38.2540 14.38201778949604
1 25114U 97084C   16044.13990459  .00000629  00000-0  25162-3 0  9992,2 25114  45.0173  32.1557 0008279 326.8740  33.1589 14.38203562949751
1 25114U 97084C   16045.18186248  .00000714  00000-0  27926-3 0  9996,2 25114  45.0174  27.2152 0008229 332.0777  27.9629 14.38205794949904
1 25114U 97084C   16046.36274676  .00000658  00000-0  26099-3 0  9997,2 25114  45.0174  21.6160 0008147 337.8218  22.2277 14.38207470950073
1 25114U 97084C   16046.91845639 +.00000626 +00000-0 +25053-3 0  9995,2 25114 045.0175 018.9810 0008115 340.5480 019.5058 14.38208256950161
1 25114U 97084C   16047.82148325  .00000776  00000-0  29967-3 0  9998,2 25114  45.0176  14.6993 0008046 344.9644  15.0964 14.38210808950286
1 25114U 97084C   16047.96040997 +.00000856 +00000-0 +32549-3 0  9998,2 25114 045.0176 014.0405 0008037 345.7174 014.3446 14.38211633950313
1 25114U 97084C   16049.21075329  .00000685  00000-0  26976-3 0  9992,2 25114  45.0177   8.1121 0007945 352.0926   7.9797 14.38213087950486
1 25114U 97084C   16050.25270453  .00000734  00000-0  28567-3 0  9996,2 25114  45.0178   3.1717 0007872 357.4322   2.6485 14.38215259950637
1 25114U 97084C   16051.29465465  .00000609  00000-0  24493-3 0  9995,2 25114  45.0178 358.2314 0007791   2.7091 357.3799 14.38216399950787
1 25114U 97084C   16051.91982434 +.00000496 +00000-0 +20811-3 0  9998,2 25114 045.0178 355.2670 0007742 005.9479 354.1460 14.38216789950884
1 25114U 97084C   16052.82284647  .00000496  00000-0  20829-3 0  9999,2 25114  45.0177 350.9853 0007679  10.6445 349.4565 14.38218195951004
1 25114U 97084C   16052.89230962 +.00000448 +00000-0 +19263-3 0  9994,2 25114 045.0177 350.6559 0007668 011.0040 349.0975 14.38218072951025
1 25114U 97084C   16053.86479409  .00000435  00000-0  18849-3 0  9998,2 25114  45.0177 346.0448 0007595  16.1671 343.9419 14.38219429951153
1 25114U 97084C   16055.11513006  .00000361  00000-0  16438-3 0  9990,2 25114  45.0177 340.1163 0007520  22.9851 337.1333 14.38220705951334
1 25114U 97084C   16056.15707583  .00000373  00000-0  16830-3 0  9999,2 25114  45.0177 335.1758 0007460  28.6492 331.4765 14.38221960951481
1 25114U 97084C   16056.85170599 +.00000357 +00000-0 +16306-3 0  9997,2 25114 045.0176 331.8821 0007418 032.4273 327.7030 14.38222586951597
1 25114U 97084C   16057.82418754  .00000375  00000-0  16877-3 0  9996,2 25114  45.0176 327.2710 0007368  37.7999 322.3366 14.38223675951728
1 25114U 97084C   16059.14398259  .00000331  00000-0  15429-3 0  9994,2 25114  45.0174 321.0132 0007303  45.1949 314.9492 14.38224859951916
1 25114U 97084C   16059.83861106 +.00000362 +00000-0 +16444-3 0  9998,2 25114 045.0173 317.7195 0007270 049.0573 311.0903 14.38225748952021
1 25114U 97084C   16060.81109018  .00000311  00000-0  14779-3 0  9998,2 25114  45.0172 313.1084 0007230  54.5712 305.5810 14.38226486952158
1 25114U 97084C   16061.85303133  .00000363  00000-0  16503-3 0  9991,2 25114  45.0170 308.1677 0007194  60.5163 299.6403 14.38227762952300
1 25114U 97084C   16061.92249398 +.00000320 +00000-0 +15088-3 0  9991,2 25114 045.0170 307.8384 0007192 060.9465 299.2103 14.38227620952326
1 25114U 97084C   16063.03389697  .00000360  00000-0  16383-3 0  9995,2 25114  45.0168 302.5685 0007168  67.2556 292.9050 14.38228826952479
1 25114U 97084C   16064.21476103  .00000369  00000-0  16674-3 0  9997,2 25114  45.0165 296.9691 0007147  73.9974 286.1661 14.38230121952647
1 25114U 97084C   16065.46508650  .00000437  00000-0  18889-3 0  9994,2 25114  45.0163 291.0401 0007138  81.3329 278.8328 14.38231791952829
1 25114U 97084C   16066.50702311  .00000448  00000-0  19239-3 0  9992,2 25114  45.0162 286.0994 0007137  87.3582 272.8083 14.38233029952979
1 25114U 97084C   16066.71541027 +.00000461 +00000-0 +19665-3 0  9998,2 25114 045.0162 285.1112 0007141 088.6115 271.5551 14.38233356953017
1 25114U 97084C   16067.68788284  .00000519  00000-0  21556-3 0  9999,2 25114  45.0161 280.4998 0007152  94.1955 265.9711 14.38234922953141
1 25114U 97084C   16069.07712775  .00000491  00000-0  20653-3 0  9992,2 25114  45.0159 273.9124 0007182 102.0518 258.1136 14.38236609953344
1 25114U 97084C   16070.39690840  .00000487  00000-0  20537-3 0  9993,2 25114  45.0158 267.6539 0007206 109.7218 250.4409 14.38238391953530
1 25114U 97084C   16071.50830103  .00000480  00000-0  20298-3 0  9992,2 25114  45.0156 262.3835 0007257 116.2696 243.8899 14.38239953953699
1 25114U 97084C   16071.85561066 +.00000584 +00000-0 +23671-3 0  9992,2 25114 045.0156 260.7366 0007267 118.2624 241.8958 14.38241091953751
1 25114U 97084C   16072.82807776  .00000511  00000-0  21296-3 0  9992,2 25114  45.0155 256.1250 0007322 123.9325 236.2220 14.38242065953880
1 25114U 97084C   16072.89753964 +.00000484 +00000-0 +20433-3 0  9999,2 25114 045.0156 255.7956 0007327 124.3447 235.8096 14.38242026953900
1 25114U 97084C   16074.00892940  .00000492  00000-0  20687-3 0  9992,2 25114  45.0155 250.5251 0007390 130.6322 229.5170 14.38243502954052
1 25114U 97084C   16074.84247105 +.00000507 +00000-0 +21159-3 0  9993,2 25114 045.0155 246.5723 0007437 135.2714 224.8735 14.38244586954181
1 25114U 97084C   16075.81493495  .00000546  00000-0  22446-3 0  9999,2 25114  45.0155 241.9607 0007505 140.7644 219.3750 14.38246141954310
1 25114U 97084C   16075.88439663 +.00000545 +00000-0 +22400-3 0  9992,2 25114 045.0155 241.6313 0007510 141.1351 219.0039 14.38246233954338
1 25114U 97084C   16076.92632102  .00000519  00000-0  21573-3 0  9992,2 25114  45.0156 236.6903 0007587 146.8655 213.2670 14.38247612954475
1 25114U 97084C   16078.52393648  .00000497  00000-0  20849-3 0  9999,2 25114  45.0158 229.1143 0007709 155.6780 204.4433 14.38249722954702
1 25114U 97084C   16078.87124376 +.00000475 +00000-0 +20122-3 0  9997,2 25114 045.0159 227.4675 0007732 157.4625 202.6564 14.38250119954761
1 25114U 97084C   16079.84370377  .00000467  00000-0  19872-3 0  9990,2 25114  45.0159 222.8562 0007812 162.6883 197.4233 14.38251381954898
1 25114U 97084C   16081.16346956  .00000461  00000-0  19652-3 0  9994,2 25114  45.0160 216.5979 0007924 169.7906 190.3104 14.38253085955084
1 25114U 97084C   16081.51077603 +.00000442 +00000-0 +19057-3 0  9991,2 25114 045.0159 214.9510 0007959 171.5955 188.5028 14.38253458955132
1 25114U 97084C   16082.76107859  .00000370  00000-0  16706-3 0  9994,2 25114  45.0159 209.0221 0008068 178.1091 181.9789 14.38254699955311
1 25114U 97084C   16084.15030219  .00000391  00000-0  17381-3 0  9997,2 25114  45.0160 202.4344 0008188 185.4093 174.6668 14.38256470955518
1 25114U 97084C   16085.47006360  .00000337  00000-0  15618-3 0  9994,2 25114  45.0160 196.1760 0008311 192.0772 167.9878 14.38257550955704
1 25114U 97084C   16086.51197976  .00000328  00000-0  15331-3 0  9996,2 25114  45.0160 191.2353 0008402 197.3775 162.6787 14.38258509955852
1 25114U 97084C   16086.78982387 +.00000329 +00000-0 +15344-3 0  9998,2 25114 045.0160 189.9178 0008433 198.6464 161.4076 14.38258800955902
1 25114U 97084C   16087.69281701  .00000321  00000-0  15102-3 0  9995,2 25114  45.0160 185.6357 0008512 203.1219 156.9247 14.38259681956023
1 25114U 97084C   16089.15149683  .00000320  00000-0  15081-3 0  9995,2 25114  45.0161 178.7187 0008642 210.3314 149.7036 14.38261258956230
1 25114U 97084C   16090.19341036  .00000306  00000-0  14593-3 0  9998,2 25114  45.0161 173.7781 0008719 215.3725 144.6545 14.38262229956385
1 25114U 97084C   16091.23532307  .00000331  00000-0  15426-3 0  9991,2 25114  45.0160 168.8374 0008795 220.3611 139.6586 14.38263416956536
1 25114U 97084C   16092.48561748  .00000326  00000-0  15267-3 0  9997,2 25114  45.0159 162.9085 0008880 226.2986 133.7127 14.38264642956711
1 25114U 97084C   16092.69399977 +.00000325 +00000-0 +15217-3 0  9997,2 25114 045.0158 161.9204 0008891 227.2918 132.7182 14.38264857956752
1 25114U 97084C   16093.66645026  .00000309  00000-0  14692-3 0  9992,2 25114  45.0157 157.3089 0008946 231.9006 128.1037 14.38265758956885
1 25114U 97084C   16095.19458552  .00000295  00000-0  14237-3 0  9997,2 25114  45.0156 150.0622 0009022 239.1949 120.8012 14.38267247957102
1 25114U 97084C   16096.44487947  .00000293  00000-0  14191-3 0  9993,2 25114  45.0156 144.1326 0009070 244.3535 115.6377 14.38261958957287
1 25114U 97084C   16097.48679338  .00000304  00000-0  14535-3 0  9990,2 25114  45.0157 139.1923 0009090 249.8207 110.1664 14.38263161957437
1 25114U 97084C   16098.45925223  .00000118  00000-0  38294-4 0  9997,2 25114  45.0148 134.5807 0009265 252.3340 107.6988 14.38266018957577
1 25114U 97084C   16098.52870653  .00000314  00000-0  14869-3 0  9990,2 25114  45.0156 134.2514 0009125 254.7566 105.2274 14.38264125957589
1 25114U 97084C   16100.12630543  .00000283  00000-0  13873-3 0  9991,2 25114  45.0157 126.6753 0009170 262.1691  97.8117 14.38265520957810
1 25114U 97084C   16101.16821732  .00000251  00000-0  12809-3 0  9991,2 25114  45.0157 121.7344 0009176 266.9519  93.0280 14.38266305957966
1 25114U 97084C   16102.48797187  .00000248  00000-0  12723-3 0  9994,2 25114  45.0156 115.4759 0009173 273.0509  86.9290 14.38267347958151
1 25114U 97084C   16103.52988277  .00000321  00000-0  15103-3 0  9999,2 25114  45.0156 110.5348 0009168 277.8294  82.1514 14.38268553958302
1 25114U 97084C   16105.12747814  .00000360  00000-0  16351-3 0  9996,2 25114  45.0156 102.9584 0009143 285.1304  74.8533 14.38270180958539
1 25114U 97084C   16106.16938747  .00000328  00000-0  15328-3 0  9995,2 25114  45.0158  98.0175 0009110 290.0478  69.9390 14.38271001958688
1 25114U 97084C   16107.41967814  .00000314  00000-0  14859-3 0  9994,2 25114  45.0159  92.0884 0009062 295.9824  64.0090 14.38272055958868
1 25114U 97084C   16108.46158608  .00000364  00000-0  16499-3 0  9990,2 25114  45.0161  87.1475 0009023 300.7901  59.2059 14.38273360959019
1 25114U 97084C   16110.12863769  .00000356  00000-0  16223-3 0  9993,2 25114  45.0164  79.2421 0008933 308.6636  51.3413 14.38274985959253
1 25114U 97084C   16111.17054413  .00000280  00000-0  13776-3 0  9993,2 25114  45.0165  74.3013 0008870 313.5299  46.4812 14.38275658959400
1 25114U 97084C   16112.21245006  .00000254  00000-0  12924-3 0  9994,2 25114  45.0166  69.3605 0008802 318.5328  41.4852 14.38276544959555
1 25114U 97084C   16113.32381581  .00000254  00000-0  12926-3 0  9998,2 25114  45.0168  64.0903 0008724 323.8836  36.1422 14.38277549959714
1 25114U 97084C   16113.87949855 +.00000227 +00000-0 +12046-3 0  9995,2 25114 045.0169 061.4551 0008687 326.5400 033.4899 14.38277837959808
1 25114U 97084C   16115.19924433  .00000263  00000-0  13208-3 0  9998,2 25114  45.0170  55.1968 0008579 333.0192  27.0210 14.38279084959984
1 25114U 97084C   16116.24114828  .00000251  00000-0  12828-3 0  9998,2 25114  45.0171  50.2560 0008495 338.1837  21.8649 14.38279870960138
1 25114U 97084C   16116.65790968 +.00000241 +00000-0 +12493-3 0  9995,2 25114 045.0172 048.2796 0008464 340.2121 019.8398 14.38280159960201
1 25114U 97084C   16117.63035240  .00000235  00000-0  12301-3 0  9990,2 25114  45.0174  43.6682 0008378 345.0936  14.9665 14.38281021960333
1 25114U 97084C   16117.90819312 +.00000230 +00000-0 +12132-3 0  9997,2 25114 045.0174 042.3506 0008347 346.4909 013.5715 14.38281233960386
1 25114U 97084C   16118.81117498  .00000248  00000-0  12722-3 0  9998,2 25114  45.0175  38.0688 0008273 350.9981   9.0718 14.38282150960504
1 25114U 97084C   16118.88063511 +.00000248 +00000-0 +12709-3 0  9996,2 25114 045.0175 037.7394 0008263 351.3553 008.7152 14.38282212960522
1 25114U 97084C   16120.13091410  .00000278  00000-0  13682-3 0  9990,2 25114  45.0177  31.8112 0008243 357.6305   2.4503 14.38291344960694
1 25114U 97084C   16121.17280877  .00000286  00000-0  13973-3 0  9994,2 25114  45.0176  26.8701 0008082   2.9464 357.1431 14.38292563960849
1 25114U 97084C   16121.79794548 +.00000284 +00000-0 +13881-3 0  9993,2 25114 045.0176 023.9056 0008034 006.2555 353.8393 14.38293069960948
1 25114U 97084C   16122.83983894  .00000326  00000-0  15245-3 0  9996,2 25114  45.0176  18.9647 0007934  11.7032 348.4000 14.38294305961082
1 25114U 97084C   16124.09010992  .00000334  00000-0  15528-3 0  9999,2 25114  45.0175  13.0357 0007824  18.4551 341.6580 14.38295642961266
1 25114U 97084C   16125.47929811  .00000357  00000-0  16271-3 0  9992,2 25114  45.0175   6.4478 0007709  25.8997 334.2236 14.38297293961466
1 25114U 97084C   16125.75713560 +.00000350 +00000-0 +16052-3 0  9995,2 25114 045.0175 005.1302 0007680 027.4494 332.6759 14.38297552961512
1 25114U 97084C   16126.72956625  .00000339  00000-0  15673-3 0  9999,2 25114  45.0174   0.5186 0007601  32.8780 327.2540 14.38298560961643
1 25114U 97084C   16128.04929218  .00000325  00000-0  15230-3 0  9998,2 25114  45.0173 354.2602 0007517  40.2684 319.8720 14.38300036961836
1 25114U 97084C   16129.50793445  .00000364  00000-0  16506-3 0  9991,2 25114  45.0173 347.3429 0007426  48.3629 311.7855 14.38302040962044
1 25114U 97084C   16129.71631177 +.00000360 +00000-0 +16375-3 0  9997,2 25114 045.0173 346.3548 0007420 049.5660 310.5835 14.38302285962087
1 25114U 97084C   16130.68873856  .00000304  00000-0  14539-3 0  9995,2 25114  45.0172 341.7432 0007360  55.1497 305.0042 14.38303160962218
1 25114U 97084C   16132.00845933  .00000373  00000-0  16793-3 0  9998,2 25114  45.0171 335.4848 0007308  62.7147 297.4445 14.38305060962409
1 25114U 97084C   16132.84196651 +.00000341 +00000-0 +15755-3 0  9998,2 25114 045.0169 331.5319 0007279 067.4784 292.6835 14.38305815962534
1 25114U 97084C   16133.53655538  .00000316  00000-0  14926-3 0  9990,2 25114  45.0168 328.2377 0007252  71.4264 288.7371 14.38306435962629
1 25114U 97084C   16133.81439081 +.00000307 +00000-0 +14630-3 0  9996,2 25114 045.0169 326.9201 0007253 072.7721 287.3921 14.38306714962675
1 25114U 97084C   16134.64789648  .00000303  00000-0  14513-3 0  9991,2 25114  45.0168 322.9673 0007220  77.8227 282.3430 14.38307665962782
1 25114U 97084C   16134.92573169 +.00000287 +00000-0 +13997-3 0  9997,2 25114 045.0168 321.6497 0007218 079.4136 280.7525 14.38307860962836
1 25114U 97084C   16135.82869535  .00000292  00000-0  14158-3 0  9998,2 25114  45.0169 317.3673 0007191  84.8271 275.3398 14.38308851962957
1 25114U 97084C   16135.89815406 +.00000292 +00000-0 +14164-3 0  9990,2 25114 045.0168 317.0379 0007195 085.3526 274.8144 14.38308929962970
1 25114U 97084C   16137.49570351  .00000366  00000-0  16551-3 0  9999,2 25114  45.0169 309.4616 0007172  94.7275 265.4392 14.38310863963196
1 25114U 97084C   16137.63462082 +.00000367 +00000-0 +16605-3 0  9997,2 25114 045.0169 308.8028 0007175 095.5199 264.6468 14.38310996963229
1 25114U 97084C   16138.81541674  .00000382  00000-0  17067-3 0  9993,2 25114  45.0169 303.2030 0007185 102.7888 257.3764 14.38312239963385
1 25114U 97084C   16140.41296267  .00000291  00000-0  14130-3 0  9994,2 25114  45.0168 295.6267 0007223 111.8714 248.2903 14.38313341963617
1 25114U 97084C   16141.45483934  .00000283  00000-0  13854-3 0  9991,2 25114  45.0168 290.6860 0007254 117.4857 242.6729 14.38314359963765
1 25114U 97084C   16142.49671520  .00000272  00000-0  13504-3 0  9996,2 25114  45.0168 285.7451 0007292 123.4436 236.7111 14.38315255963910
1 25114U 97084C   16143.53859034  .00000276  00000-0  13629-3 0  9992,2 25114  45.0166 280.8041 0007352 129.4166 230.7334 14.38316150964065
1 25114U 97084C   16143.88588191 +.00000267 +00000-0 +13336-3 0  9998,2 25114 045.0166 279.1571 0007372 131.3161 228.8323 14.38316395964127
1 25114U 97084C   16144.71938137  .00000254  00000-0  12909-3 0  9991,2 25114  45.0165 275.2042 0007428 136.0859 224.0581 14.38316974964233
1 25114U 97084C   16146.45583708  .00000184  00000-0  10630-3 0  9995,2 25114  45.0165 266.9690 0007542 145.9439 214.1895 14.38317995964488
1 25114U 97084C   16147.49770972  .00000178  00000-0  10432-3 0  9994,2 25114  45.0165 262.0280 0007621 151.5523 208.5743 14.38318737964636
1 25114U 97084C   16147.56716789 +.00000178 +00000-0 +10436-3 0  9992,2 25114 045.0165 261.6986 0007628 151.9193 208.2068 14.38318781964656
1 25114U 97084C   16148.53958182  .00000175  00000-0  10322-3 0  9996,2 25114  45.0165 257.0870 0007692 157.2043 202.9148 14.38319422964788
1 25114U 97084C   16149.78982758  .00000177  00000-0  10390-3 0  9997,2 25114  45.0164 251.1580 0007786 163.8507 196.2591 14.38320269964960
1 25114U 97084C   16151.17898827  .00000192  00000-0  10898-3 0  9996,2 25114  45.0163 244.5701 0007870 171.3112 188.7874 14.38321411965163
1 25114U 97084C   16152.22085808  .00000171  00000-0  10217-3 0  9992,2 25114  45.0161 239.6291 0007957 176.7701 183.3200 14.38322098965312
1 25114U 97084C   16152.63760582 +.00000170 +00000-0 +10178-3 0  9991,2 25114 045.0161 237.6528 0008003 178.9469 181.1398 14.38322414965384
1 25114U 97084C   16153.54055908  .00000176  00000-0  10365-3 0  9995,2 25114  45.0160 233.3706 0008078 183.6061 176.4730 14.38323070965507
1 25114U 97084C   16153.61001701 +.00000176 +00000-0 +10377-3 0  9998,2 25114 045.0160 233.0412 0008081 183.9762 176.1023 14.38323118965520
1 25114U 97084C   16154.72134351  .00000198  00000-0  11089-3 0  9994,2 25114  45.0158 227.7706 0008176 189.6158 170.4535 14.38323971965678
1 25114U 97084C   16156.17995858  .00000224  00000-0  11910-3 0  9995,2 25114  45.0156 220.8529 0008294 197.0436 163.0135 14.38325099965886
1 25114U 97084C   16157.22182597  .00000200  00000-0  11147-3 0  9996,2 25114  45.0155 215.9118 0008370 202.1960 157.8527 14.38325712966035
1 25114U 97084C   16158.47206610  .00000196  00000-0  11015-3 0  9995,2 25114  45.0155 209.9826 0008464 208.2899 151.7490 14.38326603966218
1 25114U 97084C   16158.61098166 +.00000193 +00000-0 +10923-3 0  9990,2 25114 045.0154 209.3238 0008469 208.9611 151.0768 14.38326684966245
1 25114U 97084C   16159.51393265  .00000160  00000-0  98407-4 0  9996,2 25114  45.0154 205.0415 0008528 213.3094 146.7219 14.38327061966361
1 25114U 97084C   16161.18091821  .00000137  00000-0  90766-4 0  9999,2 25114  45.0152 197.1356 0008643 221.3107 138.7088 14.38327934966607
1 25114U 97084C   16162.50061456  .00000114  00000-0  83451-4 0  9995,2 25114  45.0150 190.8770 0008711 227.5117 132.4996 14.38328609966799
1 25114U 97084C   16162.91736060 +.00000117 +00000-0 +84411-4 0  9990,2 25114 045.0150 188.9004 0008736 229.5075 130.5013 14.38328887966864
1 25114U 97084C   16163.54247971  .00000106  00000-0  80886-4 0  9998,2 25114  45.0149 185.9358 0008767 232.4130 127.5923 14.38329185966947
1 25114U 97084C   16163.88976802 +.00000102 +00000-0 +79478-4 0  9998,2 25114 045.0149 184.2886 0008785 234.0609 125.9425 14.38329358967003
1 25114U 97084C   16165.07054842  .00000084  00000-0  73560-4 0  9997,2 25114  45.0148 178.6885 0008832 239.6682 120.3294 14.38329768967168
1 25114U 97084C   16166.11241342  .00000083  00000-0  73508-4 0  9997,2 25114  45.0149 173.7473 0008870 244.4779 115.5152 14.38330132967314
1 25114U 97084C   16167.15427825  .00000076  00000-0  71192-4 0  9993,2 25114  45.0150 168.8060 0008898 249.2301 110.7595 14.38330477967463
1 25114U 97084C   16168.40451557  .00000090  00000-0  75572-4 0  9993,2 25114  45.0150 162.8767 0008906 255.0638 104.9225 14.38331128967648
1 25114U 97084C   16168.89071878 +.00000077 +00000-0 +71472-4 0  9990,2 25114 045.0151 160.5707 0008923 257.2798 102.7054 14.38331323967720
1 25114U 97084C   16169.79366757  .00000061  00000-0  66137-4 0  9998,2 25114  45.0152 156.2884 0008931 261.3682  98.6155 14.38331730967846
1 25114U 97084C   16169.93258278 +.00000060 +00000-0 +66028-4 0  9990,2 25114 045.0152 155.6296 0008932 261.9932 097.9903 14.38331785967877
1 25114U 97084C   16170.83553151  .00000076  00000-0  70926-4 0  9998,2 25114  45.0153 151.3473 0008914 266.1767  93.8063 14.38332308967998
1 25114U 97084C   16170.90498909 +.00000076 +00000-0 +71164-4 0  9990,2 25114 045.0153 151.0179 0008916 266.4867 093.4961 14.38332346968013
1 25114U 97084C   16172.15522555  .00000076  00000-0  71112-4 0  9997,2 25114  45.0154 145.0886 0008902 272.1581  87.8248 14.38332906968189
1 25114U 97084C   16173.33600419  .00000070  00000-0  69112-4 0  9995,2 25114  45.0154 139.4886 0008870 277.5357  82.4484 14.38333409968351
1 25114U 97084C   16173.89166463 +.00000060 +00000-0 +65887-4 0  9996,2 25114 045.0155 136.8532 0008861 280.0671 079.9178 14.38333605968448
1 25114U 97084C   16174.79461271  .00000050  00000-0  62564-4 0  9999,2 25114  45.0156 132.5709 0008833 284.2029  75.7838 14.38333991968568
1 25114U 97084C   16174.93352772 +.00000054 +00000-0 +63915-4 0  9995,2 25114 045.0156 131.9120 0008825 284.7776 075.2095 14.38334094968591
1 25114U 97084C   16175.90593313  .00000060  00000-0  66034-4 0  9993,2 25114  45.0157 127.3002 0008778 289.1793  70.8106 14.38334575968728
1 25114U 97084C   16175.90593314 +.00000062 +00000-0 +66373-4 0  9992,2 25114 045.0157 127.3002 0008774 289.1848 070.8051 14.38334584968735
1 25114U 97084C   16177.15616847  .00000090  00000-0  75782-4 0  9993,2 25114  45.0160 121.3709 0008716 295.0139  64.9804 14.38335279968903
1 25114U 97084C   16178.19803092  .00000102  00000-0  79483-4 0  9994,2 25114  45.0161 116.4298 0008653 299.7853  60.2135 14.38335808969057
1 25114U 97084C   16179.23989301  .00000105  00000-0  80643-4 0  9991,2 25114  45.0163 111.4887 0008592 304.6187  55.3851 14.38336386969205
1 25114U 97084C   16180.28175477  .00000084  00000-0  73675-4 0  9992,2 25114  45.0165 106.5477 0008524 309.4815  50.5279 14.38336896969356
1 25114U 97084C   16180.83741424 +.00000070 +00000-0 +69305-4 0  9994,2 25114 045.0166 103.9124 0008489 312.0180 047.9945 14.38337146969441
1 25114U 97084C   16181.74036077  .00000064  00000-0  67354-4 0  9991,2 25114  45.0167  99.6302 0008429 316.1706  43.8473 14.38337604969567
1 25114U 97084C   16181.87927562 +.00000061 +00000-0 +66373-4 0  9990,2 25114 045.0167 098.9714 0008412 316.8477 043.1712 14.38337672969597
1 25114U 97084C   16182.78222202  .00000069  00000-0  68780-4 0  9992,2 25114  45.0168  94.6891 0008335 321.1096  38.9153 14.38338119969719
1 25114U 97084C   16182.85167943 +.00000068 +00000-0 +68606-4 0  9996,2 25114 045.0168 094.3597 0008322 321.4527 038.5727 14.38338161969739
1 25114U 97084C   16183.82408296  .00000091  00000-0  76010-4 0  9997,2 25114  45.0168  89.7480 0008251 326.0855  33.9465 14.38338724969861
1 25114U 97084C   16183.89354035 +.00000080 +00000-0 +72559-4 0  9997,2 25114 045.0168 089.4186 0008248 326.4072 033.6253 14.38338699969887
1 25114U 97084C   16185.14377304  .00000093  00000-0  76655-4 0  9996,2 25114  45.0168  83.4894 0008129 332.5006  27.5411 14.38339368970053
1 25114U 97084C   16186.18563327  .00000067  00000-0  68280-4 0  9999,2 25114  45.0169  78.5482 0008027 337.5897  22.4600 14.38339750970208
1 25114U 97084C   16187.50532248  .00000059  00000-0  65538-4 0  9998,2 25114  45.0171  72.2895 0007907 344.0265  16.0334 14.38340321970397
1 25114U 97084C   16187.78315177 +.00000058 +00000-0 +65404-4 0  9999,2 25114 045.0171 070.9719 0007872 345.4315 014.6306 14.38340433970442
1 25114U 97084C   16189.10284056  .00000083  00000-0  73573-4 0  9992,2 25114  45.0172  64.7133 0007750 352.0265   8.0460 14.38341071970624
1 25114U 97084C   16190.49198569  .00000111  00000-0  82463-4 0  9999,2 25114  45.0172  58.1253 0007612 358.9550   1.1281 14.38341886970824
1 25114U 97084C   16190.76981460 +.00000108 +00000-0 +81653-4 0  9995,2 25114 045.0172 056.8077 0007576 000.4041 359.6812 14.38342039970873
1 25114U 97084C   16191.81167256  .00000131  00000-0  88918-4 0  9998,2 25114  45.0172  51.8666 0007474   5.7670 354.3263 14.38342821971013
1 25114U 97084C   16191.88112972 +.00000137 +00000-0 +90901-4 0  9991,2 25114 045.0172 051.5372 0007471 006.1223 353.9716 14.38342904971032
1 25114U 97084C   16192.99244432  .00000146  00000-0  94002-4 0  9997,2 25114  45.0172  46.2668 0007362  11.9804 348.1219 14.38343674971184
1 25114U 97084C   16193.68701569 +.00000158 +00000-0 +97857-4 0  9997,2 25114 045.0172 042.9726 0007287 015.5745 344.5327 14.38344150971294
1 25114U 97084C   16194.79832917  .00000209  00000-0  11436-3 0  9997,2 25114  45.0172  37.7020 0007187  21.4473 338.6676 14.38345144971448
1 25114U 97084C   16194.93724339 +.00000199 +00000-0 +11101-3 0  9998,2 25114 045.0172 037.0433 0007178 022.2081 337.9078 14.38345153971474
1 25114U 97084C   16195.97909906  .00000205  00000-0  11323-3 0  9992,2 25114  45.0172  32.1020 0007075  27.8767 332.2460 14.38345912971612
1 25114U 97084C   16197.50715289  .00000213  00000-0  11586-3 0  9992,2 25114  45.0172  24.8547 0006949  36.1412 323.9905 14.38347073971838
1 25114U 97084C   16197.92389448 +.00000164 +00000-0 +99639-4 0  9993,2 25114 045.0172 022.8783 0006910 038.5932 321.5409 14.38347178971906
1 25114U 97084C   16198.82683459  .00000171  00000-0  10190-3 0  9994,2 25114  45.0174  18.5960 0006821  43.7504 316.3884 14.38347853972024
1 25114U 97084C   16198.89629151 +.00000171 +00000-0 +10191-3 0  9991,2 25114 045.0174 018.2666 0006820 044.1341 316.0050 14.38347903972047
1 25114U 97084C   16199.93814490  .00000175  00000-0  10319-3 0  9995,2 25114  45.0174  13.3255 0006729  50.0978 310.0461 14.38348612972180
1 25114U 97084C   16201.46619546  .00000135  00000-0  90464-4 0  9998,2 25114  45.0174   6.0785 0006623  58.7526 301.3970 14.38349365972403
1 25114U 97084C   16202.50804723  .00000182  00000-0  10561-3 0  9998,2 25114  45.0174   1.1374 0006569  64.7587 295.3942 14.38350341972559
1 25114U 97084C   16202.57750401 +.00000181 +00000-0 +10534-3 0  9997,2 25114 045.0175 000.8079 0006575 065.1013 295.0518 14.38350382972577
1 25114U 97084C   16203.61935524  .00000146  00000-0  93837-4 0  9993,2 25114  45.0175 355.8668 0006533  71.0929 289.0627 14.38350890972714
1 25114U 97084C   16203.89718212 +.00000133 +00000-0 +89660-4 0  9991,2 25114 045.0174 354.5492 0006532 072.6741 287.4822 14.38351007972767
1 25114U 97084C   16204.80011933  .00000125  00000-0  87206-4 0  9994,2 25114  45.0175 350.2669 0006492  77.9497 282.2079 14.38351487972880
1 25114U 97084C   16204.86957600 +.00000122 +00000-0 +86013-4 0  9992,2 25114 045.0174 349.9375 0006491 078.3489 281.8088 14.38351516972904
1 25114U 97084C   16205.84196941  .00000122  00000-0  86075-4 0  9992,2 25114  45.0175 345.3257 0006464  84.0074 276.1511 14.38352039973032
1 25114U 97084C   16207.16164525  .00000156  00000-0  97211-4 0  9993,2 25114  45.0175 339.0668 0006424  91.7620 268.3964 14.38352965973220
1 25114U 97084C   16208.48132049  .00000089  00000-0  75497-4 0  9992,2 25114  45.0175 332.8080 0006420  99.5225 260.6350 14.38353313973415
1 25114U 97084C   16209.52316407  .00000010  00000-0  49554-4 0  9999,2 25114  45.0176 327.8672 0006427 105.3861 254.7698 14.38360872973569
1 25114U 97084C   16209.80098881 +.00000007 +00000-0 +48797-4 0  9997,2 25114 045.0176 326.5496 0006429 106.9560 253.1994 14.38361027973615
1 25114U 97084C   16210.56500678  .00000056  00000-0  64768-4 0  9994,2 25114  45.0176 322.9261 0006434 111.4360 248.7176 14.38361364973717
1 25114U 97084C   16211.74576128  .00000073  00000-0  70006-4 0  9999,2 25114  45.0174 317.3263 0006460 118.1949 241.9552 14.38361941973883
1 25114U 97084C   16212.78760298  .00000067  00000-0  68056-4 0  9992,2 25114  45.0173 312.3852 0006485 124.2401 235.9062 14.38362332974031
1 25114U 97084C   16214.45454872  .00000061  00000-0  66145-4 0  9997,2 25114  45.0170 304.4792 0006542 133.8887 226.2503 14.38363018974272
1 25114U 97084C   16215.49638924  .00000056  00000-0  64545-4 0  9990,2 25114  45.0169 299.5380 0006591 139.7419 220.3918 14.38363452974421
1 25114U 97084C   16215.70475730 +.00000057 +00000-0 +64988-4 0  9990,2 25114 045.0168 298.5498 0006604 140.8511 219.2817 14.38363555974463
1 25114U 97084C   16216.67714128  .00000077  00000-0  71577-4 0  9998,2 25114  45.0167 293.9379 0006654 146.2800 213.8473 14.38364075974595
1 25114U 97084C   16217.71898079  .00000105  00000-0  80395-4 0  9992,2 25114  45.0166 288.9967 0006712 151.9876 208.1335 14.38364676974740
1 25114U 97084C   16219.17755524  .00000111  00000-0  82412-4 0  9990,2 25114  45.0164 282.0789 0006807 159.9440 200.1677 14.38365418974954
1 25114U 97084C   16220.21939354  .00000100  00000-0  78742-4 0  9991,2 25114  45.0162 277.1377 0006876 165.5024 194.6022 14.38365958975105
1 25114U 97084C   16221.53905472  .00000092  00000-0  76265-4 0  9999,2 25114  45.0160 270.8789 0006963 172.4662 187.6292 14.38366679975294
1 25114U 97084C   16223.13653844  .00000113  00000-0  83245-4 0  9990,2 25114  45.0157 263.3022 0007072 180.7588 179.3250 14.38367597975526
1 25114U 97084C   16224.17837512  .00000149  00000-0  94816-4 0  9996,2 25114  45.0155 258.3608 0007145 186.0525 174.0238 14.38368297975671
1 25114U 97084C   16224.52565400 +.00000148 +00000-0 +94586-4 0  9992,2 25114 045.0155 256.7137 0007166 187.7849 172.2890 14.38368447975738
1 25114U 97084C   16225.49803431 +.00000170 +00000-0 +10166-3 0  9994,2 25114 045.0154 252.1017 0007238 192.6109 167.4559 14.38369110975868
1 25114U 97084C   16226.53987013 +.00000153 +00000-0 +96035-4 0  9990,2 25114 045.0153 247.1603 0007298 197.7546 162.3049 14.38369591976018
1 25114U 97084C   16227.51224978 +.00000130 +00000-0 +88672-4 0  9996,2 25114 045.0153 242.5483 0007362 202.4800 157.5727 14.38370023976169
1 25114U 97084C   16228.06789515  .00000132  00000-0  89343-4 0  9998,2 25114  45.0153 239.9127 0007399 205.2121 154.8367 14.38370325976234
1 25114U 97084C   16229.10972997  .00000141  00000-0  92041-4 0  9991,2 25114  45.0153 234.9714 0007459 210.2106 149.8313 14.38370922976381
1 25114U 97084C   16230.15156445  .00000143  00000-0  92847-4 0  9996,2 25114  45.0153 230.0300 0007522 215.1069 144.9284 14.38371502976537
1 25114U 97084C   16231.40176540  .00000109  00000-0  81915-4 0  9999,2 25114  45.0152 224.1005 0007574 220.9545 139.0735 14.38372046976712
1 25114U 97084C   16232.44359911  .00000092  00000-0  76398-4 0  9999,2 25114  45.0152 219.1591 0007615 225.7823 134.2401 14.38372564976862
1 25114U 97084C   16232.92978807 +.00000085 +00000-0 +74011-4 0  9995,2 25114 045.0152 216.8530 0007639 228.0619 131.9579 14.38372779976941
1 25114U 97084C   16234.17998799  .00000098  00000-0  78313-4 0  9999,2 25114  45.0152 210.9232 0007687 233.7436 126.2702 14.38373498977112
1 25114U 97084C   16235.43018758  .00000118  00000-0  84595-4 0  9999,2 25114  45.0152 204.9935 0007703 239.4151 120.5938 14.38374201977291
1 25114U 97084C   16236.88875309  .00000123  00000-0  86151-4 0  9998,2 25114  45.0154 198.0754 0007731 246.0000 114.0039 14.38375013977509
1 25114U 97084C   16236.95820857 +.00000120 +00000-0 +85223-4 0  9990,2 25114 045.0154 197.7460 0007733 246.2870 113.7167 14.38375045977523
1 25114U 97084C   16238.20840688  .00000109  00000-0  81914-4 0  9994,2 25114  45.0156 191.8163 0007749 251.8373 108.1632 14.38375777977692
1 25114U 97084C   16239.31969411  .00000106  00000-0  80888-4 0  9999,2 25114  45.0158 186.5456 0007738 256.8092 103.1893 14.38376393977858
1 25114U 97084C   16239.66697127 +.00000102 +00000-0 +79616-4 0  9992,2 25114 045.0159 184.8985 0007746 258.3892 101.6087 14.38376561977913
1 25114U 97084C   16240.84771348  .00000119  00000-0  84897-4 0  9997,2 25114  45.0159 179.2983 0007738 263.6028  96.3940 14.38377270978074
1 25114U 97084C   16240.91716886 +.00000119 +00000-0 +84935-4 0  9994,2 25114 045.0159 178.9689 0007737 263.8994 096.0973 14.38377323978090
1 25114U 97084C   16241.88954427  .00000139  00000-0  91450-4 0  9998,2 25114  45.0160 174.3571 0007729 268.2156  91.7808 14.38378042978225
1 25114U 97084C   16243.20919621  .00000158  00000-0  97770-4 0  9995,2 25114  45.0159 168.0983 0007679 274.1221  85.8749 14.38379010978418
1 25114U 97084C   16244.25102611  .00000173  00000-0  10263-3 0  9992,2 25114  45.0160 163.1570 0007652 278.6830  81.3152 14.38379800978566
1 25114U 97084C   16244.80666874 +.00000170 +00000-0 +10163-3 0  9995,2 25114 045.0160 160.5215 0007634 281.1544 078.8446 14.38380090978654
1 25114U 97084C   16245.77904281  .00000217  00000-0  11686-3 0  9992,2 25114  45.0160 155.9096 0007593 285.4194  74.5816 14.38380957978781
1 25114U 97084C   16247.23760283  .00000291  00000-0  14093-3 0  9994,2 25114  45.0160 148.9917 0007536 291.9061  68.0986 14.38382443978998
1 25114U 97084C   16247.86269971 +.00000279 +00000-0 +13713-3 0  9995,2 25114 045.0161 146.0269 0007503 294.6641 065.3426 14.38382881979093
1 25114U 97084C   16248.83507195  .00000285  00000-0  13880-3 0  9998,2 25114  45.0162 141.4149 0007434 299.0099  61.0004 14.38383845979220
1 25114U 97084C   16248.90452704 +.00000287 +00000-0 +13948-3 0  9998,2 25114 045.0162 141.0856 0007435 299.3251 060.6854 14.38383937979247
1 25114U 97084C   16250.15471920  .00000264  00000-0  13210-3 0  9996,2 25114  45.0162 135.1561 0007335 304.9780  55.0380 14.38385037979417
1 25114U 97084C   16251.47436574  .00000224  00000-0  11913-3 0  9992,2 25114  45.0162 128.8971 0007251 310.9857  49.0364 14.38386006979603
1 25114U 97084C   16252.51619126  .00000231  00000-0  12140-3 0  9995,2 25114  45.0161 123.9558 0007159 315.6774  44.3501 14.38386928979756
1 25114U 97084C   16252.72455626 +.00000229 +00000-0 +12062-3 0  9991,2 25114 045.0160 122.9675 0007134 316.5901 043.4385 14.38387103979799
1 25114U 97084C   16253.69692618  .00000224  00000-0  11900-3 0  9997,2 25114  45.0159 118.3554 0007052 321.0580  38.9760 14.38387888979926
1 25114U 97084C   16254.80820535  .00000223  00000-0  11877-3 0  9994,2 25114  45.0159 113.0845 0006962 326.2152  33.8252 14.38388845980085
1 25114U 97084C   16254.87766030 +.00000201 +00000-0 +11173-3 0  9995,2 25114 045.0159 112.7551 0006956 326.5400 033.5009 14.38388778980102
1 25114U 97084C   16255.85002920  .00000205  00000-0  11306-3 0  9997,2 25114  45.0159 108.1430 0006877 331.1180  28.9287 14.38389553980238
1 25114U 97084C   16255.91948411 +.00000207 +00000-0 +11376-3 0  9997,2 25114 045.0159 107.8136 0006874 331.4641 028.5831 14.38389618980254
1 25114U 97084C   16256.96130749  .00000212  00000-0  11517-3 0  9993,2 25114  45.0159 102.8721 0006776 336.4159  23.6378 14.38390375980398
1 25114U 97084C   16258.55876873  .00000210  00000-0  11448-3 0  9996,2 25114  45.0159  95.2949 0006646 344.0202  16.0436 14.38391522980627
1 25114U 97084C   16258.90604274 +.00000214 +00000-0 +11601-3 0  9994,2 25114 045.0159 093.6478 0006593 345.7587 014.3075 14.38391828980686
1 25114U 97084C   16259.60059042  .00000220  00000-0  11791-3 0  9996,2 25114  45.0160  90.3534 0006530 349.0562  11.0144 14.38392440980778
1 25114U 97084C   16259.87840938 +.00000221 +00000-0 +11811-3 0  9991,2 25114 045.0160 089.0358 0006494 350.4965 009.5760 14.38392706980826
1 25114U 97084C   16260.85077547  .00000214  00000-0  11594-3 0  9999,2 25114  45.0161  84.4237 0006390 355.2355   4.8432 14.38393528980954
1 25114U 97084C   16260.92023018 +.00000213 +00000-0 +11573-3 0  9997,2 25114 045.0161 084.0942 0006389 355.5965 004.4826 14.38393585980979
1 25114U 97084C   16261.96205035  .00000207  00000-0  11371-3 0  9992,2 25114  45.0162  79.1527 0006260   0.7380 359.3477 14.38394455981110
1 25114U 97084C   16263.55950714  .00000222  00000-0  11848-3 0  9996,2 25114  45.0163  71.5757 0006093   8.6931 351.4023 14.38395707981341
1 25114U 97084C   16263.83732557 +.00000225 +00000-0 +11945-3 0  9991,2 25114 045.0163 070.2579 0006053 010.1672 349.9298 14.38395917981399
1 25114U 97084C   16264.87914396  .00000247  00000-0  12656-3 0  9993,2 25114  45.0164  65.3162 0005965  15.5438 344.5593 14.38396910981532
1 25114U 97084C   16265.92096201  .00000228  00000-0  12039-3 0  9990,2 25114  45.0165  60.3747 0005882  20.9990 339.1099 14.38397624981688
1 25114U 97084C   16266.82387032 +.00000226 +00000-0 +11995-3 0  9993,2 25114 045.0167 056.0920 0005792 025.7833 334.3303 14.38398346981827
1 25114U 97084C   16267.86568718  .00000213  00000-0  11551-3 0  9994,2 25114  45.0169  51.1506 0005705  31.3517 328.7671 14.38399051981965
1 25114U 97084C   16269.18532098  .00000251  00000-0  12788-3 0  9998,2 25114  45.0172  44.8913 0005602  38.4927 321.6321 14.38400195982157
1 25114U 97084C   16270.50495352  .00000232  00000-0  12172-3 0  9993,2 25114  45.0173  38.6322 0005470  45.7442 314.3854 14.38401126982345
1 25114U 97084C   16271.75513059  .00000275  00000-0  13562-3 0  9997,2 25114  45.0174  32.7028 0005372  52.7408 307.3930 14.38402415982524
