1 25118U 97084G   14365.99773998  .00000715  00000-0  28421-3 0  9998,2 25118 045.0159 166.7325 0003818 134.9683 015.1375 14.37408162891014
1 25118U 97084G   15002.64871868  .00000665  00000-0  26776-3 0  9999,2 25118 045.0162 158.9144 0003939 144.5756 277.0823 14.37411240891256
1 25118U 97084G   15003.91527564  .00000774  00000-0  30375-3 0  9992,2 25118 045.0164 152.9166 0004020 151.2559 350.7861 14.37413274891434
1 25118U 97084G   15005.49165014  .00000929  00000-0  35495-3 0  9995,2 25118 045.0165 145.4517 0004137 160.2156 226.9886 14.37417949891652
1 25118U 97084G   15007.51056456  .00001085  00000-0  40651-3 0  9993,2 25118 045.0165 135.8913 0004278 171.1535 233.4770 14.37424103891940
1 25118U 97084G   15008.85031146  .00001176  00000-0  43681-3 0  9997,2 25118 045.0166 129.5469 0004364 177.7714 326.4047 14.37430268892146
1 25118U 97084G   15010.50149516  .00001139  00000-0  42447-3 0  9991,2 25118 045.0168 121.7278 0004500 185.4734 231.4486 14.37435092892388
1 25118U 97084G   15011.70172920  .00001151  00000-0  42854-3 0  9995,2 25118 045.0168 116.0440 0004582 191.4652 322.4103 14.37439559892550
1 25118U 97084G   15012.74685293  .00001047  00000-0  39398-3 0  9995,2 25118 045.0169 111.0948 0004649 196.3732 331.0319 14.37443077892708
1 25118U 97084G   15014.24907054  .00001133  00000-0  42247-3 0  9997,2 25118 045.0170 103.9807 0004741 202.9967 185.6138 14.37448607892910
1 25118U 97084G   15014.69202964  .00001176  00000-0  43637-3 0  9995,2 25118 045.0172 101.8831 0004828 206.4287 316.7151 14.37478695892985
1 25118U 97084G   15015.63355602  .00001966  00000-0  64976-3 0  9994,2 25118 045.0171 097.4205 0004616 209.7371 150.3687 14.37457391893127
1 25118U 97084G   15016.26712277  .00001314  00000-0  48183-3 0  9998,2 25118 045.0172 094.4233 0004909 212.6198 189.4175 14.37483244893201
1 25118U 97084G   15017.80673825  .00000734  00000-0  29001-3 0  9997,2 25118 045.0172 087.1317 0004986 219.7628 237.4209 14.37487089893432
1 25118U 97084G   15019.39933933  .00000955  00000-0  36302-3 0  9999,2 25118 045.0172 079.5890 0005033 226.9556 199.8589 14.37489825893664
1 25118U 97084G   15020.79722407  .00000575  00000-0  23736-3 0  9992,2 25118 045.0173 072.9685 0005072 233.5182 234.3130 14.37492773893861
1 25118U 97084G   15022.31647436  .00000836  00000-0  32369-3 0  9992,2 25118 045.0174 065.7730 0005091 240.3332 177.2032 14.37496465894080
1 25118U 97084G   15023.51554712  .00000704  00000-0  27986-3 0  9992,2 25118 045.0175 060.0941 0005098 245.4200 263.3188 14.37498160894252
1 25118U 97084G   15024.55566885  .00000747  00000-0  29407-3 0  9998,2 25118 045.0175 055.1680 0005096 249.9492 246.6339 14.37498617894403
1 25118U 97084G   15025.65891302  .00000644  00000-0  26001-3 0  9998,2 25118 045.0176 049.9429 0005083 254.8355 196.5681 14.37500708894560
1 25118U 97084G   15027.17836215  .00000763  00000-0  29954-3 0  9991,2 25118 045.0178 042.7466 0005048 261.3144 140.8671 14.37504936894786
1 25118U 97084G   15029.48986362  .00001237  00000-0  45608-3 0  9997,2 25118 045.0179 031.7991 0004975 271.2734 224.5756 14.37510021895115
1 25118U 97084G   15030.59379728  .00001160  00000-0  43063-3 0  9991,2 25118 045.0180 026.5708 0004926 276.1474 178.1371 14.37513952895276
1 25118U 97084G   15030.59379728  .00001160  00000-0  43063-3 0  9991,2 25118 045.0180 026.5708 0004926 276.1474 178.1371 14.37513952895276
1 25118U 97084G   15032.18643096  .00001194  00000-0  44183-3 0  9991,2 25118 045.0181 019.0280 0004820 283.7567 140.4763 14.37520358895500
1 25118U 97084G   15034.13116284  .00001094  00000-0  40870-3 0  9990,2 25118 045.0181 009.8175 0004704 292.0998 126.0203 14.37528721895783
1 25118U 97084G   15035.33022003  .00001138  00000-0  42328-3 0  9997,2 25118 045.0181 004.1387 0004620 297.4026 211.9724 14.37532872895957
1 25118U 97084G   15036.50104323  .00001293  00000-0  47447-3 0  9992,2 25118 045.0180 358.5934 0004525 302.8657 151.5280 14.37537013896123
1 25118U 97084G   15037.87852382  .00001140  00000-0  42398-3 0  9999,2 25118 045.0179 352.0693 0004392 309.6961 080.2528 14.37541744896328
1 25118U 97084G   15039.06567374  .00001104  00000-0  41202-3 0  9999,2 25118 045.0179 346.4467 0004289 315.2718 104.3060 14.37548535896494
1 25118U 97084G   15040.46357940  .00001526  00000-0  55138-3 0  9992,2 25118 045.0174 339.8215 0004361 321.7572 139.2426 14.37553080896693
1 25118U 97084G   15042.12940009  .00001247  00000-0  45922-3 0  9991,2 25118 045.0172 331.9315 0004209 329.7245 120.5831 14.37558182896939
1 25118U 97084G   15043.25571194  .00001432  00000-0  52031-3 0  9996,2 25118 045.0172 326.5968 0004107 335.3319 189.5309 14.37560186897095
1 25118U 97084G   15045.04652730  .00000596  00000-0  24383-3 0  9990,2 25118 045.0167 318.1193 0003740 345.7865 095.9238 14.37566331897357
1 25118U 97084G   15047.21144970  .00000785  00000-0  30657-3 0  9994,2 25118 045.0163 307.8649 0003551 357.9547 138.6143 14.37570468897666
1 25118U 97084G   15050.20294147  .00000726  00000-0  28686-3 0  9993,2 25118 045.0158 293.6952 0003314 015.9933 137.3424 14.37578740898093
1 25118U 97084G   15052.00742522  .00000762  00000-0  29892-3 0  9998,2 25118 045.0157 285.1475 0003182 027.9266 113.1827 14.37580700898350
1 25118U 97084G   15053.05128703  .00000828  00000-0  32045-3 0  9990,2 25118 045.0156 280.2030 0003123 034.4248 114.2156 14.37582230898504
1 25118U 97084G   15054.16368976  .00000848  00000-0  32718-3 0  9990,2 25118 045.0155 274.9336 0003059 041.7899 109.4497 14.37584764898668
1 25118U 97084G   15055.54135840  .00000866  00000-0  33299-3 0  9990,2 25118 045.0154 268.4076 0002989 052.0689 035.9447 14.37588127898866
1 25118U 97084G   15057.01418264  .00000745  00000-0  29319-3 0  9992,2 25118 045.0156 261.4300 0002959 061.9330 095.8067 14.37590685899079
1 25118U 97084G   15058.59026179  .00000805  00000-0  31281-3 0  9994,2 25118 045.0162 253.9566 0003073 064.6770 337.7026 14.37593444899295
1 25118U 97084G   15059.93054925  .00000825  00000-0  31939-3 0  9995,2 25118 045.0162 247.6076 0003023 073.8370 071.7094 14.37596016899494
1 25118U 97084G   15061.57993617  .00001179  00000-0  43626-3 0  9997,2 25118 045.0162 239.7944 0002982 084.6455 325.3359 14.37601323899723
1 25118U 97084G   15063.52459083  .00001208  00000-0  44580-3 0  9991,2 25118 045.0164 230.5827 0002977 097.3493 306.6927 14.37605904900007
1 25118U 97084G   15064.86713655  .00001049  00000-0  39332-3 0  9999,2 25118 045.0164 224.2230 0002980 107.1828 051.7852 14.37608419900202
1 25118U 97084G   15066.52438104  .00001206  00000-0  44510-3 0  9996,2 25118 045.0163 216.3724 0002996 118.6222 345.5644 14.37613685900443
1 25118U 97084G   15067.85577869  .00001287  00000-0  47184-3 0  9994,2 25118 045.0162 210.0654 0003032 127.3653 034.0382 14.37617812900638
1 25118U 97084G   15069.50035770  .00001184  00000-0  43779-3 0  9990,2 25118 045.0163 202.2747 0003102 137.5887 263.4681 14.37621717900869
1 25118U 97084G   15070.77223604  .00001093  00000-0  40765-3 0  9997,2 25118 045.0164 196.2498 0003155 145.9119 004.0592 14.37624618901059
1 25118U 97084G   15072.48937424  .00001106  00000-0  41188-3 0  9994,2 25118 045.0166 188.1157 0003247 156.4137 249.1447 14.37629062901297
1 25118U 97084G   15073.76246494  .00001060  00000-0  39673-3 0  9991,2 25118 045.0166 182.0851 0003338 163.9362 356.8492 14.37631863901484
1 25118U 97084G   15075.27933663  .00000883  00000-0  33843-3 0  9995,2 25118 045.0166 174.8995 0003452 172.5363 286.3937 14.37634275901702
1 25118U 97084G   15076.45254866  .00000803  00000-0  31187-3 0  9998,2 25118 045.0165 169.3419 0003549 178.9454 237.8162 14.37636470901877
1 25118U 97084G   15077.65118084  .00001355  00000-0  49383-3 0  9992,2 25118 045.0166 163.6638 0003628 185.0487 321.2674 14.37643342902043
1 25118U 97084G   15078.69151034  .00001345  00000-0  49069-3 0  9999,2 25118 045.0167 158.7358 0003681 191.1007 304.6823 14.37646406902194
1 25118U 97084G   15080.19957477  .00001083  00000-0  40431-3 0  9995,2 25118 045.0166 151.5913 0003836 198.1790 190.1987 14.37648949902406
1 25118U 97084G   15081.46031444  .00000971  00000-0  36739-3 0  9994,2 25118 045.0166 145.6190 0003929 204.6531 235.0639 14.37652038902593
1 25118U 97084G   15082.51298348  .00000900  00000-0  34364-3 0  9993,2 25118 045.0167 140.6322 0004002 209.8154 283.3285 14.37654525902740
1 25118U 97084G   15083.62522800  .00000938  00000-0  35636-3 0  9993,2 25118 045.0166 135.3630 0004071 215.0564 280.1595 14.37657466902906
1 25118U 97084G   15085.20688582  .00001156  00000-0  42828-3 0  9993,2 25118 045.0164 127.8699 0004175 222.3398 186.7941 14.37661887903130
1 25118U 97084G   15086.54847198  .00001269  00000-0  46523-3 0  9992,2 25118 045.0162 121.5141 0004240 228.3819 290.9769 14.37665593903323
1 25118U 97084G   15088.12406692  .00001383  00000-0  50287-3 0  9997,2 25118 045.0162 114.0495 0004315 235.3937 166.5230 14.37670369903546
1 25118U 97084G   15089.17962838  .00001513  00000-0  54559-3 0  9993,2 25118 045.0162 109.0487 0004345 240.0641 230.3273 14.37673856903708
1 25118U 97084G   15090.43694618  .00001452  00000-0  52553-3 0  9996,2 25118 045.0163 103.0921 0004384 245.5984 258.5101 14.37677069903880
1 25118U 97084G   15091.48210619  .00001510  00000-0  54462-3 0  9993,2 25118 045.0163 098.1407 0004400 250.1643 268.5616 14.37680546904030
1 25118U 97084G   15093.14277397  .00001648  00000-0  59017-3 0  9997,2 25118 045.0164 090.2731 0004418 257.0608 225.0476 14.37686754904275
1 25118U 97084G   15094.39969576  .00001395  00000-0  50663-3 0  9999,2 25118 045.0165 084.3184 0004412 262.2046 251.6267 14.37689392904454
1 25118U 97084G   15095.43467823  .00001319  00000-0  48144-3 0  9990,2 25118 045.0167 079.4151 0004422 266.6604 209.1093 14.37692251904604
1 25118U 97084G   15096.74388954  .00001234  00000-0  45365-3 0  9990,2 25118 045.0169 073.2125 0004420 272.0059 146.4149 14.37695687904793
1 25118U 97084G   15098.13463431  .00001185  00000-0  43733-3 0  9991,2 25118 045.0170 066.6235 0004385 277.6979 145.7942 14.37699455904997
1 25118U 97084G   15099.18015988  .00001014  00000-0  38102-3 0  9992,2 25118 045.0171 061.6701 0004344 282.0364 158.0489 14.37701291905147
1 25118U 97084G   15100.37319420  .00001011  00000-0  38012-3 0  9991,2 25118 045.0173 056.0178 0004295 286.9111 213.9875 14.37704517905316
1 25118U 97084G   15101.82293019  .00001065  00000-0  39765-3 0  9992,2 25118 045.0176 049.1494 0004234 292.7624 158.8727 14.37708458905524
1 25118U 97084G   15103.22242437  .00000992  00000-0  37385-3 0  9990,2 25118 045.0178 042.5192 0004154 298.5280 203.5677 14.37711449905729
1 25118U 97084G   15104.26797726  .00001019  00000-0  38247-3 0  9990,2 25118 045.0179 037.5658 0004083 302.8751 216.0053 14.37714256905876
1 25118U 97084G   15105.30705396  .00001283  00000-0  46967-3 0  9999,2 25118 045.0180 032.6430 0004011 307.0378 195.0890 14.37718563906023
1 25118U 97084G   15106.61351493  .00001410  00000-0  51119-3 0  9996,2 25118 045.0181 026.4533 0003929 312.5214 118.1372 14.37723291906212
1 25118U 97084G   15107.78844218  .00001385  00000-0  50298-3 0  9995,2 25118 045.0181 020.8868 0003839 317.5693 080.1832 14.37726696906386
1 25118U 97084G   15108.84502403  .00001506  00000-0  54273-3 0  9992,2 25118 045.0181 015.8808 0003752 322.0203 149.7150 14.37730714906534
1 25118U 97084G   15110.17436777  .00001718  00000-0  61264-3 0  9994,2 25118 045.0181 009.5828 0003627 327.9400 190.9371 14.37736507906720
1 25118U 97084G   15111.21343847  .00001971  00000-0  69517-3 0  9995,2 25118 045.0185 004.6592 0003683 334.9948 167.2178 14.37771968906873
1 25118U 97084G   15112.51983993  .00002003  00000-0  70578-3 0  9997,2 25118 045.0180 358.4708 0003554 339.7505 090.9352 14.37778365907062
1 25118U 97084G   15113.77718679  .00000939  00000-0  35588-3 0  9991,2 25118 045.0183 352.5128 0003414 345.8849 119.1414 14.37781291907245
1 25118U 97084G   15115.10774119  .00001612  00000-0  57698-3 0  9996,2 25118 045.0180 346.2078 0003214 352.4116 166.2698 14.37785973907434
1 25118U 97084G   15116.47988351  .00001356  00000-0  49282-3 0  9997,2 25118 045.0178 339.7063 0003098 359.0574 068.7692 14.37789464907623
1 25118U 97084G   15117.79805845  .00001101  00000-0  40886-3 0  9998,2 25118 045.0177 333.4605 0002979 006.5579 050.8224 14.37792582907810
1 25118U 97084G   15118.84340513  .00000997  00000-0  37469-3 0  9996,2 25118 045.0177 328.5073 0002886 012.1960 061.2075 14.37795082907973
1 25118U 97084G   15119.96221494  .00000879  00000-0  33604-3 0  9992,2 25118 045.0176 323.2060 0002767 018.6106 091.4433 14.37797344908136
1 25118U 97084G   15121.08201240  .00000781  00000-0  30373-3 0  9997,2 25118 045.0176 317.8999 0002666 025.1968 126.6308 14.37799290908294
1 25118U 97084G   15122.51699281  .00000643  00000-0  25841-3 0  9993,2 25118 045.0175 311.1002 0002516 034.3359 352.2700 14.37801493908499
1 25118U 97084G   15123.77747236  .00000598  00000-0  24350-3 0  9999,2 25118 045.0175 305.1276 0002399 042.8756 034.4118 14.37803620908686
1 25118U 97084G   15124.90388742  .00000624  00000-0  25217-3 0  9991,2 25118 045.0174 299.7902 0002302 050.5807 102.7930 14.37805677908849
1 25118U 97084G   15125.94900962  .00000670  00000-0  26725-3 0  9996,2 25118 045.0173 294.8378 0002231 057.8559 110.4219 14.37807532908990
1 25118U 97084G   15127.52385905  .00000821  00000-0  31692-3 0  9993,2 25118 045.0172 287.3752 0002125 069.6264 338.1517 14.37810966909219
1 25118U 97084G   15128.86478501  .00000863  00000-0  33062-3 0  9995,2 25118 045.0171 281.0211 0002118 078.5448 076.7584 14.37813574909413
1 25118U 97084G   15129.90404759  .00000932  00000-0  35321-3 0  9992,2 25118 045.0171 276.0965 0002099 086.0168 053.8630 14.37816046909565
1 25118U 97084G   15131.49546782  .00001330  00000-0  48396-3 0  9991,2 25118 045.0171 268.5553 0002064 098.5239 006.7669 14.37821839909793
1 25118U 97084G   15132.52611902  .00001650  00000-0  58905-3 0  9995,2 25118 045.0171 263.6714 0002060 106.3964 298.8863 14.37826422909947
1 25118U 97084G   15134.40209465  .00001814  00000-0  64284-3 0  9990,2 25118 045.0169 254.7819 0002094 119.9398 285.1513 14.37833368910219
1 25118U 97084G   15135.44285321  .00001724  00000-0  61340-3 0  9990,2 25118 045.0168 249.8503 0002123 127.3088 270.1827 14.37836596910369
1 25118U 97084G   15136.48835677  .00001590  00000-0  56912-3 0  9990,2 25118 045.0168 244.8959 0002167 134.9275 279.5617 14.37839562910512
1 25118U 97084G   15137.53360838  .00001339  00000-0  48672-3 0  9994,2 25118 045.0167 239.9428 0002208 142.2665 287.9284 14.37841905910661
1 25118U 97084G   15138.85769861  .00001138  00000-0  42079-3 0  9991,2 25118 045.0166 233.6683 0002281 151.3558 299.2907 14.37845074910857
1 25118U 97084G   15139.90306869  .00001002  00000-0  37589-3 0  9993,2 25118 045.0166 228.7146 0002348 157.6931 309.2959 14.37847463911005
1 25118U 97084G   15141.14853961  .00000816  00000-0  31479-3 0  9996,2 25118 045.0166 222.8126 0002445 165.5843 274.5344 14.37849786911187
1 25118U 97084G   15142.54836189  .00000634  00000-0  25511-3 0  9992,2 25118 045.0165 216.1792 0002554 173.9150 319.0790 14.37851870911385
1 25118U 97084G   15143.66686407  .00000492  00000-0  20852-3 0  9997,2 25118 045.0164 210.8789 0002637 180.3945 347.8826 14.37853143911549
1 25118U 97084G   15144.70563164  .00000443  00000-0  19232-3 0  9993,2 25118 045.0162 205.9564 0002720 186.0892 324.3481 14.37854540911695
1 25118U 97084G   15145.73567344  .00000331  00000-0  15542-3 0  9997,2 25118 045.0160 201.0752 0002795 191.5773 255.8121 14.37855327911840
1 25118U 97084G   15147.18605957  .00000284  00000-0  13998-3 0  9991,2 25118 045.0158 194.2019 0002905 198.9199 203.3570 14.37856716912055
1 25118U 97084G   15148.51988581  .00000333  00000-0  15627-3 0  9992,2 25118 045.0157 187.8810 0002989 205.1370 268.1012 14.37858264912246
1 25118U 97084G   15150.17516811  .00000351  00000-0  16200-3 0  9998,2 25118 045.0156 180.0366 0003106 212.8787 196.8917 14.37859873912489
1 25118U 97084G   15150.17516811  .00000351  00000-0  16200-3 0  9998,2 25118 045.0156 180.0366 0003106 212.8787 196.8917 14.37859873912489
1 25118U 97084G   15151.51030494  .00000459  00000-0  19744-3 0  9990,2 25118 045.0156 173.7095 0003171 218.8380 268.6973 14.37861696912671
1 25118U 97084G   15153.09181639  .00000302  00000-0  14605-3 0  9991,2 25118 045.0156 166.2147 0003259 225.7129 176.1439 14.37862620912905
1 25118U 97084G   15154.14745365  .00000311  00000-0  14898-3 0  9994,2 25118 045.0157 161.2121 0003305 230.0361 241.4225 14.37863781913057
1 25118U 97084G   15155.47844260  .00000452  00000-0  19519-3 0  9996,2 25118 045.0157 154.9046 0003349 235.5839 292.1692 14.37865836913245
1 25118U 97084G   15156.57656433  .00000496  00000-0  20984-3 0  9997,2 25118 045.0156 149.7005 0003386 240.0693 217.4218 14.37867231913404
1 25118U 97084G   15157.49060128  .00000603  00000-0  24479-3 0  9992,2 25118 045.0157 145.3688 0003482 243.2860 270.1726 14.37881773913533
1 25118U 97084G   15159.13951816  .00000715  00000-0  28142-3 0  9993,2 25118 045.0158 137.5542 0003478 250.0252 167.1232 14.37884564913765
1 25118U 97084G   15159.43299390 +.00000814 +00000-0 +31416-3 0  9996,2 25118 045.0158 136.1634 0003485 251.3108 246.4526 14.37885492913818
1 25118U 97084G   15160.40519556  .00000853  00000-0  32673-3 0  9993,2 25118 045.0160 131.5559 0003502 255.0172 240.1185 14.37887223913959
1 25118U 97084G   15161.91382499 +.00000969 +00000-0 +36476-3 0  9997,2 25118 045.0163 124.4062 0003510 260.7621 131.2059 14.37890175914178
1 25118U 97084G   15162.12892096  .00000972  00000-0  36572-3 0  9991,2 25118 045.0164 123.3869 0003499 261.5862 164.8846 14.37890592914207
1 25118U 97084G   15162.95888727 +.00000987 +00000-0 +37071-3 0  9999,2 25118 045.0165 119.4535 0003495 264.6643 142.2145 14.37892272914323
1 25118U 97084G   15163.39644336  .00001082  00000-0  40185-3 0  9991,2 25118 045.0166 117.3799 0003480 266.3726 247.6719 14.37893630914380
1 25118U 97084G   15163.85825361 +.00001050 +00000-0 +39152-3 0  9998,2 25118 045.0166 115.1913 0003478 268.0362 118.8482 14.37894484914458
1 25118U 97084G   15164.90345860  .00001015  00000-0  37995-3 0  9990,2 25118 045.0168 110.2380 0003458 271.9061 130.6448 14.37896554914590
1 25118U 97084G   15165.87110799 +.00000985 +00000-0 +37003-3 0  9993,2 25118 045.0169 105.6522 0003437 275.4502 100.9268 14.37898581914742
1 25118U 97084G   15166.31090564 +.00000862 +00000-0 +32981-3 0  9994,2 25118 045.0169 103.5681 0003412 277.1275 218.0379 14.37898740914802
1 25118U 97084G   15167.68833312  .00000789  00000-0  30566-3 0  9996,2 25118 045.0172 097.0402 0003353 282.2674 149.9807 14.37901117915002
1 25118U 97084G   15168.86457404  .00000698  00000-0  27590-3 0  9993,2 25118 045.0171 091.4657 0003307 286.3655 120.5355 14.37902943915173
1 25118U 97084G   15169.92117927  .00000555  00000-0  22896-3 0  9990,2 25118 045.0173 086.4583 0003256 290.1431 191.5278 14.37904081915329
1 25118U 97084G   15171.10626200  .00000479  00000-0  20408-3 0  9994,2 25118 045.0175 080.8422 0003187 294.7230 207.4275 14.37905674915492
1 25118U 97084G   15172.15061279  .00000449  00000-0  19397-3 0  9991,2 25118 045.0176 075.8930 0003129 298.7722 214.6624 14.37907003915640
1 25118U 97084G   15173.18938873  .00000442  00000-0  19188-3 0  9999,2 25118 045.0177 070.9702 0003070 302.7128 193.1249 14.37908338915797
1 25118U 97084G   15174.29222552  .00000500  00000-0  21076-3 0  9996,2 25118 045.0177 065.7437 0003009 306.7579 143.4228 14.37910278915959
1 25118U 97084G   15175.33752588  .00000598  00000-0  24299-3 0  9996,2 25118 045.0178 060.7898 0002931 310.6937 155.7125 14.37912455916100
1 25118U 97084G   15176.51070271  .00000486  00000-0  20631-3 0  9991,2 25118 045.0178 055.2299 0002847 314.9843 110.2441 14.37913587916275
1 25118U 97084G   15177.76998208  .00000456  00000-0  19637-3 0  9999,2 25118 045.0178 049.2618 0002731 319.6170 150.5834 14.37915325916455
1 25118U 97084G   15179.10106612  .00000393  00000-0  17556-3 0  9997,2 25118 045.0178 042.9533 0002586 324.4978 202.7375 14.37916795916642
1 25118U 97084G   15180.47178682  .00000287  00000-0  14106-3 0  9995,2 25118 045.0178 036.4570 0002452 329.6225 100.0319 14.37917912916836
1 25118U 97084G   15180.47178682  .00000287  00000-0  14106-3 0  9995,2 25118 045.0178 036.4570 0002452 329.6225 100.0319 14.37917912916836
1 25118U 97084G   15181.73237241  .00000241  00000-0  12590-3 0  9997,2 25118 045.0178 030.4827 0002322 334.9942 146.4172 14.37918999917025
1 25118U 97084G   15182.76205008  .00000236  00000-0  12425-3 0  9998,2 25118 045.0178 025.6027 0002223 339.4457 077.3311 14.37919968917174
1 25118U 97084G   15183.95380372  .00000240  00000-0  12537-3 0  9997,2 25118 045.0179 019.9547 0002101 344.2767 127.6107 14.37921023917347
1 25118U 97084G   15185.00657863  .00000310  00000-0  14856-3 0  9991,2 25118 045.0178 014.9653 0002028 349.2107 177.6657 14.37922135917496
1 25118U 97084G   15186.50828877  .00000598  00000-0  24292-3 0  9995,2 25118 045.0178 007.8482 0001883 355.8232 032.2269 14.37925110917702
1 25118U 97084G   15187.55356800  .00000448  00000-0  19359-3 0  9995,2 25118 045.0178 002.8941 0001753 000.8551 043.3579 14.37925407917856
1 25118U 97084G   15188.89421979  .00000535  00000-0  22220-3 0  9991,2 25118 045.0179 356.5403 0001606 007.4019 143.4689 14.37927421918053
1 25118U 97084G   15189.93325419  .00000672  00000-0  26718-3 0  9997,2 25118 045.0179 351.6159 0001502 012.6457 122.0423 14.37929403918204
1 25118U 97084G   15191.03810339  .00000381  00000-0  17175-3 0  9995,2 25118 045.0180 346.3796 0001353 018.7071 080.8277 14.37929328918368
1 25118U 97084G   15192.48694186  .00000673  00000-0  26747-3 0  9994,2 25118 045.0180 339.5130 0001218 027.5255 019.2696 14.37932986918574
1 25118U 97084G   15193.82781509  .00000544  00000-0  22515-3 0  9995,2 25118 045.0180 333.1583 0001144 036.8816 117.7538 14.37934304918766
1 25118U 97084G   15194.86657949  .00000575  00000-0  23529-3 0  9990,2 25118 045.0180 328.2353 0001085 044.7068 092.3764 14.37936100918919
1 25118U 97084G   15196.52572005  .00000531  00000-0  22078-3 0  9994,2 25118 045.0180 320.3720 0000954 058.4892 035.5843 14.37938304919153
1 25118U 97084G   15197.78916348  .00000371  00000-0  16854-3 0  9992,2 25118 045.0179 314.3840 0000877 070.7637 089.9672 14.37939251919330
1 25118U 97084G   15199.50651245  .00000292  00000-0  14238-3 0  9992,2 25118 045.0178 306.2447 0000804 089.7537 329.6009 14.37941017919578
1 25118U 97084G   15200.77206635  .00000230  00000-0  12226-3 0  9990,2 25118 045.0178 300.2469 0000789 103.8183 033.1417 14.37942009919766
1 25118U 97084G   15202.07740277  .00000156  00000-0  98016-4 0  9999,2 25118 045.0177 294.0605 0000792 118.2896 302.4164 14.37942667919954
1 25118U 97084G   15203.12163824  .00000177  00000-0  10465-3 0  9997,2 25118 045.0176 289.1115 0000825 129.8994 301.6324 14.37943540920107
1 25118U 97084G   15204.22494331  .00000175  00000-0  10407-3 0  9993,2 25118 045.0174 283.8824 0000875 141.0799 247.3560 14.37944297920262
1 25118U 97084G   15205.48524934  .00000174  00000-0  10373-3 0  9996,2 25118 045.0172 277.9093 0000952 152.0894 286.7742 14.37945248920442
1 25118U 97084G   15206.53042308  .00000153  00000-0  96953-4 0  9999,2 25118 045.0170 272.9558 0001017 160.0888 294.4708 14.37945835920592
1 25118U 97084G   15207.57580058  .00000155  00000-0  97637-4 0  9995,2 25118 045.0168 268.0011 0001086 167.8140 303.4999 14.37946492920741
1 25118U 97084G   15208.62288890  .00000197  00000-0  11134-3 0  9994,2 25118 045.0166 263.0383 0001156 175.0202 321.9157 14.37947367920893
1 25118U 97084G   15210.13385699  .00000232  00000-0  12282-3 0  9993,2 25118 045.0164 255.8768 0001265 184.3621 221.8544 14.37948643921107
1 25118U 97084G   15210.13385699  .00000232  00000-0  12282-3 0  9993,2 25118 045.0164 255.8768 0001265 184.3621 221.8544 14.37948643921107
1 25118U 97084G   15211.17892130  .00000232  00000-0  12284-3 0  9993,2 25118 045.0163 250.9235 0001340 190.0985 231.2608 14.37949483921268
1 25118U 97084G   15212.22497817  .00000292  00000-0  14235-3 0  9997,2 25118 045.0162 245.9656 0001406 195.2821 246.3660 14.37950629921413
1 25118U 97084G   15213.48813480  .00000357  00000-0  16367-3 0  9994,2 25118 045.0161 239.9787 0001476 201.2963 305.5778 14.37951977921596
1 25118U 97084G   15214.52831519  .00000364  00000-0  16605-3 0  9996,2 25118 045.0159 235.0486 0001541 205.8144 290.9062 14.37952862921744
1 25118U 97084G   15216.17765120  .00000353  00000-0  16235-3 0  9990,2 25118 045.0157 227.2311 0001628 212.7502 190.2544 14.37954331921978
1 25118U 97084G   15217.51659353  .00000380  00000-0  17142-3 0  9997,2 25118 045.0156 220.8849 0001702 217.3531 283.5922 14.37955853922177
1 25118U 97084G   15218.54711904  .00000407  00000-0  18017-3 0  9994,2 25118 045.0156 216.0004 0001765 220.8432 219.9375 14.37957089922320
1 25118U 97084G   15220.13809845  .00000527  00000-0  21961-3 0  9999,2 25118 045.0157 208.4594 0001846 226.3622 178.3469 14.37959517922557
1 25118U 97084G   15221.18414139  .00000611  00000-0  24717-3 0  9999,2 25118 045.0159 203.5014 0001870 229.8909 195.0716 14.37961174922705
1 25118U 97084G   15222.38281169  .00000514  00000-0  21523-3 0  9991,2 25118 045.0159 197.8201 0001885 233.6265 282.4592 14.37962056922873
1 25118U 97084G   15223.42198478  .00000415  00000-0  18289-3 0  9992,2 25118 045.0160 192.8947 0001903 236.6598 264.0923 14.37962862923027
1 25118U 97084G   15224.85707859  .00000334  00000-0  15607-3 0  9990,2 25118 045.0162 186.0928 0001942 240.9762 135.9844 14.37964106923220
1 25118U 97084G   15225.90243429  .00000290  00000-0  14176-3 0  9996,2 25118 045.0163 181.1381 0001959 244.0660 149.6060 14.37964977923374
1 25118U 97084G   15227.24393284  .00000286  00000-0  14042-3 0  9997,2 25118 045.0163 174.7798 0001961 247.4977 257.4100 14.37966170923577
1 25118U 97084G   15228.35519287  .00000422  00000-0  18514-3 0  9993,2 25118 045.0164 169.5127 0001963 250.7299 252.3960 14.37968110923734
1 25118U 97084G   15229.86429329  .00000361  00000-0  16504-3 0  9996,2 25118 045.0166 162.3598 0001962 254.5921 148.2454 14.37969167923949
1 25118U 97084G   15230.83868709 +.00000291 +00000-0 +14217-3 0  9995,2 25118 045.0167 157.7415 0001961 257.0800 154.7793 14.37969521924098
1 25118U 97084G   15231.20428900  .00000264  00000-0  13319-3 0  9994,2 25118 045.0168 156.0087 0001969 257.8621 248.4389 14.37969617924147
1 25118U 97084G   15231.27167225 +.00000202 +00000-0 +11290-3 0  9999,2 25118 045.0168 155.6894 0001968 258.0313 237.4296 14.37969318924152
1 25118U 97084G   15232.24978966 -.00000108  00000-0  11412-4 0  9992,2 25118 045.0168 151.0536 0001950 260.0826 263.6839 14.37966266924296
1 25118U 97084G   15233.28975545 -.00000112  00000-0  98480-5 0  9993,2 25118 045.0166 146.1250 0001966 262.2687 250.2895 14.37967735924441
1 25118U 97084G   15234.86597141 -.00000137  00000-0  18062-5 0  9995,2 25118 045.0170 138.6536 0001926 265.7282 134.3151 14.37968034924668
1 25118U 97084G   15235.91103894 +.00000321 +00000-0 +15200-3 0  9993,2 25118 045.0170 133.7004 0001904 268.8427 146.4390 14.37970095924822
1 25118U 97084G   15236.89185192 +.00000313 +00000-0 +14937-3 0  9999,2 25118 045.0169 129.0516 0001890 271.0276 186.5447 14.37970984924968
1 25118U 97084G   15238.68872631  .00000316  00000-0  15040-3 0  9998,2 25118 045.0168 120.5348 0001858 275.0366 133.4292 14.37972552925226
1 25118U 97084G   15239.81462286 +.00000359 +00000-0 +16427-3 0  9992,2 25118 045.0168 115.1982 0001823 277.3014 205.2502 14.37974011925388
1 25118U 97084G   15240.49850453 +.00000399 +00000-0 +17751-3 0  9990,2 25118 045.0168 111.9567 0001807 278.9224 147.3193 14.37975072925484
1 25118U 97084G   15240.49850453 +.00000399 +00000-0 +17751-3 0  9990,2 25118 045.0168 111.9567 0001807 278.9224 147.3193 14.37975072925484
1 25118U 97084G   15241.07137866  .00000388  00000-0  17385-3 0  9992,2 25118 045.0168 109.2414 0001781 279.9597 234.7618 14.37975685925562
1 25118U 97084G   15241.97063650 +.00000396 +00000-0 +17635-3 0  9997,2 25118 045.0169 104.9790 0001756 281.6259 212.8111 14.37976787925692
1 25118U 97084G   15242.10959661  .00000390  00000-0  17462-3 0  9991,2 25118 045.0169 104.3204 0001752 281.9707 212.5208 14.37976917925715
1 25118U 97084G   15242.72960388 +.00000338 +00000-0 +15734-3 0  9999,2 25118 045.0169 101.3816 0001739 282.9578 184.2479 14.37977296925809
1 25118U 97084G   15243.48721355  .00000345  00000-0  15964-3 0  9995,2 25118 045.0169 097.7907 0001712 284.0674 148.8741 14.37978137925914
1 25118U 97084G   15243.69093234 +.00000337 +00000-0 +15727-3 0  9994,2 25118 045.0169 096.8251 0001700 284.3534 124.2060 14.37978318925947
1 25118U 97084G   15244.52824904  .00000328  00000-0  15416-3 0  9998,2 25118  45.0169  92.8564 0001670 285.4200 141.8993 14.37979155926062
1 25118U 97084G   15244.67541652 +.00000319 +00000-0 +15139-3 0  9992,2 25118 045.0169 092.1588 0001661 285.4575 184.4462 14.37979282926083
1 25118U 97084G   15245.71995839 +.00000277 +00000-0 +13733-3 0  9999,2 25118 045.0168 087.2079 0001620 287.2563 195.1990 14.37980167926230
1 25118U 97084G   15246.61012632 +.00000252 +00000-0 +12940-3 0  9992,2 25118 045.0168 082.9886 0001586 288.7502 126.3324 14.37980909926363
1 25118U 97084G   15246.97667455  .00000245  00000-0  12707-3 0  9993,2 25118  45.0168  81.2512 0001564 289.1138 225.3306 14.37981205926413
1 25118U 97084G   15247.66343248 +.00000249 +00000-0 +12815-3 0  9995,2 25118 045.0168 077.9960 0001542 289.7544 183.3002 14.37981829926514
1 25118U 97084G   15248.55184703  .00000259  00000-0  13164-3 0  9992,2 25118  45.0169  73.7849 0001518 292.1277 104.4722 14.37982529926633
1 25118U 97084G   15248.92171154 +.00000259 +00000-0 +13173-3 0  9999,2 25118 045.0169 072.0319 0001506 292.7605 220.3866 14.37982778926694
1 25118U 97084G   15249.89463248  .00000244  00000-0  12680-3 0  9990,2 25118  45.0170  67.4202 0001467 294.1654 220.4214 14.37983362926835
1 25118U 97084G   15250.93775964 +.00000241 +00000-0 +12583-3 0  9997,2 25118 045.0171 062.4758 0001415 294.8716 224.9509 14.37984185926982
1 25118U 97084G   15251.00633440  .00000240  00000-0  12539-3 0  9998,2 25118  45.0170  62.1507 0001408 294.6244 220.5365 14.37984247926998
1 25118U 97084G   15251.90359612 +.00000250 +00000-0 +12860-3 0  9991,2 25118 045.0172 057.8977 0001381 295.2055 189.3542 14.37985084927124
1 25118U 97084G   15252.52510591  .00000241  00000-0  12572-3 0  9995,2 25118  45.0173  54.9518 0001366 296.7741 168.3046 14.37985588927210
1 25118U 97084G   15252.88205972 +.00000238 +00000-0 +12473-3 0  9994,2 25118 045.0174 053.2599 0001347 297.6591 217.0712 14.37985858927261
1 25118U 97084G   15253.84665177  .00000246  00000-0  12721-3 0  9993,2 25118  45.0176  48.6880 0001315 297.7100 175.3156 14.37986793927409
1 25118U 97084G   15253.92048578 +.00000244 +00000-0 +12672-3 0  9995,2 25118 045.0176 048.3380 0001313 297.8010 197.8155 14.37986853927416
1 25118U 97084G   15254.89330104 +.00000273 +00000-0 +13630-3 0  9998,2 25118 045.0177 043.7271 0001281 298.4465 198.0787 14.37987852927559
1 25118U 97084G   15254.96561046  .00000271  00000-0  13544-3 0  9999,2 25118  45.0177  43.3843 0001280 298.4957 212.7207 14.37987906927567
1 25118U 97084G   15255.87120023 +.00000252 +00000-0 +12926-3 0  9998,2 25118 045.0178 039.0920 0001245 299.3803 224.4001 14.37988582927694
1 25118U 97084G   15256.47395932  .00000228  00000-0  12126-3 0  9993,2 25118  45.0179  36.2350 0001230 298.9391 108.2053 14.37988963927770
1 25118U 97084G   15256.84298130 +.00000230 +00000-0 +12204-3 0  9996,2 25118 045.0179 034.4859 0001220 298.7669 220.5687 14.37989324927839
1 25118U 97084G   15257.53051449  .00000229  00000-0  12183-3 0  9997,2 25118  45.0180  31.2271 0001198 299.2532 182.7298 14.37989946927931
1 25118U 97084G   15257.81495868 +.00000225 +00000-0 +12032-3 0  9994,2 25118 045.0180 029.8789 0001189 299.9270 215.9841 14.37990167927978
1 25118U 97084G   15258.85400145  .00000242  00000-0  12590-3 0  9991,2 25118  45.0181  24.9541 0001160 300.7827 199.2263 14.37991199928125
1 25118U 97084G   15259.82576404 +.00000221 +00000-0 +11898-3 0  9998,2 25118 045.0182 020.3481 0001137 301.4756 194.0006 14.37991811928266
1 25118U 97084G   15260.36233071  .00000243  00000-0  12629-3 0  9996,2 25118  45.0182  17.8047 0001128 301.7204  94.1317 14.37992325928330
1 25118U 97084G   15260.80463978 +.00000244 +00000-0 +12655-3 0  9996,2 25118 045.0182 015.7084 0001116 302.1773 225.6278 14.37992643928409
1 25118U 97084G   15261.40703216  .00000263  00000-0  13274-3 0  9994,2 25118  45.0183  12.8531 0001097 302.3600 106.9177 14.37993189928487
1 25118U 97084G   15261.77640432 +.00000268 +00000-0 +13442-3 0  9996,2 25118 045.0183 011.1023 0001080 302.5422 220.7461 14.37993503928549
1 25118U 97084G   15262.52137588  .00000327  00000-0  15387-3 0  9999,2 25118  45.0184   7.5713 0001069 302.6757 120.9045 14.37994486928656
1 25118U 97084G   15262.74824939 +.00000330 +00000-0 +15498-3 0  9993,2 25118 045.0183 006.4960 0001061 303.4921 215.7010 14.37994716928685
1 25118U 97084G   15263.78719573  .00000370  00000-0  16776-3 0  9999,2 25118  45.0184   1.5718 0001033 303.9017 198.9057 14.37995953928837
1 25118U 97084G   15264.75934536 +.00000336 +00000-0 +15685-3 0  9995,2 25118 045.0184 356.9641 0001005 304.6642 195.6332 14.37996734928973
1 25118U 97084G   15265.51075362  .00000342  00000-0  15887-3 0  9994,2 25118  45.0184 353.4026 0000990 304.6155 129.3359 14.37997531929085
1 25118U 97084G   15265.73101513 +.00000353 +00000-0 +16231-3 0  9992,2 25118 045.0184 352.3587 0000983 305.3631 189.9419 14.37997818929115
1 25118U 97084G   15266.70382465  .00000381  00000-0  17163-3 0  9993,2 25118  45.0183 347.7477 0000961 305.8041 190.4182 14.37998973929258
1 25118U 97084G   15267.61042896 +.00000434 +00000-0 +18890-3 0  9992,2 25118 045.0182 343.4506 0000947 306.2887 207.7922 14.38000280929384
1 25118U 97084G   15268.21151072  .00000451  00000-0  19456-3 0  9994,2 25118  45.0181 340.6013 0000940 305.8646  82.9148 14.38001069929464
1 25118U 97084G   15268.57315197 +.00000447 +00000-0 +19320-3 0  9998,2 25118 045.0181 338.8873 0000926 306.5622 156.1780 14.38001478929520
1 25118U 97084G   15269.55295390  .00000426  00000-0  18619-3 0  9996,2 25118  45.0180 334.2431 0000905 307.1788 192.7250 14.38002562929664
1 25118U 97084G   15269.62535147 +.00000423 +00000-0 +18539-3 0  9999,2 25118 045.0179 333.9000 0000903 307.3228 207.7327 14.38002636929674
1 25118U 97084G   15270.66409878  .00000427  00000-0  18670-3 0  9996,2 25118  45.0179 328.9764 0000877 308.1030 189.5650 14.38003869929827
1 25118U 97084G   15270.66409878  .00000427  00000-0  18670-3 0  9996,2 25118  45.0179 328.9764 0000877 308.1030 189.5650 14.38003869929827
1 25118U 97084G   15271.63623266 +.00000405 +00000-0 +17934-3 0  9991,2 25118 045.0178 324.3685 0000855 309.0166 186.0877 14.38004815929964
1 25118U 97084G   15272.17276803  .00000451  00000-0  19452-3 0  9990,2 25118  45.0177 321.8253 0000847 309.1335  86.2102 14.38005656930032
1 25118U 97084G   15272.32316193 +.00000428 +00000-0 +18696-3 0  9997,2 25118 045.0178 321.1124 0000839 309.0003 145.6600 14.38005684930062
1 25118U 97084G   15273.21761678  .00000486  00000-0  20575-3 0  9991,2 25118  45.0176 316.8727 0000815 309.9336  99.6497 14.38006992930191
1 25118U 97084G   15273.58722029 +.00000475 +00000-0 +20223-3 0  9996,2 25118 045.0176 315.1209 0000799 310.4758 214.3352 14.38007351930246
1 25118U 97084G   15274.55860206  .00000501  00000-0  21079-3 0  9994,2 25118  45.0174 310.5165 0000773 311.1690 207.1942 14.38008662930385
1 25118U 97084G   15275.53061817 +.00000577 +00000-0 +23565-3 0  9999,2 25118 045.0172 305.9090 0000743 311.8293 203.3786 14.38010339930525
1 25118U 97084G   15276.13407801  .00000541  00000-0  22392-3 0  9991,2 25118  45.0172 303.0485 0000727 312.0109  90.2395 14.38010953930603
1 25118U 97084G   15276.50248755 +.00000521 +00000-0 +21742-3 0  9999,2 25118 045.0171 301.3023 0000708 312.5600 198.7351 14.38011235930667
1 25118U 97084G   15277.47427829  .00000492  00000-0  20798-3 0  9994,2 25118  45.0170 296.6958 0000674 313.4154 193.5641 14.38012276930802
1 25118U 97084G   15277.54142529 +.00000509 +00000-0 +21341-3 0  9997,2 25118 045.0170 296.3776 0000676 313.7589 181.1679 14.38012503930812
1 25118U 97084G   15278.51420957  .00000433  00000-0  18842-3 0  9997,2 25118  45.0169 291.7663 0000634 313.8553 181.9078 14.38013209930950
1 25118U 97084G   15279.49173034 +.00000415 +00000-0 +18255-3 0  9994,2 25118 045.0168 287.1327 0000598 314.7939 206.3534 14.38014253931097
1 25118U 97084G   15280.16382887  .00000425  00000-0  18576-3 0  9995,2 25118  45.0168 283.9467 0000571 314.5807  89.2958 14.38015125931186
1 25118U 97084G   15280.46376378 +.00000445 +00000-0 +19249-3 0  9996,2 25118 045.0168 282.5250 0000557 315.5531 202.5496 14.38015673931231
1 25118U 97084G   15281.56253626  .00000399  00000-0  17729-3 0  9997,2 25118  45.0168 277.3166 0000511 316.9566 134.8515 14.38016817931399
1 25118U 97084G   15281.90593727 +.00000394 +00000-0 +17561-3 0  9993,2 25118 045.0168 275.6888 0000500 316.6475 114.6240 14.38017209931448
1 25118U 97084G   15282.93778897 +.00000321 +00000-0 +15181-3 0  9996,2 25118 045.0168 270.7977 0000455 318.1482 060.0576 14.38017949931590
1 25118U 97084G   15283.15308067  .00000306  00000-0  14682-3 0  9997,2 25118  45.0168 269.7772 0000445 319.5226  94.2997 14.38018081931629
1 25118U 97084G   15283.90971883 +.00000292 +00000-0 +14246-3 0  9992,2 25118 045.0168 266.1907 0000416 320.9046 053.7299 14.38018723931734
1 25118U 97084G   15284.19814213  .00000296  00000-0  14356-3 0  9993,2 25118  45.0168 264.8235 0000394 320.9084 108.3030 14.38019015931779
1 25118U 97084G   15284.95505895 +.00000295 +00000-0 +14335-3 0  9996,2 25118 045.0168 261.2356 0000362 322.1805 069.2901 14.38019722931883
1 25118U 97084G   15285.39723949  .00000284  00000-0  13984-3 0  9994,2 25118  45.0168 259.1396 0000332 322.7735 200.0280 14.38020052931948
1 25118U 97084G   15285.92701269 +.00000289 +00000-0 +14146-3 0  9990,2 25118 045.0167 256.6284 0000307 322.2594 065.7706 14.38020611932025
1 25118U 97084G   15286.89894031  .00000272  00000-0  13579-3 0  9998,2 25118  45.0167 252.0213 0000250 322.2594  62.1975 14.38021420932156
1 25118U 97084G   15286.97222286 +.00000268 +00000-0 +13446-3 0  9992,2 25118 045.0167 251.6739 0000242 320.8631 083.3365 14.38021473932179
1 25118U 97084G   15287.81260059 +.00000327 +00000-0 +15385-3 0  9996,2 25118 045.0167 247.6904 0000195 321.4772 117.4747 14.38022560932292
1 25118U 97084G   15288.23979453  .00000324  00000-0  15279-3 0  9997,2 25118  45.0167 245.6654 0000162 316.7781 175.8504 14.38022928932357
1 25118U 97084G   15288.92853633 +.00000382 +00000-0 +17161-3 0  9990,2 25118 045.0168 242.4006 0000128 307.0426 154.5802 14.38023912932455
1 25118U 97084G   15289.35171644  .00000412  00000-0  18151-3 0  9997,2 25118  45.0168 240.3947 0000103 299.7083 194.7936 14.38024458932512
1 25118U 97084G   15289.88851182 +.00000443 +00000-0 +19157-3 0  9998,2 25118 045.0168 237.8501 0000088 282.1421 113.9842 14.38025163932594
1 25118U 97084G   15290.86017911  .00000486  00000-0  20574-3 0  9994,2 25118  45.0168 233.2442 0000070 238.2759 152.9446 14.38026454932727
1 25118U 97084G   15290.93311318 +.00000520 +00000-0 +21679-3 0  9996,2 25118 045.0168 232.8985 0000070 233.2416 175.9178 14.38026765932743
1 25118U 97084G   15291.90526317  .00000603  00000-0  24420-3 0  9990,2 25118  45.0168 228.2903 0000118 200.8769 205.8867 14.38028623932884
1 25118U 97084G   15292.87733278 +.00000652 +00000-0 +26019-3 0  9993,2 25118 045.0169 223.6825 0000183 190.0075 213.9488 14.38030386933024
1 25118U 97084G   15293.24605773  .00000705  00000-0  27736-3 0  9999,2 25118  45.0168 221.9348 0000210 187.4057 327.2580 14.38031291933078
1 25118U 97084G   15293.86150672 +.00000724 +00000-0 +28359-3 0  9993,2 25118 045.0168 219.0175 0000258 187.4652 276.4160 14.38032515933166
1 25118U 97084G   15294.28472730  .00000759  00000-0  29512-3 0  9992,2 25118  45.0168 217.0114 0000285 185.3904 311.5935 14.38033441933221
1 25118U 97084G   15294.81682971 +.00000761 +00000-0 +29589-3 0  9998,2 25118 045.0168 214.4891 0000326 186.3337 187.9742 14.38034424933303
1 25118U 97084G   15295.79330244  .00000807  00000-0  31088-3 0  9997,2 25118  45.0167 209.8605 0000391 185.9576 208.3816 14.38036550933431
1 25118U 97084G   15295.87632826 +.00000841 +00000-0 +32204-3 0  9996,2 25118 045.0167 209.4670 0000400 186.0550 278.5203 14.38036910933455
1 25118U 97084G   15296.85012814  .00000848  00000-0  32433-3 0  9995,2 25118  45.0165 204.8509 0000481 187.7472 283.0159 14.38038854933598
1 25118U 97084G   15296.90673425 +.00000847 +00000-0 +32373-3 0  9994,2 25118 045.0165 204.5825 0000487 187.7717 216.3221 14.38038964933607
1 25118U 97084G   15297.89454796 +.00000852 +00000-0 +32544-3 0  9997,2 25118 045.0164 199.9000 0000567 188.5863 294.3234 14.38041071933746
1 25118U 97084G   15298.17906992  .00000844  00000-0  32282-3 0  9999,2 25118  45.0164 198.5513 0000587 188.6779 328.6160 14.38041637933780
1 25118U 97084G   15298.85126956 +.00000816 +00000-0 +31361-3 0  9994,2 25118 045.0163 195.3648 0000646 190.0106 210.6034 14.38042898933881
1 25118U 97084G   15299.21801279  .00000725  00000-0  28389-3 0  9998,2 25118  45.0163 193.6264 0000669 190.3918 310.6755 14.38043094933931
1 25118U 97084G   15299.82304439 +.00000700 +00000-0 +27578-3 0  9993,2 25118 045.0163 190.7583 0000720 191.6115 204.7163 14.38044150934025
1 25118U 97084G   15300.87718256  .00000655  00000-0  26086-3 0  9999,2 25118  45.0163 185.7613 0000805 193.5924 265.2604 14.38045799934174
1 25118U 97084G   15300.87718256  .00000655  00000-0  26086-3 0  9999,2 25118  45.0163 185.7613 0000805 193.5924 265.2604 14.38045799934174
1 25118U 97084G   15301.84913758 +.00000609 +00000-0 +24583-3 0  9990,2 25118 045.0163 181.1538 0000888 195.6854 259.8259 14.38047160934311
1 25118U 97084G   15302.14059589  .00000594  00000-0  24092-3 0  9995,2 25118  45.0162 179.7723 0000905 196.2524 329.5925 14.38047503934350
1 25118U 97084G   15302.88536461 +.00000603 +00000-0 +24408-3 0  9997,2 25118 045.0162 176.2418 0000969 198.3393 226.8919 14.38048724934460
1 25118U 97084G   15303.18017977  .00000591  00000-0  23994-3 0  9992,2 25118  45.0162 174.8443 0000987 199.0049 313.9574 14.38049126934505
1 25118U 97084G   15303.85716029 +.00000579 +00000-0 +23607-3 0  9997,2 25118 045.0161 171.6351 0001048 200.9823 220.0917 14.38050084934603
1 25118U 97084G   15304.77181751  .00000517  00000-0  21588-3 0  9995,2 25118  45.0160 167.2993 0001127 202.8920 277.9367 14.38051045934734
1 25118U 97084G   15305.80133150  .00000577  00000-0  23533-3 0  9998,2 25118  45.0159 162.4190 0001198 205.5503 210.2243 14.38052664934880
1 25118U 97084G   15305.95501064 +.00000487 +00000-0 +20614-3 0  9994,2 25118 045.0159 161.6906 0001208 205.8389 286.3020 14.38052375934902
1 25118U 97084G   15306.84643521  .00000576  00000-0  23516-3 0  9991,2 25118  45.0158 157.4648 0001286 207.6534 223.8582 14.38053917935032
1 25118U 97084G   15306.91961476 +.00000452 +00000-0 +19443-3 0  9998,2 25118 045.0157 157.1179 0001293 207.6851 243.0431 14.38053307935048
1 25118U 97084G   15307.97181606  .00000494  00000-0  20814-3 0  9994,2 25118  45.0156 152.1299 0001380 210.0880 293.1610 14.38054695935194
1 25118U 97084G   15308.94467138 +.00000486 +00000-0 +20570-3 0  9999,2 25118 045.0154 147.5180 0001455 213.1827 291.4192 14.38055729935338
1 25118U 97084G   15309.01742345  .00000487  00000-0  20602-3 0  9991,2 25118  45.0154 147.1731 0001459 213.3844 308.2203 14.38055828935342
1 25118U 97084G   15309.91638716 +.00000400 +00000-0 +17764-3 0  9996,2 25118 045.0154 142.9115 0001534 215.7614 284.2913 14.38056325935474
1 25118U 97084G   15310.51909142  .00000390  00000-0  17425-3 0  9990,2 25118  45.0154 140.0542 0001582 217.2935 165.9869 14.38056929935557
1 25118U 97084G   15310.96128869 +.00000363 +00000-0 +16542-3 0  9997,2 25118 045.0154 137.9580 0001612 218.4704 296.2869 14.38057236935623
1 25118U 97084G   15311.56492713  .00000404  00000-0  17891-3 0  9990,2 25118  45.0155 135.0964 0001656 220.1061 182.7237 14.38058210935703
1 25118U 97084G   15311.93289775 +.00000394 +00000-0 +17556-3 0  9999,2 25118 045.0156 133.3520 0001689 220.8471 288.8179 14.38058577935766
1 25118U 97084G   15312.90483422  .00000393  00000-0  17508-3 0  9998,2 25118  45.0157 128.7444 0001764 223.7887 282.4835 14.38059647935901
1 25118U 97084G   15313.87885338 +.00000449 +00000-0 +19369-3 0  9996,2 25118 045.0158 124.1270 0001852 226.5372 287.1402 14.38061149936045
1 25118U 97084G   15314.27690359  .00000472  00000-0  20102-3 0  9991,2 25118  45.0159 122.2401 0001898 227.6945 188.6961 14.38061805936100
1 25118U 97084G   15314.92223035 +.00000518 +00000-0 +21619-3 0  9991,2 25118 045.0159 119.1809 0001936 229.6747 290.8280 14.38062891936197
1 25118U 97084G   15315.52564699  .00000496  00000-0  20880-3 0  9996,2 25118  45.0159 116.3203 0001976 231.5368 175.8996 14.38063565936284
1 25118U 97084G   15315.89489679 +.00000451 +00000-0 +19407-3 0  9994,2 25118 045.0160 114.5700 0001994 232.6117 288.2951 14.38063798936336
1 25118U 97084G   15316.86592487  .00000455  00000-0  19535-3 0  9990,2 25118  45.0161 109.9668 0002057 235.6566 277.1687 14.38065119936477
1 25118U 97084G   15317.90487345  .00000443  00000-0  19151-3 0  9993,2 25118  45.0162 105.0416 0002132 238.9617 257.7553 14.38066455936620
1 25118U 97084G   15318.88358610 +.00000492 +00000-0 +20773-3 0  9999,2 25118 045.0163 100.4019 0002193 242.2306 286.2365 14.38067979936764
1 25118U 97084G   15319.48565951  .00000479  00000-0  20347-3 0  9996,2 25118  45.0164  97.5477 0002231 244.0899 164.3613 14.38068668936857
1 25118U 97084G   15319.92194557 +.00000464 +00000-0 +19834-3 0  9998,2 25118 045.0164 095.4795 0002251 245.5596 263.7561 14.38069171936912
1 25118U 97084G   15320.52704738  .00000577  00000-0  23540-3 0  9998,2 25118  45.0165  92.6109 0002299 247.3828 157.6164 14.38070735937000
1 25118U 97084G   15320.89546696 +.00000640 +00000-0 +25595-3 0  9998,2 25118 045.0165 090.8644 0002313 248.6772 265.5016 14.38071701937057
1 25118U 97084G   15321.71869079  .00000667  00000-0  26462-3 0  9996,2 25118  45.0167  86.9618 0002358 251.3252 208.8656 14.38073142937173
1 25118U 97084G   15321.86583845 +.00000682 +00000-0 +26984-3 0  9992,2 25118 045.0167 086.2642 0002363 251.8474 250.8753 14.38073498937191
1 25118U 97084G   15322.83890543  .00000721  00000-0  28236-3 0  9992,2 25118  45.0169  81.6514 0002407 255.1398 250.1020 14.38075397937337
1 25118U 97084G   15323.74274777 +.00000687 +00000-0 +27143-3 0  9995,2 25118 045.0171 077.3668 0002444 258.1010 250.9371 14.38076835937466
1 25118U 97084G   15324.48819507  .00000688  00000-0  27157-3 0  9999,2 25118  45.0173  73.8329 0002480 260.5373 151.4831 14.38078183937567
1 25118U 97084G   15324.78841027 +.00000654 +00000-0 +26048-3 0  9995,2 25118 045.0173 072.4099 0002487 261.6190 266.1480 14.38078569937610
1 25118U 97084G   15325.53318193  .00000710  00000-0  27889-3 0  9999,2 25118  45.0174  68.8792 0002519 263.9848 163.2693 14.38080271937729
1 25118U 97084G   15325.82719784 +.00000669 +00000-0 +26526-3 0  9992,2 25118 045.0174 067.4855 0002526 265.0664 245.8099 14.38080561937764
1 25118U 97084G   15326.80036400  .00000697  00000-0  27459-3 0  9995,2 25118  45.0175  62.8723 0002553 268.2944 245.6410 14.38082549937903
1 25118U 97084G   15327.70387015 +.00000684 +00000-0 +27018-3 0  9993,2 25118 045.0176 058.5892 0002580 271.3546 244.6583 14.38084129938037
1 25118U 97084G   15328.23399175  .00000619  00000-0  24910-3 0  9998,2 25118  45.0176  56.0761 0002597 273.0953 110.0738 14.38084738938106
1 25118U 97084G   15328.67613946 +.00000680 +00000-0 +26881-3 0  9998,2 25118 045.0177 053.9801 0002602 274.6419 239.7929 14.38085832938173
1 25118U 97084G   15329.57506221  .00000630  00000-0  25272-3 0  9993,2 25118  45.0178  49.7187 0002622 277.6377 215.1326 14.38087082938305
1 25118U 97084G   15329.64846920 +.00000660 +00000-0 +26243-3 0  9996,2 25118 045.0178 049.3707 0002621 277.9260 235.2492 14.38087367938316
1 25118U 97084G   15330.68728737  .00000604  00000-0  24410-3 0  9999,2 25118  45.0179  44.4461 0002627 281.4684 215.0033 14.38088648938462
1 25118U 97084G   15331.66370828 +.00000606 +00000-0 +24489-3 0  9990,2 25118 045.0180 039.8174 0002636 284.8651 231.5580 14.38090150938601
1 25118U 97084G   15332.19487683  .00000552  00000-0  22717-3 0  9999,2 25118  45.0181  37.2993 0002643 286.6060 102.4092 14.38090626938674
1 25118U 97084G   15332.63683178 +.00000589 +00000-0 +23906-3 0  9996,2 25118 045.0181 035.2042 0002632 288.2754 231.0158 14.38091506938741
1 25118U 97084G   15333.24000225  .00000549  00000-0  22608-3 0  9994,2 25118  45.0181  32.3448 0002633 290.2376 114.7744 14.38092242938828
1 25118U 97084G   15333.60864589 +.00000575 +00000-0 +23475-3 0  9997,2 25118 045.0181 030.5973 0002625 291.7072 223.6724 14.38092923938881
1 25118U 97084G   15334.35389032  .00000628  00000-0  25196-3 0  9996,2 25118  45.0182  27.0644 0002616 294.3399 123.0138 14.38094389938991
1 25118U 97084G   15334.58072216 +.00000633 +00000-0 +25355-3 0  9997,2 25118 045.0182 025.9892 0002613 295.2772 217.5556 14.38094787939025
1 25118U 97084G   15335.55242637  .00000585  00000-0  23795-3 0  9993,2 25118  45.0182  21.3828 0002604 298.8024 209.5583 14.38095909939166
1 25118U 97084G   15335.61937145 +.00000580 +00000-0 +23627-3 0  9994,2 25118 045.0182 021.0655 0002603 299.0854 196.1958 14.38095986939177
1 25118U 97084G   15336.92440075  .00000542  00000-0  22383-3 0  9996,2 25118  45.0182  14.8789 0002589 304.0421 114.1197 14.38097618939354
1 25118U 97084G   15336.92440075 +.00000542 +00000-0 +22383-3 0  9996,2 25118 045.0182 014.8789 0002589 304.0421 114.1197 14.38097618939365
1 25118U 97084G   15337.56996956 +.00000529 +00000-0 +21950-3 0  9995,2 25118 045.0181 011.8185 0002565 306.4454 217.1648 14.38098415939458
1 25118U 97084G   15339.14877006  .00000425  00000-0  18568-3 0  9991,2 25118  45.0181   4.3338 0002526 312.3587 112.8742 14.38099929939687
1 25118U 97084G   15339.51350112 +.00000495 +00000-0 +20842-3 0  9991,2 25118 045.0180 002.6048 0002519 314.0255 201.3099 14.38100779939739
1 25118U 97084G   15340.48531402  .00000531  00000-0  22035-3 0  9999,2 25118  45.0180 357.9977 0002474 317.8176 193.6322 14.38102268939871
1 25118U 97084G   15341.01536247 +.00000562 +00000-0 +23036-3 0  9997,2 25118 045.0181 355.4849 0002466 319.9624 058.2990 14.38103146939957
1 25118U 97084G   15341.45826154 +.00000534 +00000-0 +22127-3 0  9993,2 25118 045.0181 353.3853 0002452 321.8410 191.6064 14.38103478940010
1 25118U 97084G   15342.21108068  .00000556  00000-0  22832-3 0  9992,2 25118  45.0181 349.8163 0002422 324.9636 129.7380 14.38104534940124
1 25118U 97084G   15342.49691174 +.00000534 +00000-0 +22109-3 0  9990,2 25118 045.0181 348.4614 0002409 326.1647 169.7681 14.38104689940164
1 25118U 97084G   15343.40425738  .00000508  00000-0  21279-3 0  9991,2 25118  45.0180 344.1599 0002372 330.1384 187.8369 14.38105548940293
1 25118U 97084G   15344.84601094  .00000568  00000-0  23225-3 0  9990,2 25118  45.0181 337.3250 0002288 336.3791  93.0566 14.38107803940505
1 25118U 97084G   15344.91786190 +.00000442 +00000-0 +19096-3 0  9991,2 25118 045.0180 336.9844 0002284 336.6946 105.0864 14.38107149940518
1 25118U 97084G   15345.94845593 +.00000497 +00000-0 +20911-3 0  9996,2 25118 045.0180 332.0986 0002215 341.3795 041.1564 14.38108877940663
1 25118U 97084G   15346.10574508  .00000497  00000-0  20917-3 0  9996,2 25118  45.0180 331.3529 0002205 342.2380 135.4041 14.38109116940683
1 25118U 97084G   15346.39007138 +.00000520 +00000-0 +21645-3 0  9993,2 25118 045.0180 330.0050 0002187 343.7285 167.3534 14.38109625940728
1 25118U 97084G   15347.21744755  .00000482  00000-0  20400-3 0  9993,2 25118  45.0180 326.0826 0002139 347.7299 130.9941 14.38110509940844
1 25118U 97084G   15347.96541348 +.00000500 +00000-0 +20991-3 0  9994,2 25118 045.0179 322.5366 0002098 351.4051 043.4432 14.38111590940950
1 25118U 97084G   15348.40768727  .00000550  00000-0  22650-3 0  9995,2 25118  45.0179 320.4400 0002067 353.6992 173.1098 14.38112406941014
1 25118U 97084G   15348.93730973 +.00000589 +00000-0 +23922-3 0  9990,2 25118 045.0179 317.9290 0002028 356.1980 035.2351 14.38113384941098
1 25118U 97084G   15349.85097156  .00000615  00000-0  24761-3 0  9993,2 25118  45.0178 313.5975 0001976   1.1582  85.0816 14.38114886941227
1 25118U 97084G   15349.90933966 +.00000625 +00000-0 +25095-3 0  9999,2 25118 045.0178 313.3208 0001970 001.4891 027.2280 14.38115038941238
1 25118U 97084G   15350.88105461  .00000559  00000-0  22931-3 0  9991,2 25118  45.0178 308.7140 0001899   6.9094  17.4637 14.38116151941375
1 25118U 97084G   15350.95490207 +.00000502 +00000-0 +21053-3 0  9996,2 25118 045.0178 308.3639 0001896 007.4410 039.6268 14.38115934941384
1 25118U 97084G   15351.92660044 +.00000489 +00000-0 +20653-3 0  9991,2 25118 045.0178 303.7571 0001830 013.3390 029.3044 14.38117319941522
1 25118U 97084G   15352.01014586  .00000478  00000-0  20293-3 0  9994,2 25118  45.0178 303.3611 0001823  13.7985 101.7975 14.38117381941537
1 25118U 97084G   15352.89822556 +.00000558 +00000-0 +22896-3 0  9994,2 25118 045.0178 299.1509 0001784 019.4239 018.4197 14.38119082941660
1 25118U 97084G   15353.26684244  .00000568  00000-0  23216-3 0  9994,2 25118  45.0178 297.4035 0001770  21.8372 126.2706 14.38119626941719
1 25118U 97084G   15353.87013027 +.00000531 +00000-0 +22024-3 0  9992,2 25118 045.0177 294.5434 0001734 025.4816 009.0156 14.38120288941805
1 25118U 97084G   15354.30673771  .00000538  00000-0  22253-3 0  9990,2 25118  45.0177 292.4737 0001724  28.4512 108.6569 14.38120963941863
1 25118U 97084G   15354.91496078 +.00000623 +00000-0 +25002-3 0  9990,2 25118 045.0176 289.5902 0001674 032.2087 016.8702 14.38122418941953
1 25118U 97084G   15355.88705266  .00000712  00000-0  27922-3 0  9991,2 25118  45.0174 284.9817 0001621  39.3474   7.3747 14.38124814942086
1 25118U 97084G   15356.85904287 +.00000709 +00000-0 +27813-3 0  9998,2 25118 045.0173 280.3736 0001580 046.6762 357.1665 14.38126652942234
1 25118U 97084G   15357.15445971  .00000668  00000-0  26476-3 0  9990,2 25118  45.0173 278.9732 0001580  49.0455  85.7284 14.38126917942278
1 25118U 97084G   15357.22760248 +.00000699 +00000-0 +27502-3 0  9990,2 25118 045.0173 278.6264 0001578 049.5629 104.2574 14.38127235942284
1 25118U 97084G   15358.19946972  .00000639  00000-0  25525-3 0  9994,2 25118  45.0171 274.0189 0001560  57.0150  93.2962 14.38128746942424
1 25118U 97084G   15358.88610164 +.00000655 +00000-0 +26055-3 0  9998,2 25118 045.0170 270.7635 0001546 062.3758 046.2605 14.38130152942526
1 25118U 97084G   15359.85806811  .00000619  00000-0  24877-3 0  9992,2 25118  45.0169 266.1555 0001533  70.1996  35.4514 14.38131709942664
1 25118U 97084G   15360.83156574 +.00000528 +00000-0 +21902-3 0  9991,2 25118 045.0168 261.5402 0001536 078.1201 032.4848 14.38132839942801
1 25118U 97084G   15361.18886273  .00000500  00000-0  20982-3 0  9993,2 25118  45.0167 259.8463 0001544  81.2803  80.9448 14.38133244942859
1 25118U 97084G   15361.87591168 +.00000422 +00000-0 +18449-3 0  9993,2 25118 045.0167 256.5890 0001547 086.9436 035.7768 14.38133850942951
1 25118U 97084G   15362.84808861  .00000377  00000-0  16987-3 0  9996,2 25118  45.0165 251.9799 0001581  95.0762  25.7619 14.38134887943098
1 25118U 97084G   15363.87771890 +.00000294 +00000-0 +14263-3 0  9994,2 25118 045.0164 247.0986 0001621 102.6569 314.0418 14.38135604943242
1 25118U 97084G   15364.16493707  .00000281  00000-0  13831-3 0  9991,2 25118  45.0163 245.7370 0001632 104.7810   0.3710 14.38135822943283
1 25118U 97084G   15364.92258189 +.00000247 +00000-0 +12729-3 0  9995,2 25118 045.0163 242.1450 0001669 110.6976 320.8052 14.38136355943395
1 25118U 97084G   15365.21595605  .00000332  00000-0  15493-3 0  9991,2 25118  45.0162 240.7542 0001676 112.6842  39.1750 14.38137061943437
1 25118U 97084G   15365.89447633 +.00000317 +00000-0 +15007-3 0  9996,2 25118 045.0161 237.5373 0001719 117.9594 310.2052 14.38137599943537
1 25118U 97084G   16001.86638153  .00000288  00000-0  14077-3 0  9993,2 25118  45.0159 232.9295 0001773 124.8434 300.0423 14.38138331943675
1 25118U 97084G   16002.91160856 +.00000244 +00000-0 +12644-3 0  9990,2 25118 045.0157 227.9739 0001850 131.9903 309.5968 14.38139041943820
1 25118U 97084G   16003.13199421  .00000238  00000-0  12441-3 0  9993,2 25118  45.0156 226.9291 0001868 133.3252  10.3713 14.38139203943851
1 25118U 97084G   16003.96384428 +.00000218 +00000-0 +11774-3 0  9993,2 25118 045.0156 222.9851 0001938 138.8268 355.7857 14.38139801943976
1 25118U 97084G   16004.56754248  .00000229  00000-0  12139-3 0  9999,2 25118  45.0155 220.1228 0001981 142.7261 240.4470 14.38140357944057
1 25118U 97084G   16004.93586986 +.00000204 +00000-0 +11309-3 0  9993,2 25118 045.0155 218.3766 0002019 144.8170 347.1478 14.38140463944116
1 25118U 97084G   16005.82719644  .00000189  00000-0  10820-3 0  9990,2 25118  45.0155 214.1506 0002099 150.5038 280.6060 14.38140966944247
1 25118U 97084G   16005.90032507 +.00000163 +00000-0 +99839-4 0  9995,2 25118 045.0155 213.8038 0002107 150.9928 299.0935 14.38140871944256
1 25118U 97084G   16006.95250370 +.00000147 +00000-0 +94631-4 0  9998,2 25118 045.0154 208.8153 0002201 157.2716 345.5498 14.38141420944406
1 25118U 97084G   16007.01964130  .00000140  00000-0  92237-4 0  9995,2 25118  45.0154 208.4970 0002195 157.6413 333.1091 14.38141417944418
1 25118U 97084G   16007.92464603 +.00000134 +00000-0 +90350-4 0  9992,2 25118 045.0155 204.2061 0002286 162.9017 337.8825 14.38141905944546
1 25118U 97084G   16008.52777334  .00000102  00000-0  79760-4 0  9994,2 25118  45.0154 201.3465 0002347 166.4516 219.9385 14.38142070944626
1 25118U 97084G   16008.96962689 +.00000103 +00000-0 +80140-4 0  9996,2 25118 045.0155 199.2516 0002393 168.7426 347.4802 14.38142362944697
1 25118U 97084G   16009.86850206  .00000080  00000-0  72797-4 0  9990,2 25118  45.0155 194.9899 0002484 173.6496 320.8453 14.38142778944829
1 25118U 97084G   16009.94191954 +.00000091 +00000-0 +76191-4 0  9991,2 25118 045.0155 194.6418 0002490 173.9993 340.9698 14.38142890944835
1 25118U 97084G   16010.91333683 +.00000098 +00000-0 +78735-4 0  9990,2 25118 045.0155 190.0361 0002587 179.2104 329.9705 14.38143487944976
1 25118U 97084G   16010.98025387  .00000097  00000-0  78407-4 0  9991,2 25118  45.0155 189.7189 0002587 179.5342 316.4334 14.38143517944980
1 25118U 97084G   16011.88666606 +.00000138 +00000-0 +91788-4 0  9999,2 25118 045.0155 185.4214 0002685 184.4386 328.8647 14.38144260945110
1 25118U 97084G   16012.56117162  .00000228  00000-0  12100-3 0  9993,2 25118  45.0155 182.2233 0002748 187.9010 220.9215 14.38145209945216
1 25118U 97084G   16012.92425791 +.00000217 +00000-0 +11737-3 0  9996,2 25118 045.0155 180.5019 0002786 189.7221 300.7379 14.38145370945267
1 25118U 97084G   16013.82903692  .00000263  00000-0  13256-3 0  9996,2 25118  45.0155 176.2121 0002878 194.3243 305.0138 14.38146314945395
1 25118U 97084G   16013.90249797 +.00000247 +00000-0 +12713-3 0  9993,2 25118 045.0155 175.8638 0002882 194.6059 325.4328 14.38146274945400
1 25118U 97084G   16014.87513183  .00000263  00000-0  13236-3 0  9992,2 25118  45.0156 171.2522 0002972 199.2704 321.2968 14.38147171945547
1 25118U 97084G   16015.54610494 +.00000244 +00000-0 +12623-3 0  9998,2 25118 045.0157 168.0709 0003039 202.5583 195.2275 14.38147647945646
1 25118U 97084G   16015.91317289 +.00000256 +00000-0 +13018-3 0  9997,2 25118 045.0158 166.3307 0003056 204.1741 295.8873 14.38148013945699
1 25118U 97084G   16016.04507215  .00000252  00000-0  12894-3 0  9999,2 25118  45.0158 165.7053 0003069 204.8603 258.7499 14.38148116945717
1 25118U 97084G   16016.94507155 +.00000263 +00000-0 +13248-3 0  9997,2 25118 045.0160 161.4382 0003148 209.0512 238.6755 14.38148905945844
1 25118U 97084G   16017.48951840  .00000278  00000-0  13750-3 0  9995,2 25118  45.0161 158.8568 0003199 211.5563 177.6881 14.38149398945929
1 25118U 97084G   16017.92984030 +.00000273 +00000-0 +13578-3 0  9994,2 25118 045.0161 156.7693 0003227 213.6415 297.5094 14.38149759945981
1 25118U 97084G   16018.53441380  .00000306  00000-0  14660-3 0  9998,2 25118  45.0163 153.9029 0003287 216.3909 187.8777 14.38150431946078
1 25118U 97084G   16018.90228125 +.00000287 +00000-0 +14040-3 0  9999,2 25118 045.0163 152.1589 0003310 218.0665 292.6249 14.38150678946123
1 25118U 97084G   16019.80694461  .00000343  00000-0  15855-3 0  9997,2 25118  45.0164 147.8698 0003385 222.0988 296.8877 14.38151759946259
1 25118U 97084G   16019.87539088 +.00000285 +00000-0 +13959-3 0  9995,2 25118 045.0164 147.5453 0003393 222.4344 291.2660 14.38151538946269
1 25118U 97084G   16020.84578324  .00000336  00000-0  15626-3 0  9990,2 25118  45.0164 142.9446 0003467 226.7898 275.8420 14.38152778946408
1 25118U 97084G   16021.81774400 +.00000370 +00000-0 +16745-3 0  9992,2 25118 045.0165 138.3364 0003540 230.9825 268.7151 14.38154119946544
1 25118U 97084G   16022.15180425  .00000361  00000-0  16429-3 0  9997,2 25118  45.0166 136.7525 0003564 232.4811 198.4420 14.38154404946594
1 25118U 97084G   16022.78942225 +.00000399 +00000-0 +17675-3 0  9995,2 25118 045.0166 133.7295 0003597 235.0469 260.2544 14.38155328946680
1 25118U 97084G   16023.19452804  .00000373  00000-0  16823-3 0  9996,2 25118  45.0167 131.8088 0003625 236.7870 197.9260 14.38155580946744
1 25118U 97084G   16023.40874369 +.00000381 +00000-0 +17084-3 0  9993,2 25118 045.0167 130.7932 0003634 237.5882 227.2724 14.38155884946774
1 25118U 97084G   16024.51282123  .00000365  00000-0  16584-3 0  9993,2 25118  45.0167 125.5586 0003699 242.1615 184.4519 14.38156944946930
1 25118U 97084G   16024.73340611 +.00000370 +00000-0 +16747-3 0  9991,2 25118 045.0168 124.5128 0003712 243.2614 246.5081 14.38157209946961
1 25118U 97084G   16025.63936428  .00000360  00000-0  16405-3 0  9998,2 25118  45.0168 120.2175 0003761 247.0153 257.7813 14.38158163947092
1 25118U 97084G   16025.63936428  .00000360  00000-0  16405-3 0  9998,2 25118  45.0168 120.2175 0003761 247.0153 257.7813 14.38158163947092
1 25118U 97084G   16026.68424841  .00000316  00000-0  14970-3 0  9991,2 25118  45.0169 115.2635 0003813 251.3868 268.4085 14.38159055947245
1 25118U 97084G   16027.51034130  .00000304  00000-0  14588-3 0  9994,2 25118  45.0173 111.3472 0003967 254.6732 226.2955 14.38182369947367
1 25118U 97084G   16027.72214350 +.00000307 +00000-0 +14667-3 0  9992,2 25118 045.0172 110.3427 0003961 254.9527 243.6773 14.38182825947395
1 25118U 97084G   16028.59847512  .00000509  00000-0  16583-3 0  9993,2 25118  45.0166 106.1888 0003897 255.6611 104.4291 14.38162264947521
1 25118U 97084G   16028.69931566  .00000228  00000-0  12100-3 0  9996,2 25118  45.0172 105.7097 0004003 259.0928 263.7117 14.38183412947539
1 25118U 97084G   16029.66661991 +.00000407 +00000-0 +17932-3 0  9993,2 25118 045.0173 101.1233 0004050 263.1688 232.6745 14.38184803947675
1 25118U 97084G   16030.20224686  .00000369  00000-0  16699-3 0  9997,2 25118  45.0173  98.5837 0004062 265.3385 126.3840 14.38185215947746
1 25118U 97084G   16030.64401670 +.00000390 +00000-0 +17394-3 0  9992,2 25118 045.0173 096.4893 0004064 267.2338 253.9555 14.38185799947811
1 25118U 97084G   16031.54302821  .00000379  00000-0  17021-3 0  9994,2 25118  45.0173  92.2267 0004082 270.8975 229.4108 14.38186716947943
1 25118U 97084G   16031.81981564 +.00000390 +00000-0 +17375-3 0  9996,2 25118 045.0173 090.9144 0004090 272.1389 222.6191 14.38187121947987
1 25118U 97084G   16032.58785679  .00000444  00000-0  19138-3 0  9999,2 25118  45.0172  87.2728 0004087 275.0610 240.0674 14.38188277948094
1 25118U 97084G   16033.62649221  .00000385  00000-0  17225-3 0  9996,2 25118  45.0172  82.3482 0004096 279.4263 218.4274 14.38188994948247
1 25118U 97084G   16034.59840480 +.00000383 +00000-0 +17156-3 0  9994,2 25118 045.0172 077.7399 0004096 283.4280 211.3648 14.38189962948384
1 25118U 97084G   16035.13479439  .00000340  00000-0  15760-3 0  9999,2 25118  45.0172  75.1965 0004098 285.5460 109.0878 14.38190222948457
1 25118U 97084G   16035.57138855 +.00000356 +00000-0 +16266-3 0  9990,2 25118 045.0172 073.1265 0004087 287.4568 209.8290 14.38190732948527
1 25118U 97084G   16036.17957980  .00000359  00000-0  16351-3 0  9993,2 25118  45.0173  70.2426 0004086 289.9719 119.2705 14.38191370948613
1 25118U 97084G   16036.54884442 +.00000364 +00000-0 +16528-3 0  9998,2 25118 045.0173 068.4919 0004081 291.6967 231.2633 14.38191768948660
1 25118U 97084G   16037.52033106  .00000411  00000-0  18074-3 0  9991,2 25118  45.0173  63.8856 0004065 295.8229 221.8810 14.38193153948806
1 25118U 97084G   16038.55916331  .00000455  00000-0  19481-3 0  9996,2 25118  45.0174  58.9600 0004043 300.3489 201.1229 14.38194636948953
1 25118U 97084G   16039.53078926 +.00000543 +00000-0 +22352-3 0  9993,2 25118 045.0175 054.3530 0004016 304.6656 192.2821 14.38196390949092
1 25118U 97084G   16040.06732978  .00000453  00000-0  19447-3 0  9998,2 25118  45.0175  51.8089 0004003 306.8980  90.6853 14.38196556949161
1 25118U 97084G   16040.50276168 +.00000502 +00000-0 +21036-3 0  9993,2 25118 045.0176 049.7444 0003984 308.8384 185.3830 14.38197333949239
1 25118U 97084G   16041.18018428  .00000501  00000-0  20999-3 0  9997,2 25118  45.0176  46.5324 0003959 311.7602  93.2261 14.38198206949324
1 25118U 97084G   16041.48110234 +.00000535 +00000-0 +22114-3 0  9996,2 25118 045.0176 045.1057 0003948 313.2106 211.2936 14.38198756949372
1 25118U 97084G   16042.38228199  .00000504  00000-0  21087-3 0  9990,2 25118  45.0176  40.8326 0003904 317.1141 197.7872 14.38199743949506
1 25118U 97084G   16043.49152935  .00000515  00000-0  21462-3 0  9996,2 25118  45.0176  35.5731 0003851 322.2131 181.4105 14.38201356949664
1 25118U 97084G   16043.95461921 +.00000480 +00000-0 +20295-3 0  9999,2 25118 045.0177 033.3773 0003828 324.2459 059.3623 14.38201782949735
1 25118U 97084G   16044.92655365 +.00000438 +00000-0 +18938-3 0  9998,2 25118 045.0178 028.7687 0003770 328.7247 051.9819 14.38202857949872
1 25118U 97084G   16045.06660403  .00000517  00000-0  21503-3 0  9993,2 25118  45.0178  28.1047 0003768 329.6339  56.8917 14.38203506949881
1 25118U 97084G   16045.97167289 +.00000507 +00000-0 +21199-3 0  9997,2 25118 045.0179 023.8133 0003715 333.9243 063.1699 14.38204604950020
1 25118U 97084G   16046.12226068  .00000507  00000-0  21201-3 0  9990,2 25118  45.0179  23.0993 0003705 334.6818 122.8423 14.38204811950041
1 25118U 97084G   16046.94351929 +.00000451 +00000-0 +19351-3 0  9996,2 25118 045.0180 019.2052 0003656 338.5933 055.1515 14.38205497950166
1 25118U 97084G   16047.38573090  .00000567  00000-0  23145-3 0  9994,2 25118  45.0180  17.1086 0003629 340.9383 184.5959 14.38206700950220
1 25118U 97084G   16047.91534293 +.00000647 +00000-0 +25741-3 0  9998,2 25118 045.0181 014.5973 0003591 343.3509 046.9346 14.38207972950304
1 25118U 97084G   16048.35725356  .00000648  00000-0  25790-3 0  9994,2 25118  45.0181  12.5022 0003598 346.0723 174.4676 14.38220917950365
1 25118U 97084G   16048.90135998 +.00000524 +00000-0 +21747-3 0  9993,2 25118 045.0182 009.9222 0003553 348.7439 111.6914 14.38221647950440
1 25118U 97084G   16049.71556891  .00000712  00000-0  23158-3 0  9999,2 25118  45.0178   6.0628 0003315 348.9374  11.1882 14.38214039950567
1 25118U 97084G   16049.85917436  .00000735  00000-0  28623-3 0  9997,2 25118  45.0182   5.3807 0003493 354.2618  30.1649 14.38223742950575
1 25118U 97084G   16050.90787443 +.00000572 +00000-0 +23290-3 0  9992,2 25118 045.0183 000.4082 0003409 359.9636 059.4847 14.38224650950737
1 25118U 97084G   16051.19246935  .00000497  00000-0  20855-3 0  9990,2 25118  45.0183 359.0589 0003375   1.1856  93.2125 14.38224854950779
1 25118U 97084G   16051.87596095 +.00000468 +00000-0 +19922-3 0  9991,2 25118 045.0183 355.8180 0003333 004.7643 031.9183 14.38225590950879
1 25118U 97084G   16052.24419866  .00000420  00000-0  18342-3 0  9996,2 25118  45.0183 354.0720 0003307   6.7929 138.3314 14.38225859950922
1 25118U 97084G   16052.92012772 +.00000400 +00000-0 +17698-3 0  9997,2 25118 045.0183 350.8670 0003250 010.4748 037.7440 14.38226650951022
1 25118U 97084G   16053.83398699  .00000408  00000-0  17940-3 0  9991,2 25118  45.0182 346.5338 0003189  15.6738  88.7475 14.38227797951152
1 25118U 97084G   16053.90452758 +.00000378 +00000-0 +16993-3 0  9999,2 25118 045.0182 346.1994 0003182 016.1182 093.8903 14.38227778951161
1 25118U 97084G   16054.80560887 +.00000391 +00000-0 +17417-3 0  9999,2 25118 045.0182 341.9268 0003128 021.4109 078.5799 14.38228886951294
1 25118U 97084G   16055.23322404  .00000346  00000-0  15934-3 0  9990,2 25118  45.0181 339.8993 0003104  24.0783 132.0910 14.38229172951352
1 25118U 97084G   16055.92091970 +.00000362 +00000-0 +16456-3 0  9995,2 25118 045.0181 336.6384 0003050 028.1395 092.1151 14.38230079951457
1 25118U 97084G   16055.92091970 +.00000362 +00000-0 +16456-3 0  9995,2 25118 045.0181 336.6384 0003050 028.1395 092.1151 14.38230079951457
1 25118U 97084G   16056.40328976  .00000391  00000-0  17406-3 0  9996,2 25118  45.0181 334.3512 0003029  31.1168  69.0931 14.38230760951527
1 25118U 97084G   16056.89195034 +.00000347 +00000-0 +15973-3 0  9994,2 25118 045.0181 332.0342 0002997 034.2280 078.5393 14.38231026951595
1 25118U 97084G   16057.86331855  .00000383  00000-0  17135-3 0  9997,2 25118  45.0180 327.4284 0002959  40.4767  66.5565 14.38232203951736
1 25118U 97084G   16058.89330112 +.00000362 +00000-0 +16449-3 0  9990,2 25118 045.0179 322.5446 0002915 047.1460 357.9344 14.38233122951885
1 25118U 97084G   16059.18757317  .00000358  00000-0  16322-3 0  9998,2 25118  45.0179 321.1494 0002904  48.9996  81.1927 14.38233390951929
1 25118U 97084G   16059.88132495 +.00000338 +00000-0 +15683-3 0  9996,2 25118 045.0178 317.8598 0002871 053.7618 071.9118 14.38234008952021
1 25118U 97084G   16060.84653131  .00000329  00000-0  15371-3 0  9993,2 25118  45.0177 313.2832 0002847  60.2921  27.7221 14.38234912952167
1 25118U 97084G   16060.91943630 +.00000309 +00000-0 +14725-3 0  9997,2 25118 045.0177 312.9375 0002845 060.8071 045.0498 14.38234906952178
1 25118U 97084G   16061.96430442 +.00000314 +00000-0 +14904-3 0  9990,2 25118 045.0175 307.9830 0002823 067.8523 053.2097 14.38235968952323
1 25118U 97084G   16062.10918477  .00000313  00000-0  14866-3 0  9992,2 25118  45.0174 307.2961 0002824  68.8185  83.1107 14.38236097952346
1 25118U 97084G   16062.77953733 +.00000338 +00000-0 +15683-3 0  9994,2 25118 045.0173 304.1175 0002815 073.0666 313.0792 14.38236828952448
1 25118U 97084G   16063.83551943  .00000365  00000-0  16556-3 0  9999,2 25118  45.0171 299.1103 0002802  80.0803  18.8781 14.38237966952595
1 25118U 97084G   16063.90860383 +.00000358 +00000-0 +16311-3 0  9999,2 25118 045.0171 298.7637 0002802 080.5737 037.1577 14.38238001952603
1 25118U 97084G   16064.79772897 +.00000415 +00000-0 +18175-3 0  9993,2 25118 045.0169 294.5475 0002813 087.0401 318.7415 14.38239117952738
1 25118U 97084G   16065.09735102  .00000434  00000-0  18803-3 0  9994,2 25118  45.0168 293.1268 0002822  89.0649  69.5625 14.38239522952776
1 25118U 97084G   16065.91642480 +.00000391 +00000-0 +17396-3 0  9999,2 25118 045.0168 289.2427 0002824 095.4789 348.1489 14.38240097952893
1 25118U 97084G   16066.46905025  .00000439  00000-0  18960-3 0  9998,2 25118  45.0167 286.6223 0002839  98.8586 328.8535 14.38240944952961
1 25118U 97084G   16066.97101707 +.00000467 +00000-0 +19882-3 0  9994,2 25118 045.0166 284.2420 0002853 101.9525 047.2980 14.38241687953049
1 25118U 97084G   16067.51325447  .00000490  00000-0  20638-3 0  9991,2 25118  45.0165 281.6707 0002864 105.6163 333.8850 14.38242525953129
1 25118U 97084G   16067.94183263 +.00000432 +00000-0 +18746-3 0  9999,2 25118 045.0165 279.6384 0002888 108.4716 032.2186 14.38242689953187
1 25118U 97084G   16068.69425880  .00000428  00000-0  18600-3 0  9990,2 25118  45.0164 276.0704 0002917 113.6913 326.5959 14.38243574953296
1 25118U 97084G   16068.69425880 +.00000428 +00000-0 +18600-3 0  9990,2 25118 045.0164 276.0704 0002917 113.6913 326.5959 14.38243574953296
1 25118U 97084G   16069.88579977  .00000414  00000-0  18139-3 0  9991,2 25118  45.0163 270.4201 0002965 121.6322  14.0545 14.38244817953461
1 25118U 97084G   16070.63823271 +.00000400 +00000-0 +17703-3 0  9996,2 25118 045.0162 266.8520 0003035 127.5289 307.7959 14.38245626953571
1 25118U 97084G   16070.99597854  .00000390  00000-0  17365-3 0  9992,2 25118  45.0162 265.1558 0003065 129.9022 359.5145 14.38246003953626
1 25118U 97084G   16071.89371127 +.00000466 +00000-0 +19836-3 0  9994,2 25118 045.0161 260.8985 0003136 136.2280 325.8778 14.38247510953753
1 25118U 97084G   16072.50237983  .00000401  00000-0  17707-3 0  9998,2 25118  45.0160 258.0121 0003182 140.0334 236.6263 14.38247868953830
1 25118U 97084G   16072.87548328 +.00000384 +00000-0 +17162-3 0  9991,2 25118 045.0160 256.2428 0003209 142.3180 008.0219 14.38244053953895
1 25118U 97084G   16073.55342571  .00000384  00000-0  17158-3 0  9994,2 25118  45.0160 253.0279 0003260 146.4483 277.4639 14.38244695953993
1 25118U 97084G   16073.91058578 +.00000425 +00000-0 +18501-3 0  9994,2 25118 045.0160 251.3343 0003299 148.6516 326.3154 14.38245073954043
1 25118U 97084G   16074.80915454  .00000323  00000-0  15163-3 0  9996,2 25118  45.0160 247.0733 0003390 154.4507 297.5323 14.38245705954178
1 25118U 97084G   16074.88243942 +.00000347 +00000-0 +15943-3 0  9992,2 25118 045.0160 246.7258 0003394 154.8838 316.9134 14.38245946954185
1 25118U 97084G   16075.85428072  .00000372  00000-0  16779-3 0  9995,2 25118  45.0161 242.1172 0003485 160.6454 307.9218 14.38247029954324
1 25118U 97084G   16075.92929329 +.00000375 +00000-0 +16876-3 0  9995,2 25118 045.0160 241.7615 0003492 161.0595 336.2763 14.38247115954336
1 25118U 97084G   16076.90016137 +.00000376 +00000-0 +16908-3 0  9995,2 25118 045.0161 237.1576 0003583 166.5940 322.4720 14.38248078954471
1 25118U 97084G   16076.97462466  .00000381  00000-0  17066-3 0  9994,2 25118  45.0161 236.8044 0003592 166.9399 348.0485 14.38248184954480
1 25118U 97084G   16077.94490877 +.00000352 +00000-0 +16108-3 0  9993,2 25118 045.0162 232.2034 0003676 172.2012 331.4948 14.38249081954628
1 25118U 97084G   16078.48191618  .00000377  00000-0  16939-3 0  9993,2 25118  45.0163 229.6568 0003729 175.2076 231.6472 14.38249796954696
1 25118U 97084G   16078.91692543 +.00000344 +00000-0 +15855-3 0  9994,2 25118 045.0163 227.5941 0003765 177.3748 324.0121 14.38250125954761
1 25118U 97084G   16079.52183046  .00000321  00000-0  15103-3 0  9996,2 25118  45.0164 224.7256 0003826 180.6351 215.8070 14.38250634954849
1 25118U 97084G   16079.88851265 +.00000337 +00000-0 +15616-3 0  9996,2 25118 045.0164 222.9870 0003855 182.4292 314.4263 14.38251139954905
1 25118U 97084G   16080.49243113 +.00000349 +00000-0 +16015-3 0  9999,2 25118 045.0164 220.1232 0003915 185.6617 201.1382 14.38251821954991
1 25118U 97084G   16081.19369105  .00000352  00000-0  16109-3 0  9995,2 25118  45.0165 216.7980 0003975 189.3229 231.9172 14.38252562955081
1 25118U 97084G   16081.53795869 +.00000345 +00000-0 +15903-3 0  9996,2 25118 045.0165 215.1654 0004016 191.0646 214.4223 14.38252888955132
1 25118U 97084G   16082.73994273  .00000308  00000-0  14695-3 0  9995,2 25118  45.0164 209.4658 0004132 197.0819 317.9682 14.38253886955315
1 25118U 97084G   16084.52737137  .00000292  00000-0  14153-3 0  9999,2 25118  45.0164 200.9898 0004305 205.9490 212.8765 14.38255544955568
1 25118U 97084G   16085.57243653  .00000264  00000-0  13253-3 0  9999,2 25118  45.0165 196.0342 0004395 211.0185 224.1109 14.38256340955727
