1 25115U 97084D   14365.86464482  .00000643  00000-0  26024-3 0  9993,2 25115 045.0157 166.8098 0006428 108.6165 251.5381 14.37419670890995
1 25115U 97084D   15001.97667169  .00000684  00000-0  27369-3 0  9998,2 25115 045.0159 161.5436 0006466 115.0036 245.1484 14.37421592891154
1 25115U 97084D   15003.01919612  .00000708  00000-0  28190-3 0  9998,2 25115 045.0161 156.6067 0006517 120.9123 239.2367 14.37424205891306
1 25115U 97084D   15004.47872707  .00000824  00000-0  32017-3 0  9994,2 25115 045.0163 149.6950 0006617 128.7844 231.3596 14.37426393891518
1 25115U 97084D   15005.79925125  .00001022  00000-0  38567-3 0  9990,2 25115 045.0163 143.4417 0006654 136.2531 223.8846 14.37428449891705
1 25115U 97084D   15007.46727800  .00001038  00000-0  39103-3 0  9990,2 25115 045.0165 135.5426 0006744 145.4343 214.6944 14.37436014891942
1 25115U 97084D   15008.50979096  .00001209  00000-0  44751-3 0  9997,2 25115 045.0165 130.6056 0006799 151.0641 209.0586 14.37440591892093
1 25115U 97084D   15009.89980242  .00001093  00000-0  40896-3 0  9992,2 25115 045.0166 124.0232 0006918 157.7667 202.3483 14.37444209892295
1 25115U 97084D   15011.28981151  .00001021  00000-0  38533-3 0  9994,2 25115 045.0167 117.4404 0007024 164.9219 195.1839 14.37450621892496
1 25115U 97084D   15012.47131406  .00001042  00000-0  39210-3 0  9992,2 25115 045.0168 111.8452 0007117 170.8150 189.2830 14.37454857892660
1 25115U 97084D   15013.51381280  .00001018  00000-0  38419-3 0  9998,2 25115 045.0169 106.9083 0007183 176.1009 183.9896 14.37458043892812
1 25115U 97084D   15014.55630921  .00001189  00000-0  44071-3 0  9992,2 25115 045.0169 101.9712 0007249 181.2734 178.8097 14.37461461892961
1 25115U 97084D   15015.80730179  .00000886  00000-0  34032-3 0  9996,2 25115 045.0169 096.0467 0007331 187.5805 172.4933 14.37465836893142
1 25115U 97084D   15017.33628909  .00000989  00000-0  37428-3 0  9999,2 25115 045.0169 088.8055 0007424 194.7518 165.3115 14.37469766893361
1 25115U 97084D   15018.79577305  .00000529  00000-0  22211-3 0  9997,2 25115 045.0170 081.8935 0007522 201.5347 158.5186 14.37472302893574
1 25115U 97084D   15020.25525313  .00000728  00000-0  28808-3 0  9992,2 25115 045.0170 074.9813 0007590 208.3948 151.6487 14.37474201893780
1 25115U 97084D   15021.71473083  .00000722  00000-0  28589-3 0  9990,2 25115 045.0171 068.0693 0007637 215.2522 144.7821 14.37476981893993
1 25115U 97084D   15023.17420670  .00000680  00000-0  27205-3 0  9993,2 25115 045.0172 061.1571 0007675 222.0155 138.0105 14.37480372894208
1 25115U 97084D   15024.49468193  .00000647  00000-0  26112-3 0  9990,2 25115 045.0173 054.9034 0007697 228.0396 131.9797 14.37482133894396
1 25115U 97084D   15026.09314903  .00000608  00000-0  24817-3 0  9994,2 25115 045.0175 047.3330 0007716 235.3738 124.6383 14.37484716894621
1 25115U 97084D   15027.13562625  .00000764  00000-0  29971-3 0  9995,2 25115 045.0175 042.3958 0007712 240.1724 119.8358 14.37488004894775
1 25115U 97084D   15028.17810175  .00000800  00000-0  31173-3 0  9994,2 25115 045.0176 037.4587 0007699 244.8906 115.1144 14.37491310894929
1 25115U 97084D   15029.49856802  .00001233  00000-0  45497-3 0  9992,2 25115 045.0177 031.2050 0007683 250.7509 109.2508 14.37494876895115
1 25115U 97084D   15031.16652057  .00001175  00000-0  43571-3 0  9991,2 25115 045.0179 023.3055 0007624 258.4351 101.5641 14.37502150895353
1 25115U 97084D   15032.41747969  .00001168  00000-0  43322-3 0  9993,2 25115 045.0179 017.3810 0007568 264.2146 095.7840 14.37506411895538
1 25115U 97084D   15033.94642461  .00001228  00000-0  45298-3 0  9994,2 25115 045.0179 010.1398 0007520 270.8107 089.1879 14.37513937895752
1 25115U 97084D   15035.19737490  .00001218  00000-0  44971-3 0  9996,2 25115 045.0179 004.2154 0007453 276.4664 083.5336 14.37519224895932
1 25115U 97084D   15036.30932461  .00001939  00000-0  68800-3 0  9992,2 25115 045.0177 358.9448 0007504 282.4361 077.5647 14.37520846896091
1 25115U 97084D   15037.35177690  .00001793  00000-0  63965-3 0  9998,2 25115 045.0175 354.0077 0007442 287.2149 072.7885 14.37526116896246
1 25115U 97084D   15038.32472064  .00001618  00000-0  58157-3 0  9992,2 25115 045.0174 349.3999 0007427 290.7493 069.2559 14.37554359896383
1 25115U 97084D   15039.36715053  .00001189  00000-0  43982-3 0  9998,2 25115 045.0176 344.4668 0007196 294.9543 065.0558 14.37561635896534
1 25115U 97084D   15040.89603663  .00001528  00000-0  55176-3 0  9996,2 25115 045.0171 337.2209 0007225 302.7833 057.2319 14.37564465896759
1 25115U 97084D   15042.21643564  .00001641  00000-0  58912-3 0  9995,2 25115 045.0171 330.9667 0007140 308.6784 051.3425 14.37569556896943
1 25115U 97084D   15042.70290221  .00003851  00000-0  12693-2 0  9997,2 25115 045.0182 328.6603 0007431 312.5041 047.5656 14.37578503897016
1 25115U 97084D   15043.25885488  .00000891  00000-0  34137-3 0  9992,2 25115 045.0170 326.0339 0006864 313.4231 046.6046 14.37574022897094
1 25115U 97084D   15047.15053076  .00000716  00000-0  28348-3 0  9998,2 25115 045.0161 307.6004 0006504 332.5597 027.4907 14.37581382897658
1 25115U 97084D   15049.86079319  .00000666  00000-0  26694-3 0  9992,2 25115 045.0157 294.7624 0006234 346.5263 013.5418 14.37586939898042
1 25115U 97084D   15051.11167913  .00000707  00000-0  28059-3 0  9994,2 25115 045.0155 288.8371 0006102 353.2411 006.8354 14.37588279898220
1 25115U 97084D   15052.50155149  .00000647  00000-0  26075-3 0  9995,2 25115 045.0154 282.2533 0005952 000.7048 359.3808 14.37591217898427
1 25115U 97084D   15053.82192803  .00000625  00000-0  25354-3 0  9994,2 25115 045.0153 275.9987 0005829 008.0826 352.0115 14.37592404898617
1 25115U 97084D   15055.00331688  .00000674  00000-0  26949-3 0  9997,2 25115 045.0152 270.4026 0005733 014.5214 345.5798 14.37595565898780
1 25115U 97084D   15056.94912811  .00000573  00000-0  23611-3 0  9995,2 25115 045.0153 261.1842 0005628 025.1473 334.9648 14.37597775899065
1 25115U 97084D   15058.54746995  .00000637  00000-0  25748-3 0  9995,2 25115 045.0158 253.6051 0005835 031.6894 328.4305 14.37599942899298
1 25115U 97084D   15059.93733109  .00000628  00000-0  25424-3 0  9993,2 25115 045.0158 247.0212 0005736 039.4704 320.6561 14.37601932899493
1 25115U 97084D   15061.53566726  .00000892  00000-0  34150-3 0  9990,2 25115 045.0159 239.4496 0005641 048.2788 311.8542 14.37606142899723
1 25115U 97084D   15063.48146260  .00000973  00000-0  36834-3 0  9994,2 25115 045.0161 230.2322 0005513 059.4925 300.6467 14.37610236900003
1 25115U 97084D   15064.52385015  .00000982  00000-0  37127-3 0  9999,2 25115 045.0161 225.2944 0005452 065.6580 294.4837 14.37612526900156
1 25115U 97084D   15065.84420523  .00000853  00000-0  32873-3 0  9999,2 25115 045.0161 219.0397 0005354 073.7634 286.3803 14.37614799900348
1 25115U 97084D   15067.44252531  .00000969  00000-0  36689-3 0  9996,2 25115 045.0160 211.4682 0005302 082.7561 277.3889 14.37619220900575
1 25115U 97084D   15068.48490565  .00001077  00000-0  40257-3 0  9999,2 25115 045.0161 206.5301 0005254 089.0269 271.1181 14.37622188900721
1 25115U 97084D   15069.73576017  .00000948  00000-0  35975-3 0  9992,2 25115 045.0162 200.6046 0005230 096.5719 263.5725 14.37624200900906
1 25115U 97084D   15071.12559583  .00000909  00000-0  34683-3 0  9999,2 25115 045.0163 194.0208 0005225 104.9554 255.1873 14.37626950901106
1 25115U 97084D   15072.16797015  .00000894  00000-0  34217-3 0  9994,2 25115 045.0164 189.0830 0005219 111.2077 248.9329 14.37629232901254
1 25115U 97084D   15073.48830842  .00000889  00000-0  34044-3 0  9998,2 25115 045.0165 182.8285 0005254 119.1087 241.0288 14.37632152901441
1 25115U 97084D   15074.73915307  .00000881  00000-0  33777-3 0  9991,2 25115 045.0165 176.9034 0005281 126.2777 233.8559 14.37634695901626
1 25115U 97084D   15076.12897789  .00000812  00000-0  31503-3 0  9998,2 25115 045.0164 170.3196 0005323 134.4345 225.6939 14.37637078901822
1 25115U 97084D   15077.37981366  .00001388  00000-0  50483-3 0  9998,2 25115 045.0163 164.3940 0005396 141.3653 218.7582 14.37643951902005
1 25115U 97084D   15078.70013825  .00001289  00000-0  47218-3 0  9994,2 25115 045.0163 158.1394 0005447 148.7599 211.3574 14.37647259902191
1 25115U 97084D   15080.15944274  .00001001  00000-0  37710-3 0  9995,2 25115 045.0163 151.2260 0005570 156.8145 203.2955 14.37649252902403
1 25115U 97084D   15081.20179994  .00000941  00000-0  35735-3 0  9998,2 25115 045.0163 146.2880 0005627 162.5786 197.5256 14.37651663902557
1 25115U 97084D   15082.45262567  .00000926  00000-0  35234-3 0  9992,2 25115 045.0164 140.3625 0005688 169.4613 190.6355 14.37654906902739
1 25115U 97084D   15083.14751743  .00001022  00000-0  38367-3 0  9996,2 25115 045.0167 137.0712 0005589 172.2057 187.8879 14.37688009902837
1 25115U 97084D   15084.46779954  .00001012  00000-0  38052-3 0  9996,2 25115 045.0162 130.8153 0005896 178.8490 181.2373 14.37692433903021
1 25115U 97084D   15085.51012580  .00001182  00000-0  43655-3 0  9991,2 25115 045.0162 125.8771 0005943 184.1525 175.9275 14.37695564903178
1 25115U 97084D   15086.89989767  .00005595  00000-0  18396-2 0  9998,2 25115 045.0168 119.2961 0006473 193.7449 166.3700 14.37705141903374
1 25115U 97084D   15087.10835535  .00001356  00000-0  49360-3 0  9993,2 25115 045.0161 118.3050 0006045 192.2011 167.8692 14.37700359903406
1 25115U 97084D   15088.15067551  .00001455  00000-0  52606-3 0  9991,2 25115 045.0160 113.3666 0006116 197.3432 162.7208 14.37703818903551
1 25115U 97084D   15089.47094537  .00001583  00000-0  56844-3 0  9991,2 25115 045.0160 107.1114 0006184 203.7614 156.2949 14.37708144903747
1 25115U 97084D   15091.41659893  .00001507  00000-0  54336-3 0  9990,2 25115 045.0162 097.8931 0006282 213.0299 147.0157 14.37713633904023
1 25115U 97084D   15092.80634585  .00001582  00000-0  56787-3 0  9990,2 25115 045.0164 091.3086 0006379 219.4850 140.5534 14.37718546904222
1 25115U 97084D   15094.05711507  .00001464  00000-0  52901-3 0  9992,2 25115 045.0165 085.3827 0006429 225.2006 134.8320 14.37721865904400
1 25115U 97084D   15095.16890693  .00001372  00000-0  49868-3 0  9995,2 25115 045.0165 080.1152 0006472 230.0813 129.9467 14.37724948904561
1 25115U 97084D   15096.41966968  .00001309  00000-0  47772-3 0  9995,2 25115 045.0166 074.1893 0006499 235.7486 124.2747 14.37728613904746
1 25115U 97084D   15098.36529528  .00001171  00000-0  43254-3 0  9996,2 25115 045.0169 064.9710 0006540 244.3195 115.6978 14.37733657905020
1 25115U 97084D   15099.68553758  .00001036  00000-0  38794-3 0  9997,2 25115 045.0171 058.7156 0006553 250.1105 109.9037 14.37736556905212
1 25115U 97084D   15101.14474828  .00001076  00000-0  40103-3 0  9993,2 25115 045.0174 051.8018 0006566 256.3169 103.6948 14.37740938905422
1 25115U 97084D   15102.18703918  .00001142  00000-0  42267-3 0  9990,2 25115 045.0176 046.8636 0006553 260.7971 099.2136 14.37744300905572
1 25115U 97084D   15103.29881410  .00001061  00000-0  39625-3 0  9991,2 25115 045.0177 041.5961 0006540 265.5482 094.4619 14.37747039905735
1 25115U 97084D   15104.82750051  .00001241  00000-0  45521-3 0  9999,2 25115 045.0178 034.3532 0006541 271.9267 088.0832 14.37752385905953
1 25115U 97084D   15106.14772539  .00001380  00000-0  50108-3 0  9992,2 25115 045.0178 028.0982 0006491 277.5048 082.5063 14.37757211906145
1 25115U 97084D   15107.25949015  .00001512  00000-0  54428-3 0  9996,2 25115 045.0178 022.8306 0006450 282.2667 077.7458 14.37761644906309
1 25115U 97084D   15108.78816256  .00001507  00000-0  54257-3 0  9999,2 25115 045.0179 015.5876 0006384 288.8084 071.2071 14.37766706906520
1 25115U 97084D   15109.83043619  .00001518  00000-0  54628-3 0  9995,2 25115 045.0180 010.6493 0006336 293.4826 066.5356 14.37770304906674
1 25115U 97084D   15111.15064443  .00001882  00000-0  66573-3 0  9997,2 25115 045.0181 004.3942 0006280 299.3279 060.6942 14.37777128906867
1 25115U 97084D   15112.19291094  .00001914  00000-0  67647-3 0  9995,2 25115 045.0181 359.4558 0006212 303.7158 056.3098 14.37781275907015
1 25115U 97084D   15113.72156290  .00001777  00000-0  63139-3 0  9992,2 25115 045.0181 352.2124 0006080 310.0031 050.0283 14.37786596907231
1 25115U 97084D   15114.83330618  .00001723  00000-0  61348-3 0  9994,2 25115 045.0179 346.9448 0005999 314.8288 045.2072 14.37790626907399
1 25115U 97084D   15116.08401427  .00001433  00000-0  51794-3 0  9992,2 25115 045.0178 341.0188 0005909 320.4983 039.5434 14.37793696907579
1 25115U 97084D   15117.82110396  .00001115  00000-0  41349-3 0  9999,2 25115 045.0176 332.7877 0005775 328.2131 031.8368 14.37797742907826
1 25115U 97084D   15119.76663831  .00000874  00000-0  33431-3 0  9995,2 25115 045.0175 323.5687 0005558 337.1109 022.9491 14.37801998908104
1 25115U 97084D   15121.01733660  .00000756  00000-0  29549-3 0  9998,2 25115 045.0174 317.6424 0005434 343.0210 017.0455 14.37804296908286
1 25115U 97084D   15122.54596522  .00000643  00000-0  25839-3 0  9994,2 25115 045.0174 310.3990 0005245 350.1094 009.9650 14.37806785908500
1 25115U 97084D   15123.79665956  .00000627  00000-0  25298-3 0  9991,2 25115 045.0174 304.4726 0005109 356.2055 003.8754 14.37808955908682
1 25115U 97084D   15124.83890329  .00000666  00000-0  26574-3 0  9992,2 25115 045.0173 299.5340 0005000 001.3822 358.7039 14.37811002908839
1 25115U 97084D   15126.50649040  .00000783  00000-0  30422-3 0  9997,2 25115 045.0171 291.6319 0004875 009.8127 350.2816 14.37814560909075
1 25115U 97084D   15127.89614323  .00000907  00000-0  34504-3 0  9999,2 25115 045.0170 285.0470 0004788 017.1170 342.9839 14.37817756909277
1 25115U 97084D   15129.49424057  .00000979  00000-0  36875-3 0  9992,2 25115 045.0170 277.4738 0004638 025.6217 334.4860 14.37821134909500
1 25115U 97084D   15130.81440388  .00001043  00000-0  38960-3 0  9995,2 25115 045.0170 271.2181 0004478 032.7403 327.3723 14.37824509909690
1 25115U 97084D   15132.48197290  .00001587  00000-0  56831-3 0  9991,2 25115 045.0170 263.3160 0004336 041.8385 318.2794 14.37831879909934
1 25115U 97084D   15133.87160796  .00001638  00000-0  58491-3 0  9997,2 25115 045.0170 256.7311 0004248 049.7457 310.3762 14.37836507910132
1 25115U 97084D   15135.12227544  .00001695  00000-0  60388-3 0  9993,2 25115 045.0169 250.8049 0004174 056.7632 303.3616 14.37841001910319
1 25115U 97084D   15136.51190234  .00001506  00000-0  54161-3 0  9995,2 25115 045.0167 244.2197 0004075 065.2570 294.8702 14.37844566910515
1 25115U 97084D   15137.83204322  .00001228  00000-0  45012-3 0  9991,2 25115 045.0165 237.9638 0004003 073.4163 286.7124 14.37847607910700
1 25115U 97084D   15139.08270049  .00001026  00000-0  38377-3 0  9991,2 25115 045.0165 232.0372 0003953 081.1343 278.9952 14.37850279910880
1 25115U 97084D   15140.12491249  .00000930  00000-0  35234-3 0  9997,2 25115 045.0165 227.0983 0003938 087.4304 272.6995 14.37852690911036
1 25115U 97084D   15141.37556509  .00000803  00000-0  31067-3 0  9995,2 25115 045.0165 221.1717 0003887 095.0533 265.0759 14.37855042911216
1 25115U 97084D   15142.48725452  .00000657  00000-0  26275-3 0  9995,2 25115 045.0164 215.9037 0003871 101.9440 258.1842 14.37856742911379
1 25115U 97084D   15143.66842313  .00000497  00000-0  21018-3 0  9994,2 25115 045.0162 210.3065 0003871 109.1329 250.9938 14.37858239911541
1 25115U 97084D   15144.71062951  .00000447  00000-0  19350-3 0  9994,2 25115 045.0161 205.3676 0003883 115.4266 244.6984 14.37859788911692
1 25115U 97084D   15146.16971748  .00000319  00000-0  15155-3 0  9995,2 25115 045.0158 198.4531 0003909 124.5040 235.6178 14.37860997911903
1 25115U 97084D   15147.48984332  .00000335  00000-0  15671-3 0  9995,2 25115 045.0156 192.1971 0003958 132.3933 227.7250 14.37862508912096
1 25115U 97084D   15148.53204694  .00000356  00000-0  16389-3 0  9998,2 25115 045.0155 187.2581 0004000 138.4854 221.6298 14.37863715912248
1 25115U 97084D   15150.13009088  .00000326  00000-0  15374-3 0  9997,2 25115 045.0154 179.6847 0004072 147.6886 212.4212 14.37865197912478
1 25115U 97084D   15150.13009088  .00000326  00000-0  15374-3 0  9997,2 25115 045.0154 179.6847 0004072 147.6886 212.4212 14.37865197912478
1 25115U 97084D   15151.45021286  .00000716  00000-0  28185-3 0  9994,2 25115 045.0154 173.4287 0004147 154.9151 205.1899 14.37868535912667
1 25115U 97084D   15154.15993365  .00000301  00000-0  14572-3 0  9995,2 25115 045.0155 160.5872 0004313 169.3193 190.7748 14.37868830913050
1 25115U 97084D   15155.48005193  .00000367  00000-0  16740-3 0  9996,2 25115 045.0154 154.3311 0004410 176.0915 183.9969 14.37870498913246
1 25115U 97084D   15157.14756790  .00000466  00000-0  19976-3 0  9991,2 25115 045.0155 146.4286 0004517 184.2927 175.7884 14.37872708913489
1 25115U 97084D   15158.39820354  .00000578  00000-0  23642-3 0  9996,2 25115 045.0155 140.5017 0004601 190.2692 169.8063 14.37874546913661
1 25115U 97084D   15159.44039821  .00000786  00000-0  30485-3 0  9998,2 25115 045.0156 135.5625 0004666 195.1265 164.9445 14.37876985913818
1 25115U 97084D   15159.92675478 +.00000848 +00000-0 +32522-3 0  9998,2 25115 045.0157 133.2575 0004698 197.4500 162.6187 14.37878151913657
1 25115U 97084D   15160.89946787 +.00000882 +00000-0 +33643-3 0  9993,2 25115 045.0159 128.6476 0004776 201.9068 158.1576 14.37879879913799
1 25115U 97084D   15161.10790602  .00000894  00000-0  34034-3 0  9999,2 25115 045.0160 127.6598 0004795 202.8752 157.1883 14.37880370914054
1 25115U 97084D   15161.94165891 +.00000931 +00000-0 +35237-3 0  9995,2 25115 045.0161 123.7086 0004838 206.6126 153.4475 14.37882032913949
1 25115U 97084D   15162.91436864 +.00000963 +00000-0 +36283-3 0  9991,2 25115 045.0164 119.0988 0004902 210.9247 149.1313 14.37884229914084
1 25115U 97084D   15163.33124389 +.00001071 +00000-0 +39830-3 0  9996,2 25115 045.0165 117.1234 0004911 212.6398 147.4148 14.37885687914147
1 25115U 97084D   15164.09551408  .00001044  00000-0  38945-3 0  9992,2 25115 045.0167 113.5013 0004974 216.0575 143.9938 14.37887296914481
1 25115U 97084D   15164.92926284 +.00001030 +00000-0 +38480-3 0  9991,2 25115 045.0167 109.5501 0005010 219.5544 140.4939 14.37889048914372
1 25115U 97084D   15165.90196794 +.00000920 +00000-0 +34874-3 0  9995,2 25115 045.0168 104.9403 0005059 223.5867 136.4583 14.37890771914510
1 25115U 97084D   15166.24936206  .00000916  00000-0  34728-3 0  9996,2 25115 045.0168 103.2940 0005075 224.9861 135.0576 14.37891640914798
1 25115U 97084D   15166.31884090 +.00000911 +00000-0 +34572-3 0  9999,2 25115 045.0168 102.9648 0005075 225.2676 134.7760 14.37891786914575
1 25115U 97084D   15167.84737345  .00000811  00000-0  31284-3 0  9994,2 25115 045.0170 095.7209 0005138 231.6822 128.3565 14.37894883915028
1 25115U 97084D   15168.82007440 +.00000734 +00000-0 +28751-3 0  9998,2 25115 045.0171 091.1110 0005179 235.6713 124.3646 14.37896630914935
1 25115U 97084D   15169.16746731  .00000745  00000-0  29116-3 0  9997,2 25115 045.0172 089.4648 0005176 237.1077 122.9273 14.37897453915215
1 25115U 97084D   15170.20964521  .00000649  00000-0  25971-3 0  9991,2 25115 045.0172 084.5258 0005207 241.0942 118.9385 14.37899069915368
1 25115U 97084D   15171.32130030  .00000593  00000-0  24120-3 0  9998,2 25115 045.0174 079.2576 0005240 245.8413 114.1888 14.37900939915529
1 25115U 97084D   15172.84982426  .00000475  00000-0  20263-3 0  9993,2 25115 045.0175 072.0137 0005279 251.8795 108.1479 14.37902977915743
1 25115U 97084D   15174.10043265  .00000480  00000-0  20424-3 0  9998,2 25115 045.0176 066.0872 0005264 256.5255 103.5007 14.37905160915923
1 25115U 97084D   15175.69842951  .00000627  00000-0  25250-3 0  9997,2 25115 045.0176 058.5139 0005267 262.8643 097.1607 14.37908618916150
1 25115U 97084D   15177.08799073  .00000467  00000-0  20009-3 0  9997,2 25115 045.0176 051.9287 0005250 268.2000 091.8247 14.37909826916355
1 25115U 97084D   15178.47755044  .00000372  00000-0  16891-3 0  9990,2 25115 045.0176 045.3432 0005237 273.7438 086.2811 14.37911292916552
1 25115U 97084D   15179.72815333  .00000270  00000-0  13521-3 0  9991,2 25115 045.0176 039.4162 0005214 278.8130 081.2128 14.37912308916731
1 25115U 97084D   15180.97875586  .00000140  00000-0  92762-4 0  9997,2 25115 045.0176 033.4893 0005174 283.8708 076.1565 14.37912753916910
1 25115U 97084D   15182.09039038  .00000150  00000-0  96026-4 0  9994,2 25115 045.0177 028.2209 0005131 288.0376 071.9913 14.37913615917071
1 25115U 97084D   15183.54942513  .00000177  00000-0  10491-3 0  9996,2 25115 045.0178 021.3061 0005074 293.6527 066.3789 14.37914736917285
1 25115U 97084D   15184.80002567  .00000198  00000-0  11183-3 0  9994,2 25115 045.0178 015.3792 0005007 298.5876 061.4469 14.37915724917465
1 25115U 97084D   15185.84219220  .00000307  00000-0  14759-3 0  9999,2 25115 045.0178 010.4402 0004960 302.8388 057.1983 14.37917035917610
1 25115U 97084D   15187.50965613  .00000408  00000-0  18062-3 0  9991,2 25115 045.0178 002.5375 0004882 309.7787 050.2631 14.37919155917858
1 25115U 97084D   15188.82973012  .00000529  00000-0  22041-3 0  9995,2 25115 045.0178 356.2813 0004801 315.3041 044.7420 14.37921253918049
1 25115U 97084D   15189.94136990  .00000722  00000-0  28373-3 0  9994,2 25115 045.0178 351.0127 0004741 320.0110 040.0389 14.37923745918202
1 25115U 97084D   15191.05300830  .00000387  00000-0  17367-3 0  9993,2 25115 045.0179 345.7442 0004636 324.1140 035.9397 14.37923649918366
1 25115U 97084D   15192.51203189  .00000614  00000-0  24813-3 0  9991,2 25115 045.0180 338.8294 0004521 330.1478 029.9112 14.37927029918577
1 25115U 97084D   15193.76262218  .00000529  00000-0  22014-3 0  9993,2 25115 045.0180 332.9026 0004421 335.5632 024.5006 14.37928296918755
1 25115U 97084D   15194.80477917  .00000585  00000-0  23863-3 0  9998,2 25115 045.0179 327.9635 0004343 340.2499 019.8181 14.37930157918907
1 25115U 97084D   15196.47222850  .00000495  00000-0  20907-3 0  9993,2 25115 045.0179 320.0609 0004206 347.6872 012.3873 14.37932142919145
1 25115U 97084D   15197.72281391  .00000343  00000-0  15923-3 0  9991,2 25115 045.0178 314.1340 0004102 353.5168 006.5626 14.37933095919328
1 25115U 97084D   15198.76496746  .00000312  00000-0  14899-3 0  9995,2 25115 045.0178 309.1948 0004021 358.3894 001.6940 14.37934263919474
1 25115U 97084D   15200.43241162  .00000291  00000-0  14212-3 0  9998,2 25115 045.0177 301.2921 0003866 006.0137 354.0758 14.37935987919713
1 25115U 97084D   15201.68299349  .00000196  00000-0  11106-3 0  9999,2 25115 045.0175 295.3652 0003753 012.2612 347.8327 14.37936785919895
1 25115U 97084D   15203.21148106  .00000177  00000-0  10489-3 0  9996,2 25115 045.0174 288.1210 0003610 019.6205 340.4781 14.37938145920117
1 25115U 97084D   15204.46206074  .00000194  00000-0  11030-3 0  9995,2 25115 045.0173 282.1942 0003503 026.3307 333.7719 14.37939356920291
1 25115U 97084D   15205.57368632  .00000211  00000-0  11591-3 0  9999,2 25115 045.0170 276.9259 0003428 032.4739 327.6319 14.37940364920450
1 25115U 97084D   15206.68531106  .00000205  00000-0  11407-3 0  9999,2 25115 045.0167 271.6573 0003346 038.7376 321.3712 14.37941285920611
1 25115U 97084D   15208.14431734  .00000179  00000-0  10558-3 0  9994,2 25115 045.0164 264.7421 0003247 046.6393 313.4725 14.37942402920821
1 25115U 97084D   15209.18646373  .00000179  00000-0  10550-3 0  9998,2 25115 045.0163 259.8028 0003188 052.6984 307.4155 14.37943347920970
1 25115U 97084D   15210.50651474  .00000251  00000-0  12904-3 0  9990,2 25115 045.0162 253.5464 0003129 060.4628 299.6532 14.37944880921167
1 25115U 97084D   15210.50651474  .00000251  00000-0  12904-3 0  9990,2 25115 045.0162 253.5464 0003129 060.4628 299.6532 14.37944880921167
1 25115U 97084D   15211.54866274  .00000268  00000-0  13479-3 0  9997,2 25115 045.0160 248.6073 0003105 066.8552 293.2623 14.37940664921310
1 25115U 97084D   15212.59081044  .00000293  00000-0  14281-3 0  9997,2 25115 045.0159 243.6676 0003063 073.4565 286.6620 14.37941861921462
1 25115U 97084D   15214.18876892  .00000210  00000-0  11551-3 0  9993,2 25115 045.0157 236.0937 0003027 083.7955 276.3238 14.37942974921695
1 25115U 97084D   15215.50882002  .00000243  00000-0  12656-3 0  9993,2 25115 045.0157 229.8373 0003032 092.0038 268.1158 14.37944314921881
1 25115U 97084D   15217.17625157  .00000272  00000-0  13600-3 0  9996,2 25115 045.0156 221.9340 0003039 102.3371 257.7818 14.37945790922123
1 25115U 97084D   15218.56577593  .00000297  00000-0  14409-3 0  9995,2 25115 045.0156 215.3482 0003076 109.9495 250.1685 14.37947315922324
1 25115U 97084D   15220.09425063  .00000340  00000-0  15825-3 0  9992,2 25115 045.0155 208.1034 0003116 119.7798 240.3360 14.37949209922545
1 25115U 97084D   15221.13639108  .00000398  00000-0  17731-3 0  9996,2 25115 045.0156 203.1640 0003167 126.6641 233.4499 14.37950779922690
1 25115U 97084D   15222.17853109  .00000360  00000-0  16492-3 0  9992,2 25115 045.0158 198.2247 0003217 132.4496 227.6625 14.37951692922846
1 25115U 97084D   15223.35962158  .00000321  00000-0  15205-3 0  9996,2 25115 045.0158 192.6266 0003313 138.8654 221.2444 14.37952894923012
1 25115U 97084D   15224.40175970  .00000266  00000-0  13402-3 0  9996,2 25115 045.0158 187.6872 0003386 143.9915 216.1162 14.37953764923169
1 25115U 97084D   15225.86075080  .00000208  00000-0  11481-3 0  9999,2 25115 045.0161 180.7722 0003478 152.5843 207.5190 14.37955271923372
1 25115U 97084D   15226.90288644  .00000186  00000-0  10787-3 0  9990,2 25115 045.0162 175.8328 0003560 157.8136 202.2867 14.37956362923527
1 25115U 97084D   15228.15344774  .00000359  00000-0  16449-3 0  9999,2 25115 045.0163 169.9056 0003649 164.2816 195.8146 14.37958743923707
1 25115U 97084D   15229.19558153  .00000347  00000-0  16061-3 0  9999,2 25115 045.0164 164.9662 0003729 169.3639 190.7289 14.37959784923858
1 25115U 97084D   15229.89033696 +.00000327 +00000-0 +15404-3 0  9994,2 25115 045.0164 161.6732 0003799 172.6952 187.3952 14.37960384923725
1 25115U 97084D   15230.23771420  .00000322  00000-0  15216-3 0  9994,2 25115 045.0165 160.0268 0003815 174.5931 185.4959 14.37960868924005
1 25115U 97084D   15230.86299365 +.00000282 +00000-0 +13923-3 0  9994,2 25115 045.0165 157.0631 0003872 177.7454 182.3412 14.37961281923866
1 25115U 97084D   15231.27984622  .00000233  00000-0  12313-3 0  9995,2 25115 045.0166 155.0876 0003901 179.3474 180.7380 14.37961570924159
1 25115U 97084D   15231.90512505 +.00000247 +00000-0 +12762-3 0  9995,2 25115 045.0167 152.1239 0003948 182.3441 177.7390 14.37962360924010
1 25115U 97084D   15232.87778006  .00000244  00000-0  12654-3 0  9999,2 25115 045.0167 147.5137 0004042 187.1055 172.9736 14.37963478924387
1 25115U 97084D   15234.12833552  .00000198  00000-0  11173-3 0  9990,2 25115 045.0169 141.5867 0004149 192.4871 167.5875 14.37964688924564
1 25115U 97084D   15234.89256305 +.00000178 +00000-0 +10513-3 0  9994,2 25115 045.0168 137.9645 0004207 196.1244 163.9471 14.37966192924447
1 25115U 97084D   15235.17046414  .00000251  00000-0  12899-3 0  9995,2 25115 045.0168 136.6475 0004221 197.1443 162.9263 14.37966591924713
1 25115U 97084D   15235.86521615 +.00000265 +00000-0 +13361-3 0  9992,2 25115 045.0168 133.3545 0004274 200.2324 159.8356 14.37967254924587
1 25115U 97084D   15236.21259226  .00000247  00000-0  12777-3 0  9998,2 25115 045.0168 131.7081 0004300 201.6676 158.3991 14.37967472924861
1 25115U 97084D   15236.90734396 +.00000235 +00000-0 +12376-3 0  9992,2 25115 045.0168 128.4151 0004355 204.7181 155.3460 14.37968018924738
1 25115U 97084D   15237.81052098  .00000246  00000-0  12725-3 0  9995,2 25115 045.0167 124.1342 0004421 208.4914 151.5693 14.37968781925094
1 25115U 97084D   15240.10319861  .00000270  00000-0  13521-3 0  9997,2 25115 045.0167 113.2674 0004579 218.1329 141.9196 14.37970806925422
1 25115U 97084D   15240.86742351 +.00000318 +00000-0 +15089-3 0  9998,2 25115 045.0167 109.6450 0004634 221.3496 138.7002 14.37971780925305
1 25115U 97084D   15240.86742351 +.00000318 +00000-0 +15089-3 0  9998,2 25115 045.0167 109.6450 0004634 221.3496 138.7002 14.37971780925305
1 25115U 97084D   15241.21479838  .00000349  00000-0  16093-3 0  9995,2 25115 045.0167 107.9986 0004651 222.8712 137.1774 14.37972282925583
1 25115U 97084D   15241.70112312 +.00000326 +00000-0 +15365-3 0  9996,2 25115 045.0167 105.6934 0004691 224.7956 135.2514 14.37972608925422
1 25115U 97084D   15242.46534742  .00000274  00000-0  13663-3 0  9996,2 25115 045.0168 102.0712 0004735 227.8500 132.1946 14.37973080925763
1 25115U 97084D   15242.67377214 +.00000267 +00000-0 +13420-3 0  9991,2 25115 045.0167 101.0832 0004751 228.6321 131.4119 14.37973250925563
1 25115U 97084D   15243.50747094  .00000252  00000-0  12919-3 0  9997,2 25115 045.0168 097.1317 0004801 231.8291 128.2126 14.37973972925917
1 25115U 97084D   15243.92432017 +.00000237 +00000-0 +12450-3 0  9992,2 25115 045.0168 095.1559 0004823 233.3622 126.6784 14.37974302925743
1 25115U 97084D   15244.68854365  .00000213  00000-0  11665-3 0  9991,2 25115  45.0168  91.5336 0004872 236.4513 123.5871 14.37974840926081
1 25115U 97084D   15245.93909086 +.00000171 +00000-0 +10273-3 0  9998,2 25115 045.0168 085.6062 0004931 241.5692 118.4660 14.37975510926031
1 25115U 97084D   15246.00856567  .00000170  00000-0  10228-3 0  9991,2 25115  45.0168  85.2769 0004933 241.8694 118.1656 14.37975552926272
1 25115U 97084D   15246.63383907 +.00000159 +00000-0 +98829-4 0  9994,2 25115 045.0168 082.3132 0004968 244.1527 115.8809 14.37975884926130
1 25115U 97084D   15247.46753659  .00000158  00000-0  98567-4 0  9999,2 25115  45.0168  78.3616 0005013 247.1013 112.9307 14.37976395926484
1 25115U 97084D   15247.67596094 +.00000152 +00000-0 +96556-4 0  9990,2 25115 045.0167 077.3736 0005017 247.9657 112.0658 14.37976499926284
1 25115U 97084D   15248.50965816  .00000160  00000-0  99057-4 0  9993,2 25115  45.0167  73.4219 0005045 251.3108 108.7193 14.37977055926632
1 25115U 97084D   15248.92650668 +.00000159 +00000-0 +98858-4 0  9991,2 25115 045.0167 071.4461 0005043 252.9979 107.0317 14.37977329926465
1 25115U 97084D   15249.55177925  .00000152  00000-0  96436-4 0  9994,2 25115  45.0168  68.4823 0005068 255.3987 104.6300 14.37977710926781
1 25115U 97084D   15249.89915281 +.00000159 +00000-0 +98677-4 0  9992,2 25115 045.0169 066.8358 0005079 256.7327 103.2955 14.37977986926609
1 25115U 97084D   15250.87179857  .00000179  00000-0  10525-3 0  9990,2 25115  45.0170  62.2256 0005099 260.6072  99.4201 14.37978753926974
1 25115U 97084D   15251.84444371 +.00000231 +00000-0 +12232-3 0  9990,2 25115 045.0172 057.6154 0005129 264.3175 095.7089 14.37979760926882
1 25115U 97084D   15251.91391834  .00000233  00000-0  12309-3 0  9990,2 25115  45.0171  57.2861 0005129 264.5866  95.4397 14.37979829927124
1 25115U 97084D   15252.88656316 +.00000246 +00000-0 +12739-3 0  9997,2 25115 045.0174 052.6759 0005117 268.9539 091.0723 14.37980601927039
1 25115U 97084D   15253.51183439  .00000268  00000-0  13450-3 0  9994,2 25115  45.0175  49.7122 0005130 271.3765  88.6496 14.37981267927358
1 25115U 97084D   15253.85920703 +.00000255 +00000-0 +13028-3 0  9991,2 25115 045.0175 048.0658 0005141 272.4723 087.5536 14.37981556927176
1 25115U 97084D   15254.76237586  .00000282  00000-0  13916-3 0  9998,2 25115  45.0177  43.7849 0005146 275.9653  84.0608 14.37982580927537
1 25115U 97084D   15254.90132489 +.00000270 +00000-0 +13509-3 0  9995,2 25115 045.0177 043.1263 0005146 276.5337 083.4925 14.37982652927329
1 25115U 97084D   15255.80449325  .00000248  00000-0  12808-3 0  9991,2 25115  45.0178  38.8455 0005148 279.9798  80.0470 14.37983409927682
1 25115U 97084D   15255.87396768 +.00000243 +00000-0 +12617-3 0  9993,2 25115 045.0178 038.5162 0005149 280.2420 079.7847 14.37983461927469
1 25115U 97084D   15256.77713584 +.00000220 +00000-0 +11875-3 0  9992,2 25115 045.0179 034.2354 0005147 283.7390 076.2886 14.37984087927592
1 25115U 97084D   15257.40240584  .00000221  00000-0  11926-3 0  9996,2 25115  45.0179  31.2716 0005147 286.2099  73.8183 14.37984587927919
1 25115U 97084D   15257.81925245 +.00000227 +00000-0 +12101-3 0  9997,2 25115 045.0180 029.2959 0005136 287.8886 072.1402 14.37984935927740
1 25115U 97084D   15258.51399653  .00000237  00000-0  12435-3 0  9994,2 25115  45.0180  26.0029 0005134 290.6245  69.4053 14.37985529928070
1 25115U 97084D   15258.79189413 +.00000235 +00000-0 +12359-3 0  9998,2 25115 045.0180 024.6858 0005140 291.6996 068.3304 14.37985721927884
1 25115U 97084D   15259.76453551  .00000202  00000-0  11301-3 0  9993,2 25115  45.0181  20.0757 0005118 295.5892  64.4428 14.37986249928258
1 25115U 97084D   15260.80665061  .00000201  00000-0  11247-3 0  9999,2 25115  45.0182  15.1363 0005095 299.8182  60.2160 14.37987067928403
1 25115U 97084D   15261.70981670 +.00000220 +00000-0 +11875-3 0  9994,2 25115 045.0183 010.8555 0005070 303.5106 056.5258 14.37987847928302
1 25115U 97084D   15262.47403369  .00000267  00000-0  13424-3 0  9996,2 25115  45.0183   7.2332 0005052 306.5638  53.4745 14.37988709928640
1 25115U 97084D   15262.75193071 +.00000287 +00000-0 +14066-3 0  9998,2 25115 045.0183 005.9162 0005036 307.8348 052.2044 14.37989045928452
1 25115U 97084D   15263.51614724  .00000333  00000-0  15578-3 0  9997,2 25115  45.0184   2.2940 0005015 310.8972  49.1442 14.37989913928799
1 25115U 97084D   15263.79404403 +.00000353 +00000-0 +16224-3 0  9999,2 25115 045.0184 000.9769 0005000 312.1123 047.9300 14.37990271928608
1 25115U 97084D   15264.76668248  .00000345  00000-0  15979-3 0  9993,2 25115  45.0183 356.3670 0004966 316.1594  43.8860 14.37991117928978
1 25115U 97084D   15265.66984611 +.00000344 +00000-0 +15941-3 0  9996,2 25115 045.0183 352.0862 0004927 319.9522 040.0963 14.37992018928876
1 25115U 97084D   15266.22563885  .00000340  00000-0  15808-3 0  9993,2 25115  45.0182 349.4518 0004903 322.2144  37.8359 14.37992553929186
1 25115U 97084D   15266.71195717 +.00000345 +00000-0 +15964-3 0  9990,2 25115 045.0182 347.1468 0004877 324.3449 035.7073 14.37993149929021
1 25115U 97084D   15267.33722333  .00000369  00000-0  16749-3 0  9997,2 25115  45.0181 344.1831 0004848 326.9443  33.1101 14.37993988929341
1 25115U 97084D   15267.68459325 +.00000376 +00000-0 +16988-3 0  9996,2 25115 045.0180 342.5367 0004830 328.5101 031.5458 14.37994444929161
1 25115U 97084D   15268.37933286  .00000391  00000-0  17473-3 0  9993,2 25115  45.0180 339.2436 0004791 331.4006  28.6580 14.37995308929493
1 25115U 97084D   15268.65722864 +.00000400 +00000-0 +17783-3 0  9997,2 25115 045.0180 337.9265 0004775 332.7604 027.2993 14.37995678929301
1 25115U 97084D   15269.49091544  .00000408  00000-0  18036-3 0  9994,2 25115  45.0179 333.9749 0004735 336.4082  23.6548 14.37996683929650
1 25115U 97084D   15269.69933706 +.00000408 +00000-0 +18045-3 0  9991,2 25115 045.0179 332.9870 0004722 337.3904 022.6735 14.37996934929457
1 25115U 97084D   15270.67197083  .00000434  00000-0  18892-3 0  9990,2 25115  45.0178 328.3768 0004664 341.7536  18.3145 14.37998200929822
1 25115U 97084D   15271.57513005 +.00000415 +00000-0 +18262-3 0  9996,2 25115 045.0177 324.0959 0004615 345.8407 014.2311 14.37999190929722
1 25115U 97084D   15272.20039370  .00000425  00000-0  18578-3 0  9996,2 25115  45.0176 321.1321 0004578 348.6920  11.3825 14.38000015930046
1 25115U 97084D   15272.47828857 +.00000421 +00000-0 +18462-3 0  9999,2 25115 045.0176 319.8150 0004570 349.9832 010.0925 14.38000344929857
1 25115U 97084D   15273.52039335  .00000459  00000-0  19701-3 0  9999,2 25115  45.0175 314.8755 0004503 354.9167   5.1635 14.38001933930237
1 25115U 97084D   15273.58986694 +.00000459 +00000-0 +19704-3 0  9997,2 25115 045.0174 314.5462 0004495 355.2796 004.8009 14.38002036930012
1 25115U 97084D   15274.56249724  .00000495  00000-0  20898-3 0  9998,2 25115  45.0173 309.9359 0004434 359.9546   0.1301 14.38003461930388
1 25115U 97084D   15275.46565308 +.00000586 +00000-0 +23877-3 0  9998,2 25115 045.0172 305.6549 0004379 004.3376 355.7509 14.38005094930283
1 25115U 97084D   15276.16038753  .00000578  00000-0  23597-3 0  9995,2 25115  45.0171 302.3617 0004335   7.6961 352.3953 14.38006044930619
1 25115U 97084D   15276.57722813 +.00000604 +00000-0 +24454-3 0  9990,2 25115 045.0170 300.3859 0004309 009.8724 350.2209 14.38006750930442
1 25115U 97084D   15277.48038218  .00000540  00000-0  22342-3 0  9993,2 25115  45.0168 296.1049 0004252  14.4903 345.6067 14.38007648930807
1 25115U 97084D   15278.52248180  .00000456  00000-0  19612-3 0  9992,2 25115  45.0167 291.1651 0004191  19.9300 340.1712 14.38008737930956
1 25115U 97084D   15279.49510737 +.00000413 +00000-0 +18200-3 0  9994,2 25115 045.0167 286.5547 0004135 025.1411 334.9638 14.38009842930864
1 25115U 97084D   15280.18983939  .00000445  00000-0  19231-3 0  9990,2 25115  45.0167 283.2614 0004092  28.8320 331.2754 14.38010910931198
1 25115U 97084D   15280.46773185 +.00000469 +00000-0 +20020-3 0  9995,2 25115 045.0167 281.9443 0004086 030.3613 329.7471 14.38011477931006
1 25115U 97084D   15281.50982867  .00000462  00000-0  19793-3 0  9998,2 25115  45.0167 277.0045 0004046  36.0224 324.0896 14.38012803931381
1 25115U 97084D   15281.85719402 +.00000446 +00000-0 +19272-3 0  9993,2 25115 045.0167 275.3580 0004018 037.9272 322.1859 14.38013163931207
1 25115U 97084D   15282.96876266 +.00000372 +00000-0 +16848-3 0  9992,2 25115 045.0166 270.0889 0003968 044.2391 315.8774 14.38014153931368
1 25115U 97084D   15283.17718164  .00000370  00000-0  16799-3 0  9991,2 25115  45.0166 269.1010 0003959  45.5069 314.6103 14.38014419931626
1 25115U 97084D   15283.94138434 +.00000334 +00000-0 +15597-3 0  9997,2 25115 045.0166 265.4785 0003941 049.7864 310.3329 14.38015156931503
1 25115U 97084D   15284.42769481  .00000333  00000-0  15577-3 0  9990,2 25115  45.0166 263.1735 0003935  52.6776 307.4431 14.38015792931801
1 25115U 97084D   15284.91400514 +.00000331 +00000-0 +15516-3 0  9994,2 25115 045.0166 260.8682 0003917 055.4563 304.6655 14.38016347931647
1 25115U 97084D   15285.67820666  .00000332  00000-0  15550-3 0  9991,2 25115  45.0166 257.2459 0003903  60.0532 300.0703 14.38017266931984
1 25115U 97084D   15285.95609794 +.00000342 +00000-0 +15872-3 0  9997,2 25115 045.0166 255.9285 0003898 061.6965 298.4277 14.38017640931797
1 25115U 97084D   15286.92871727 +.00000356 +00000-0 +16343-3 0  9991,2 25115 045.0166 251.3182 0003896 067.3051 292.8209 14.38018750931932
1 25115U 97084D   15287.13713546  .00000361  00000-0  16501-3 0  9991,2 25115  45.0166 250.3303 0003881  68.7107 291.4155 14.38019044932198
1 25115U 97084D   15287.34555364 +.00000454 +00000-0 +19523-3 0  9996,2 25115 045.0166 249.3424 0003892 069.8876 290.2390 14.38019784931993
1 25115U 97084D   15288.17922622  .00000450  00000-0  19404-3 0  9997,2 25115  45.0166 245.3906 0003880  74.9398 285.1880 14.38020691932343
1 25115U 97084D   15288.87395254 +.00000507 +00000-0 +21277-3 0  9993,2 25115 045.0165 242.0974 0003875 079.1175 281.0109 14.38021894932216
1 25115U 97084D   15289.36026078  .00000531  00000-0  22045-3 0  9994,2 25115  45.0165 239.7923 0003885  82.0760 278.0529 14.38022657932510
1 25115U 97084D   15289.91604118 +.00000551 +00000-0 +22704-3 0  9996,2 25115 045.0166 237.1577 0003888 085.4219 274.7073 14.38023539932367
1 25115U 97084D   15290.88865602  .00000593  00000-0  24084-3 0  9990,2 25115  45.0166 232.5473 0003901  91.3233 268.8063 14.38025182932739
1 25115U 97084D   15291.86126967 +.00000633 +00000-0 +25401-3 0  9992,2 25115 045.0167 227.9369 0003929 097.1714 262.9581 14.38026890932647
1 25115U 97084D   15292.20863134  .00000691  00000-0  27280-3 0  9996,2 25115  45.0167 226.2905 0003950  99.2723 260.8572 14.38027764932921
1 25115U 97084D   15292.90335427 +.00000717 +00000-0 +28131-3 0  9997,2 25115 045.0167 222.9973 0003971 103.3339 256.7953 14.38029037932799
1 25115U 97084D   15293.25071565  .00000739  00000-0  28875-3 0  9995,2 25115  45.0167 221.3509 0003987 105.4591 254.6698 14.38029686933072
1 25115U 97084D   15293.87596525 +.00000753 +00000-0 +29302-3 0  9993,2 25115 045.0167 218.3870 0004006 109.2529 250.8753 14.38030879932935
1 25115U 97084D   15294.77910279  .00000757  00000-0  29438-3 0  9993,2 25115  45.0166 214.1060 0004041 114.7678 245.3591 14.38032521933299
1 25115U 97084D   15294.77910279 +.00000757 +00000-0 +29438-3 0  9993,2 25115 045.0166 214.1060 0004041 114.7678 245.3591 14.38032521933064
1 25115U 97084D   15295.82118282  .00000766  00000-0  29746-3 0  9996,2 25115  45.0165 209.1663 0004104 120.8272 239.2980 14.38034632933445
1 25115U 97084D   15295.89065473 +.00000795 +00000-0 +30675-3 0  9991,2 25115 045.0165 208.8370 0004108 121.2443 238.8808 14.38034935933221
1 25115U 97084D   15296.86326159 +.00000756 +00000-0 +29410-3 0  9992,2 25115 045.0164 204.2267 0004164 126.8950 233.2281 14.38036565933361
1 25115U 97084D   15297.14114899  .00000753  00000-0  29317-3 0  9993,2 25115  45.0164 202.9095 0004183 128.4541 231.6683 14.38037079933639
1 25115U 97084D   15297.83586698 +.00000761 +00000-0 +29575-3 0  9994,2 25115 045.0163 199.6163 0004235 132.3417 227.7791 14.38038447933502
1 25115U 97084D   15298.18322570  .00000784  00000-0  30317-3 0  9991,2 25115  45.0163 197.9697 0004265 134.2749 225.8450 14.38039221933789
1 25115U 97084D   15298.73899937 +.00000757 +00000-0 +29441-3 0  9994,2 25115 045.0162 195.3351 0004304 137.4386 222.6796 14.38040108933631
1 25115U 97084D   15299.22530141  .00000657  00000-0  26179-3 0  9992,2 25115  45.0162 193.0298 0004344 140.1511 219.9657 14.38040363933932
1 25115U 97084D   15299.85054621 +.00000635 +00000-0 +25449-3 0  9990,2 25115 045.0162 190.0658 0004399 143.6414 216.4734 14.38041306933799
1 25115U 97084D   15300.82314838  .00000582  00000-0  23697-3 0  9993,2 25115  45.0161 185.4553 0004477 148.9534 211.1580 14.38042637934169
1 25115U 97084D   15300.89261997 +.00000571 +00000-0 +23349-3 0  9999,2 25115 045.0161 185.1260 0004485 149.3169 210.7943 14.38042686933946
1 25115U 97084D   15301.72627820 +.00000518 +00000-0 +21626-3 0  9990,2 25115 045.0161 181.1742 0004558 153.7351 206.3729 14.38043708934063
1 25115U 97084D   15302.14310729  .00000496  00000-0  20894-3 0  9995,2 25115  45.0161 179.1984 0004595 155.8622 204.2443 14.38044154934351
1 25115U 97084D   15302.90729317 +.00000483 +00000-0 +20483-3 0  9996,2 25115 045.0161 175.5758 0004667 159.8783 200.2250 14.38045169934238
1 25115U 97084D   15303.46306440  .00000462  00000-0  19772-3 0  9992,2 25115  45.0161 172.9413 0004715 162.7542 197.3467 14.38045802934541
1 25115U 97084D   15303.81042148 +.00000447 +00000-0 +19293-3 0  9994,2 25115 045.0160 171.2946 0004749 164.6385 195.4608 14.38046102934366
1 25115U 97084D   15304.71354919  .00000434  00000-0  18870-3 0  9992,2 25115  45.0159 167.0135 0004823 169.3051 190.7901 14.38047069934729
1 25115U 97084D   15305.82508992  .00000535  00000-0  22174-3 0  9991,2 25115  45.0158 161.7443 0004925 174.9834 185.1065 14.38048878934880
1 25115U 97084D   15305.89456121 +.00000450 +00000-0 +19403-3 0  9991,2 25115 045.0158 161.4150 0004936 175.2662 184.8234 14.38048504934663
1 25115U 97084D   15306.93662970 +.00000422 +00000-0 +18482-3 0  9993,2 25115 045.0156 156.4752 0005047 180.2306 179.8540 14.38049572934815
1 25115U 97084D   15307.00610088  .00000423  00000-0  18493-3 0  9998,2 25115  45.0156 156.1459 0005054 180.5380 179.5464 14.38049663935059
1 25115U 97084D   15307.90922600 +.00000475 +00000-0 +20202-3 0  9991,2 25115 045.0155 151.8645 0005142 184.9050 175.1748 14.38051026934958
1 25115U 97084D   15308.04816824  .00000475  00000-0  20201-3 0  9996,2 25115  45.0155 151.2059 0005159 185.5161 174.5631 14.38051209935205
1 25115U 97084D   15308.88182138 +.00000488 +00000-0 +20637-3 0  9999,2 25115 045.0154 147.2540 0005243 189.5088 170.5662 14.38052302935092
1 25115U 97084D   15309.43759008  .00000446  00000-0  19262-3 0  9993,2 25115  45.0154 144.6193 0005295 192.2196 167.8524 14.38052662935405
1 25115U 97084D   15309.92388739 +.00000446 +00000-0 +19244-3 0  9996,2 25115 045.0153 142.3140 0005338 194.4925 165.5771 14.38053209935242
1 25115U 97084D   15310.54912647  .00000461  00000-0  19751-3 0  9997,2 25115  45.0153 139.3499 0005400 197.4678 162.5985 14.38053993935562
1 25115U 97084D   15310.89648146 +.00000449 +00000-0 +19346-3 0  9991,2 25115 045.0154 137.7033 0005432 199.0423 161.0223 14.38054308935380
1 25115U 97084D   15311.86907408  .00000529  00000-0  21973-3 0  9996,2 25115  45.0155 133.0926 0005519 203.5530 156.5066 14.38056067935756
1 25115U 97084D   15311.93854491 +.00000523 +00000-0 +21762-3 0  9997,2 25115 045.0155 132.7633 0005526 203.8465 156.2128 14.38056140935539
1 25115U 97084D   15312.91113655  .00000511  00000-0  21373-3 0  9991,2 25115  45.0156 128.1526 0005597 208.4068 151.6476 14.38057479935900
1 25115U 97084D   15313.88372712 +.00000563 +00000-0 +23065-3 0  9996,2 25115 045.0157 123.5420 0005686 212.8349 147.2147 14.38059244935811
1 25115U 97084D   15314.43949254  .00000592  00000-0  24015-3 0  9997,2 25115  45.0157 120.9073 0005735 215.4192 144.6276 14.38060303936123
1 25115U 97084D   15314.85631677 +.00000568 +00000-0 +23232-3 0  9993,2 25115 045.0158 118.9314 0005747 217.3084 142.7366 14.38060756935954
1 25115U 97084D   15315.48155217  .00000634  00000-0  25403-3 0  9990,2 25115  45.0159 115.9674 0005804 220.1606 139.8814 14.38062141936278
1 25115U 97084D   15315.89837582 +.00000604 +00000-0 +24425-3 0  9997,2 25115 045.0159 113.9915 0005841 221.9808 138.0594 14.38062604936100
1 25115U 97084D   15316.80149309  .00000606  00000-0  24489-3 0  9994,2 25115  45.0160 109.7102 0005906 226.0205 134.0157 14.38063944936460
1 25115U 97084D   15316.87096359 +.00000603 +00000-0 +24385-3 0  9999,2 25115 045.0160 109.3809 0005911 226.3414 133.6945 14.38064041936246
1 25115U 97084D   15317.84355042  .00000544  00000-0  22439-3 0  9996,2 25115  45.0161 104.7702 0006001 230.6601 129.3716 14.38065179936617
1 25115U 97084D   15318.81613583 +.00000585 +00000-0 +23803-3 0  9992,2 25115 045.0161 100.1596 0006070 235.0168 125.0111 14.38067004936522
1 25115U 97084D   15319.51083926  .00000551  00000-0  22681-3 0  9998,2 25115  45.0162  96.8662 0006124 238.0456 121.9798 14.38067918936857
1 25115U 97084D   15319.85819082 +.00000521 +00000-0 +21704-3 0  9997,2 25115 045.0163 095.2197 0006131 239.6065 120.4177 14.38068311936678
1 25115U 97084D   15320.83077402  .00000637  00000-0  25494-3 0  9997,2 25115  45.0165  90.6091 0006188 243.9632 116.0580 14.38070572937045
1 25115U 97084D   15321.80335612 +.00000751 +00000-0 +29202-3 0  9993,2 25115 045.0167 085.9985 0006239 248.2426 111.7758 14.38072841936951
1 25115U 97084D   15322.35911680  .00000790  00000-0  30480-3 0  9992,2 25115  45.0168  83.3638 0006273 250.7349 109.2821 14.38074021937269
1 25115U 97084D   15322.77593717 +.00000793 +00000-0 +30575-3 0  9993,2 25115 045.0169 081.3880 0006282 252.5387 107.4775 14.38074781937091
1 25115U 97084D   15323.40116692  .00000796  00000-0  30694-3 0  9992,2 25115  45.0171  78.4240 0006309 255.2444 104.7706 14.38076049937414
1 25115U 97084D   15323.81798676 +.00000760 +00000-0 +29496-3 0  9994,2 25115 045.0171 076.4482 0006316 257.0787 102.9356 14.38076630937246
1 25115U 97084D   15324.51268576  .00000740  00000-0  28858-3 0  9992,2 25115  45.0173  73.1549 0006351 260.0448  99.9684 14.38077886937572
1 25115U 97084D   15324.72109527 +.00000695 +00000-0 +27385-3 0  9998,2 25115 045.0173 072.1671 0006357 260.9815 099.0315 14.38078088937375
1 25115U 97084D   15325.76314229  .00000687  00000-0  27119-3 0  9996,2 25115  45.0175  67.2273 0006392 265.5320  94.4799 14.38080139937758
1 25115U 97084D   15326.73571846 +.00000697 +00000-0 +27432-3 0  9993,2 25115 045.0176 062.6169 0006420 269.7953 090.2159 14.38082046937665
1 25115U 97084D   15327.22200628  .00000617  00000-0  24843-3 0  9990,2 25115  45.0176  60.3116 0006436 271.9185  88.0927 14.38082466937968
1 25115U 97084D   15327.63882417 +.00000687 +00000-0 +27104-3 0  9997,2 25115 045.0177 058.3357 0006445 273.7114 086.2997 14.38083560937799
1 25115U 97084D   15328.61139869 +.00000674 +00000-0 +26692-3 0  9999,2 25115 045.0178 053.7252 0006469 277.9345 082.0769 14.38085106937936
1 25115U 97084D   15329.51450272  .00000618  00000-0  24862-3 0  9998,2 25115  45.0178  49.4439 0006479 281.8323  78.1798 14.38086293938292
1 25115U 97084D   15329.65344171 +.00000639 +00000-0 +25558-3 0  9999,2 25115 045.0178 048.7853 0006478 282.4336 077.5787 14.38086635938082
1 25115U 97084D   15330.62601453  .00000555  00000-0  22808-3 0  9999,2 25115  45.0179  44.1747 0006475 286.6931  73.3206 14.38087671938451
1 25115U 97084D   15331.66805580  .00000530  00000-0  21988-3 0  9992,2 25115  45.0180  39.2349 0006469 291.2976  68.7181 14.38089101938607
1 25115U 97084D   15332.64062709 +.00000513 +00000-0 +21416-3 0  9996,2 25115 045.0181 034.6244 0006457 295.5679 064.4501 14.38090309938516
1 25115U 97084D   15333.19638162  .00000490  00000-0  20666-3 0  9999,2 25115  45.0181  31.9897 0006458 297.9867  62.0328 14.38090935938826
1 25115U 97084D   15333.68266673 +.00000527 +00000-0 +21887-3 0  9994,2 25115 045.0182 029.6846 0006446 300.1776 059.8434 14.38091775938665
1 25115U 97084D   15334.51629749  .00000605  00000-0  24445-3 0  9994,2 25115  45.0182  25.7328 0006428 303.8468  56.1768 14.38093379939017
1 25115U 97084D   15334.58576663 +.00000606 +00000-0 +24453-3 0  9997,2 25115 045.0182 025.4035 0006424 304.1599 055.8640 14.38093505938794
1 25115U 97084D   15335.62780436  .00000554  00000-0  22783-3 0  9994,2 25115  45.0182  20.4636 0006401 308.8273  51.2003 14.38094703939178
1 25115U 97084D   15336.53090282 +.00000514 +00000-0 +21452-3 0  9996,2 25115 045.0182 016.1824 0006381 312.9070 047.1242 14.38095811939076
1 25115U 97084D   15337.15612447  .00000483  00000-0  20437-3 0  9995,2 25115  45.0181  13.2184 0006364 315.7098  44.3241 14.38096536939392
1 25115U 97084D   15337.15612447 +.00000483 +00000-0 +20437-3 0  9995,2 25115 045.0181 013.2184 0006364 315.7098 044.3241 14.38096536939167
1 25115U 97084D   15339.17072541  .00000419  00000-0  18370-3 0  9996,2 25115  45.0181   3.6679 0006287 324.9403  35.1031 14.38098902939686
1 25115U 97084D   15339.93488337 +.00000512 +00000-0 +21379-3 0  9991,2 25115 045.0181 000.0452 0006255 328.4895 031.5578 14.38100392939565
1 25115U 97084D   15340.49063441  .00000548  00000-0  22568-3 0  9999,2 25115  45.0180 357.4106 0006221 331.1397  28.9107 14.38101298939878
1 25115U 97084D   15340.97691612 +.00000575 +00000-0 +23442-3 0  9991,2 25115 045.0180 355.1052 0006206 333.4004 026.6525 14.38102122939715
1 25115U 97084D   15341.88001039 +.00000577 +00000-0 +23528-3 0  9997,2 25115 045.0180 350.8239 0006175 337.8045 022.2535 14.38103385939841
1 25115U 97084D   15342.15788533  .00000575  00000-0  23458-3 0  9999,2 25115  45.0180 349.5065 0006162 339.1764  20.8833 14.38103783940111
1 25115U 97084D   15342.50522909 +.00000559 +00000-0 +22927-3 0  9993,2 25115 045.0180 347.8600 0006136 340.9320 019.1298 14.38104159939938
1 25115U 97084D   15343.40832229  .00000539  00000-0  22274-3 0  9995,2 25115  45.0179 343.5787 0006093 345.3582  14.7089 14.38105227940293
1 25115U 97084D   15343.96407147 +.00000473 +00000-0 +20122-3 0  9990,2 25115 045.0180 340.9440 0006070 348.0394 012.0310 14.38105629940146
1 25115U 97084D   15344.79769440  .00000629  00000-0  25224-3 0  9990,2 25115  45.0180 336.9921 0006014 352.1962   7.8792 14.38107707940493
1 25115U 97084D   15344.86716318 +.00000500 +00000-0 +21000-3 0  9990,2 25115 045.0180 336.6627 0006016 352.5422 007.5336 14.38107045940272
1 25115U 97084D   15345.83972240  .00000604  00000-0  24387-3 0  9992,2 25115  45.0179 332.0521 0005952 357.4218   2.6599 14.38109012940642
1 25115U 97084D   15345.90919093 +.00000582 +00000-0 +23696-3 0  9994,2 25115 045.0179 331.7228 0005949 357.7729 002.3092 14.38108981940423
1 25115U 97084D   15346.95121754 +.00000556 +00000-0 +22833-3 0  9992,2 25115 045.0178 326.7828 0005894 003.0927 356.9957 14.38110393940576
1 25115U 97084D   15347.09015431  .00000550  00000-0  22623-3 0  9993,2 25115  45.0179 326.1241 0005874   3.8322 356.2570 14.38110589940824
1 25115U 97084D   15347.92377444 +.00000557 +00000-0 +22859-3 0  9998,2 25115 045.0178 322.1720 0005820 008.0987 351.9954 14.38111940940714
1 25115U 97084D   15348.96579831 +.00000656 +00000-0 +26094-3 0  9992,2 25115 045.0177 317.2319 0005750 013.5686 346.5316 14.38114200940861
1 25115U 97084D   15349.93835263 +.00000704 +00000-0 +27649-3 0  9995,2 25115 045.0177 312.6211 0005695 018.7482 341.3575 14.38116125941005
1 25115U 97084D   15350.14675692  .00000706  00000-0  27731-3 0  9992,2 25115  45.0178 311.6332 0005688  19.9117 340.1953 14.38116523941266
1 25115U 97084D   15350.91090603 +.00000606 +00000-0 +24468-3 0  9993,2 25115 045.0177 308.0104 0005651 024.0198 336.0913 14.38117216941145
1 25115U 97084D   15351.18877830  .00000595  00000-0  24099-3 0  9995,2 25115  45.0177 306.6932 0005640  25.5834 334.5293 14.38117604941414
1 25115U 97084D   15351.95292624 +.00000604 +00000-0 +24397-3 0  9994,2 25115 045.0177 303.0704 0005605 029.7387 330.3779 14.38118950941296
1 25115U 97084D   15352.85600929  .00000685  00000-0  27048-3 0  9990,2 25115  45.0176 298.7891 0005570  34.6918 325.4293 14.38120921941655
1 25115U 97084D   15352.92547727 +.00000554 +00000-0 +22765-3 0  9990,2 25115 045.0176 298.4597 0005558 035.1127 325.0087 14.38120320941435
1 25115U 97084D   15353.89802694  .00000621  00000-0  24947-3 0  9993,2 25115  45.0176 293.8490 0005502  40.5712 319.5546 14.38122374941805
1 25115U 97084D   15354.87057550 +.00000560 +00000-0 +22970-3 0  9991,2 25115 045.0175 289.2383 0005462 046.0911 314.0387 14.38123729941719
1 25115U 97084D   15355.14844587  .00000684  00000-0  26991-3 0  9990,2 25115  45.0175 287.9211 0005455  47.6840 312.4470 14.38124991941980
1 25115U 97084D   15355.84312123 +.00000758 +00000-0 +29435-3 0  9991,2 25115 045.0174 284.6277 0005428 051.6308 308.5028 14.38126915941858
1 25115U 97084D   15356.19045935  .00000703  00000-0  27618-3 0  9995,2 25115  45.0174 282.9811 0005424  53.6562 306.4787 14.38127167942134
1 25115U 97084D   15356.88513440 +.00000699 +00000-0 +27509-3 0  9995,2 25115 045.0173 279.6877 0005398 057.6499 302.4872 14.38128447942000
1 25115U 97084D   15357.30193926  .00000711  00000-0  27877-3 0  9999,2 25115  45.0172 277.7118 0005400  60.0556 300.0829 14.38129256942298
1 25115U 97084D   15358.83022138  .00000664  00000-0  26335-3 0  9999,2 25115  45.0169 270.4661 0005371  69.0357 291.1066 14.38131877942512
1 25115U 97084D   15358.89968877 +.00000639 +00000-0 +25538-3 0  9990,2 25115 045.0169 270.1368 0005375 069.4522 290.6903 14.38131858942293
1 25115U 97084D   15359.87223068 +.00000514 +00000-0 +21461-3 0  9998,2 25115 045.0168 265.5259 0005375 075.1624 284.9820 14.38132916942432
1 25115U 97084D   15360.15009965  .00000484  00000-0  20461-3 0  9994,2 25115  45.0168 264.2087 0005382  76.7893 283.3555 14.38133219942705
1 25115U 97084D   15360.84477159 +.00000446 +00000-0 +19217-3 0  9999,2 25115 045.0167 260.9151 0005383 080.9031 279.2426 14.38134127942576
1 25115U 97084D   15361.74784472  .00000398  00000-0  17677-3 0  9992,2 25115  45.0166 256.6337 0005394  86.2176 273.9289 14.38135078942938
1 25115U 97084D   15361.88677912 +.00000346 +00000-0 +15949-3 0  9990,2 25115 045.0166 255.9750 0005402 087.0679 273.0788 14.38134938942722
1 25115U 97084D   15362.85931888 +.00000318 +00000-0 +15048-3 0  9992,2 25115 045.0165 251.3642 0005425 092.8170 267.3299 14.38135801942864
1 25115U 97084D   15363.06772022  .00000286  00000-0  14009-3 0  9999,2 25115  45.0165 250.3763 0005433  94.0320 266.1149 14.38135821943120
1 25115U 97084D   15363.90132512 +.00000253 +00000-0 +12918-3 0  9997,2 25115 045.0164 246.4241 0005459 098.9523 261.1944 14.38136431943016
1 25115U 97084D   15364.10972630  .00000244  00000-0  12645-3 0  9990,2 25115  45.0163 245.4362 0005471 100.1574 259.9892 14.38136572943275
1 25115U 97084D   15364.87386360 +.00000202 +00000-0 +11263-3 0  9992,2 25115 045.0162 241.8133 0005493 104.7086 255.4372 14.38137028943150
1 25115U 97084D   15365.15173167  .00000188  00000-0  10815-3 0  9998,2 25115  45.0161 240.4960 0005505 106.2773 253.8681 14.38137190943421
1 25115U 97084D   15365.91586833 +.00000252 +00000-0 +12885-3 0  9991,2 25115 045.0160 236.8732 0005536 110.7428 249.4014 14.38138207943305
1 25115U 97084D   16001.81893840  .00000230  00000-0  12161-3 0  9990,2 25115  45.0158 232.5917 0005583 115.9916 244.1507 14.38138873943668
1 25115U 97084D   16001.88840533 +.00000196 +00000-0 +11050-3 0  9995,2 25115 045.0158 232.2624 0005588 116.3879 243.7543 14.38138743943445
1 25115U 97084D   16002.86094174 +.00000215 +00000-0 +11671-3 0  9997,2 25115 045.0156 227.6515 0005640 121.9681 238.1716 14.38139616943587
1 25115U 97084D   16003.06934233  .00000220  00000-0  11832-3 0  9994,2 25115  45.0156 226.6635 0005661 123.1126 237.0266 14.38139806943848
1 25115U 97084D   16003.90294443 +.00000226 +00000-0 +12038-3 0  9994,2 25115 045.0155 222.7112 0005712 127.8910 232.2455 14.38140460943736
1 25115U 97084D   16004.11134489  .00000227  00000-0  12083-3 0  9992,2 25115  45.0154 221.7232 0005727 129.0342 231.1017 14.38140631943996
1 25115U 97084D   16004.94494637 +.00000242 +00000-0 +12559-3 0  9992,2 25115 045.0154 217.7709 0005788 133.7919 226.3409 14.38141369943887
1 25115U 97084D   16005.77854747  .00000232  00000-0  12237-3 0  9998,2 25115  45.0153 213.8185 0005850 138.4674 221.6619 14.38141992944234
1 25115U 97084D   16005.91748096 +.00000204 +00000-0 +11332-3 0  9997,2 25115 045.0153 213.1598 0005865 139.2356 220.8932 14.38141955944022
1 25115U 97084D   16006.82054809  .00000222  00000-0  11908-3 0  9999,2 25115  45.0153 208.8781 0005929 144.2336 215.8910 14.38142827944380
1 25115U 97084D   16006.89001482 +.00000204 +00000-0 +11307-3 0  9998,2 25115 045.0153 208.5488 0005939 144.6084 215.5159 14.38142775944166
1 25115U 97084D   16007.86254808  .00000205  00000-0  11349-3 0  9995,2 25115  45.0154 203.9378 0006019 149.9762 210.1432 14.38143559944532
1 25115U 97084D   16007.93201474 +.00000216 +00000-0 +11720-3 0  9999,2 25115 045.0153 203.6084 0006022 150.3168 209.8023 14.38143668944310
1 25115U 97084D   16008.90454744 +.00000221 +00000-0 +11884-3 0  9994,2 25115 045.0154 198.9975 0006101 155.5942 204.5196 14.38144411944456
1 25115U 97084D   16008.97401402  .00000226  00000-0  12025-3 0  9997,2 25115  45.0154 198.6681 0006106 155.9477 204.1658 14.38144495944696
1 25115U 97084D   16009.87707950 +.00000222 +00000-0 +11903-3 0  9994,2 25115 045.0154 194.3865 0006187 160.8246 199.2836 14.38145167944599
1 25115U 97084D   16010.50227833  .00000243  00000-0  12577-3 0  9994,2 25115  45.0153 191.4222 0006232 164.1695 195.9350 14.38145779944918
1 25115U 97084D   16010.91907723 +.00000254 +00000-0 +12965-3 0  9995,2 25115 045.0153 189.4461 0006284 166.4089 193.6929 14.38146266944749
1 25115U 97084D   16011.54427558  .00000267  00000-0  13363-3 0  9995,2 25115  45.0153 186.4818 0006333 169.6904 190.4075 14.38146883945066
1 25115U 97084D   16011.89160769 +.00000288 +00000-0 +14071-3 0  9991,2 25115 045.0153 184.8351 0006370 171.4954 188.6004 14.38147387944887
1 25115U 97084D   16012.86413741  .00000374  00000-0  16858-3 0  9991,2 25115  45.0154 180.2241 0006449 176.5166 183.5728 14.38148816945251
1 25115U 97084D   16013.83666641 +.00000392 +00000-0 +17439-3 0  9994,2 25115 045.0154 175.6130 0006538 181.5104 178.5726 14.38149891945169
1 25115U 97084D   16013.90613279  .00000363  00000-0  16506-3 0  9993,2 25115  45.0154 175.2836 0006543 181.8725 178.2100 14.38149800945406
1 25115U 97084D   16015.50385758  .00000366  00000-0  16592-3 0  9997,2 25115  45.0156 167.7082 0006687 190.0202 170.0514 14.38151371945638
1 25115U 97084D   16015.57332387 +.00000364 +00000-0 +16524-3 0  9997,2 25115 045.0156 167.3789 0006696 190.3854 169.6857 14.38151415945413
1 25115U 97084D   16015.85118895 +.00000368 +00000-0 +16664-3 0  9993,2 25115 045.0157 166.0615 0006718 191.7720 168.2972 14.38151688945459
1 25115U 97084D   16016.54585117  .00000360  00000-0  16409-3 0  9994,2 25115  45.0158 162.7679 0006787 195.3241 164.7403 14.38152352945782
1 25115U 97084D   16016.89318210 +.00000385 +00000-0 +17226-3 0  9995,2 25115 045.0158 161.1212 0006820 197.1195 162.9424 14.38152859945600
1 25115U 97084D   16017.79624227  .00000380  00000-0  17064-3 0  9998,2 25115  45.0160 156.8396 0006903 201.5656 158.4903 14.38153788945964
1 25115U 97084D   16017.86570842 +.00000332 +00000-0 +15493-3 0  9990,2 25115 045.0160 156.5102 0006909 201.9288 158.1266 14.38153608945743
1 25115U 97084D   16018.83823415  .00000351  00000-0  16116-3 0  9999,2 25115  45.0162 151.8993 0006994 206.6921 153.3568 14.38154711946111
1 25115U 97084D   16019.81075939 +.00000378 +00000-0 +16996-3 0  9993,2 25115 045.0163 147.2885 0007069 211.3984 148.6443 14.38155778946020
1 25115U 97084D   16020.50541983  .00000356  00000-0  16263-3 0  9991,2 25115  45.0164 143.9949 0007135 214.7900 145.2482 14.38156324946354
1 25115U 97084D   16020.78328385 +.00000379 +00000-0 +17029-3 0  9996,2 25115 045.0164 142.6776 0007147 216.0803 143.9563 14.38156740946164
1 25115U 97084D   16021.75580723  .00000408  00000-0  17971-3 0  9999,2 25115  45.0165 138.0667 0007220 220.6962 139.3347 14.38158015946539
1 25115U 97084D   16022.72833007 +.00000427 +00000-0 +18581-3 0  9992,2 25115 045.0165 133.4558 0007296 225.3213 134.7041 14.38159231946442
1 25115U 97084D   16023.14512547  .00000387  00000-0  17271-3 0  9992,2 25115  45.0166 131.4796 0007325 227.3158 132.7074 14.38159481946731
1 25115U 97084D   16023.63138650 +.00000393 +00000-0 +17471-3 0  9994,2 25115 045.0166 129.1742 0007358 229.5282 130.4926 14.38160098946573
1 25115U 97084D   16024.46497665  .00000341  00000-0  15767-3 0  9999,2 25115  45.0167 125.2219 0007414 233.4140 126.6027 14.38160753946926
1 25115U 97084D   16024.74283994 +.00000343 +00000-0 +15848-3 0  9990,2 25115 045.0167 123.9046 0007426 234.7436 125.2718 14.38161075946733
1 25115U 97084D   16025.64589532  .00000334  00000-0  15568-3 0  9996,2 25115  45.0168 119.6230 0007487 238.9228 121.0886 14.38161970947097
1 25115U 97084D   16026.68788186  .00000313  00000-0  14862-3 0  9990,2 25115  45.0169 114.6828 0007543 243.7409 116.2664 14.38162852947241
1 25115U 97084D   16027.66040217 +.00000311 +00000-0 +14791-3 0  9994,2 25115 045.0170 110.0718 0007595 248.2342 111.7698 14.38163706947150
1 25115U 97084D   16028.21612787  .00000244  00000-0  12619-3 0  9995,2 25115  45.0170 107.4370 0007625 250.8091 109.1933 14.38163827947469
1 25115U 97084D   16028.63292200 +.00000270 +00000-0 +13457-3 0  9995,2 25115 045.0171 105.4611 0007639 252.7279 107.2734 14.38164358947299
1 25115U 97084D   16029.53597559  .00000259  00000-0  13116-3 0  9999,2 25115  45.0171 101.1796 0007680 256.8863 103.1129 14.38165139947657
1 25115U 97084D   16029.60544115 +.00000276 +00000-0 +13644-3 0  9992,2 25115 045.0171 100.8503 0007681 257.2081 102.7910 14.38165318947435
1 25115U 97084D   16030.64742542  .00000295  00000-0  14295-3 0  9996,2 25115  45.0172  95.9100 0007703 261.8504  98.1471 14.38166420947816
1 25115U 97084D   16031.61994337 +.00000347 +00000-0 +15977-3 0  9991,2 25115 045.0172 091.2991 0007722 266.2583 093.7382 14.38167659947727
1 25115U 97084D   16032.17566773  .00000370  00000-0  16732-3 0  9998,2 25115  45.0172  88.6642 0007741 268.8298  91.1664 14.38168299948033
1 25115U 97084D   16032.59246065 +.00000442 +00000-0 +19083-3 0  9995,2 25115 045.0171 086.6882 0007739 270.7492 089.2469 14.38169168947868
1 25115U 97084D   16033.21765020  .00000388  00000-0  17312-3 0  9994,2 25115  45.0171  83.7239 0007754 273.6394  86.3568 14.38169485948188
1 25115U 97084D   16033.63444301 +.00000417 +00000-0 +18257-3 0  9998,2 25115 045.0171 081.7478 0007754 275.5475 084.4489 14.38170087948015
1 25115U 97084D   16034.53749344  .00000453  00000-0  19432-3 0  9999,2 25115  45.0171  77.4661 0007758 279.6654  80.3318 14.38171354948372
1 25115U 97084D   16034.60695887 +.00000421 +00000-0 +18386-3 0  9991,2 25115 045.0171 077.1368 0007758 279.9873 080.0100 14.38171262948159
1 25115U 97084D   16035.57947412  .00000394  00000-0  17517-3 0  9996,2 25115  45.0171  72.5257 0007755 284.4385  75.5603 14.38172283948523
1 25115U 97084D   16036.55197676  .00000420  00000-0  18350-3 0  9990,2 25115  45.0172  67.9143 0007645 288.5877  71.4140 14.38198044948664
1 25115U 97084D   16037.52447409 +.00000455 +00000-0 +19495-3 0  9999,2 25115 045.0172 063.3032 0007618 292.9573 067.0471 14.38199395948571
1 25115U 97084D   16038.14965048  .00000442  00000-0  19079-3 0  9996,2 25115  45.0173  60.3387 0007602 295.7216  64.2848 14.38200085948891
1 25115U 97084D   16038.56643456 +.00000521 +00000-0 +21643-3 0  9996,2 25115 045.0173 058.3627 0007591 297.6903 062.3175 14.38201062948726
1 25115U 97084D   16039.19161026  .00000546  00000-0  22446-3 0  9993,2 25115  45.0174  55.3984 0007593 300.7895  59.2205 14.38201971949042
1 25115U 97084D   16039.53892977 +.00000630 +00000-0 +25210-3 0  9993,2 25115 045.0174 053.7517 0007581 302.4552 057.5563 14.38202967948865
1 25115U 97084D   16040.44196035  .00000608  00000-0  24468-3 0  9996,2 25115  45.0174  49.4699 0007549 306.6443  53.3711 14.38204189949225
1 25115U 97084D   16040.51142414 +.00000621 +00000-0 +24896-3 0  9996,2 25115 045.0174 049.1406 0007547 306.9701 053.0456 14.38204388949006
1 25115U 97084D   16041.48391732  .00000647  00000-0  25751-3 0  9991,2 25115  45.0175  44.5294 0007509 311.5600  48.4604 14.38206126949374
1 25115U 97084D   16042.94265537 +.00000635 +00000-0 +25364-3 0  9993,2 25115 045.0176 037.6125 0007446 318.4162 041.6120 14.38208424949359
1 25115U 97084D   16043.15104632  .00000633  00000-0  25302-3 0  9995,2 25115  45.0176  36.6244 0007434 319.4376  40.5918 14.38208768949618
1 25115U 97084D   16043.42890067 +.00000678 +00000-0 +26765-3 0  9992,2 25115 045.0176 035.3070 0007420 320.8300 039.2010 14.38209522949425
1 25115U 97084D   16044.47085431  .00000654  00000-0  25980-3 0  9991,2 25115  45.0176  30.3665 0007363 325.7892  34.2481 14.38211134949807
1 25115U 97084D   16045.92958719 +.00000705 +00000-0 +27631-3 0  9992,2 25115 045.0178 023.4495 0007276 332.8141 027.2326 14.38213927949781
1 25115U 97084D   16046.20744070  .00000699  00000-0  27444-3 0  9991,2 25115  45.0178  22.1321 0007255 334.1915  25.8570 14.38214429950051
1 25115U 97084D   16046.90207430 +.00000689 +00000-0 +27129-3 0  9991,2 25115 045.0179 018.8384 0007215 337.6370 022.4163 14.38215605949924
1 25115U 97084D   16047.31885412  .00000746  00000-0  28969-3 0  9996,2 25115  45.0179  16.8623 0007178 339.6619  20.3943 14.38216672950216
1 25115U 97084D   16047.94402291 +.00000834 +00000-0 +31857-3 0  9993,2 25115 045.0180 013.8978 0007139 342.7324 017.3281 14.38218451950075
1 25115U 97084D   16048.22187562 +.00000840 +00000-0 +32039-3 0  9996,2 25115 045.0180 012.5805 0007115 344.0755 015.9868 14.38219039950110
1 25115U 97084D   16049.12489692  .00000688  00000-0  27074-3 0  9998,2 25115  45.0181   8.2989 0007058 348.7381  11.3309 14.38219849950476
1 25115U 97084D   16049.68060170 +.00000762 +00000-0 +29500-3 0  9994,2 25115 045.0182 005.6640 0007027 351.5230 008.5499 14.38221252950326
1 25115U 97084D   16050.30576933  .00000733  00000-0  28563-3 0  9990,2 25115  45.0181   2.6998 0006977 354.7398   5.3376 14.38222172950647
1 25115U 97084D   16050.93093651 +.00000604 +00000-0 +24351-3 0  9998,2 25115 045.0181 359.7355 0006934 357.9836 002.0983 14.38222561950500
1 25115U 97084D   16051.34771447  .00000592  00000-0  23951-3 0  9991,2 25115  45.0181 357.7594 0006900   0.0924 359.9925 14.38223174950792
1 25115U 97084D   16051.90341819 +.00000475 +00000-0 +20147-3 0  9993,2 25115 045.0181 355.1244 0006854 002.9713 357.1175 14.38223426950642
1 25115U 97084D   16052.87589894  .00000463  00000-0  19736-3 0  9996,2 25115  45.0181 350.5132 0006778   8.0899 352.0058 14.38224845951016
1 25115U 97084D   16053.84837910 +.00000405 +00000-0 +17866-3 0  9997,2 25115 045.0181 345.9022 0006709 013.3226 346.7799 14.38225840950926
1 25115U 97084D   16054.12623033  .00000368  00000-0  16653-3 0  9999,2 25115  45.0181 344.5848 0006694  14.8943 345.2102 14.38226026951191
1 25115U 97084D   16054.82085858 +.00000389 +00000-0 +17325-3 0  9993,2 25115 045.0180 341.2911 0006651 018.6131 341.4960 14.38226874951066
1 25115U 97084D   16055.16817249  .00000340  00000-0  15730-3 0  9993,2 25115  45.0180 339.6443 0006629  20.5337 339.5777 14.38226999951345
1 25115U 97084D   16055.72387464 +.00000379 +00000-0 +16994-3 0  9991,2 25115 045.0180 337.0093 0006593 023.4890 336.6258 14.38227740951194
1 25115U 97084D   16056.21011394  .00000371  00000-0  16760-3 0  9995,2 25115  45.0180 334.7038 0006567  26.2601 333.8579 14.38228164951498
1 25115U 97084D   16056.90474107 +.00000320 +00000-0 +15093-3 0  9998,2 25115 045.0180 331.4100 0006521 030.1227 329.9996 14.38228570951366
1 25115U 97084D   16057.80775596  .00000315  00000-0  14909-3 0  9993,2 25115  45.0179 327.1283 0006470  35.1585 324.9689 14.38229379951725
1 25115U 97084D   16057.87721855 +.00000297 +00000-0 +14332-3 0  9998,2 25115 045.0179 326.7990 0006470 035.6237 324.5042 14.38229388951509
1 25115U 97084D   16058.84969551  .00000299  00000-0  14406-3 0  9997,2 25115  45.0178 322.1879 0006422  41.0760 319.0571 14.38230275951876
1 25115U 97084D   16058.91915809 +.00000261 +00000-0 +13165-3 0  9992,2 25115 045.0178 321.8585 0006416 041.4704 318.6631 14.38230144951654
1 25115U 97084D   16059.82217184 +.00000280 +00000-0 +13778-3 0  9995,2 25115 045.0177 317.5769 0006366 046.5094 313.6282 14.38230996951787
1 25115U 97084D   16060.10002211  .00000228  00000-0  12080-3 0  9998,2 25115  45.0177 316.2595 0006357  48.1402 311.9988 14.38230946952051
1 25115U 97084D   16060.93357269 +.00000226 +00000-0 +12015-3 0  9991,2 25115 045.0176 312.3071 0006319 052.8700 307.2725 14.38231568951942
1 25115U 97084D   16061.14196027  .00000226  00000-0  12014-3 0  9997,2 25115  45.0175 311.3191 0006312  54.0977 306.0457 14.38231715952209
1 25115U 97084D   16061.90604779 +.00000247 +00000-0 +12701-3 0  9995,2 25115 045.0174 307.6959 0006275 058.4643 301.6818 14.38232385952086
1 25115U 97084D   16062.46174750  .00000282  00000-0  13850-3 0  9993,2 25115  45.0172 305.0610 0006253  61.6070 298.5408 14.38233003952397
1 25115U 97084D   16062.80905987 +.00000266 +00000-0 +13336-3 0  9996,2 25115 045.0171 303.4141 0006241 063.6862 296.4627 14.38233143952211
1 25115U 97084D   16063.78153363  .00000263  00000-0  13238-3 0  9995,2 25115  45.0169 298.8028 0006220  69.4447 290.7069 14.38233919952587
1 25115U 97084D   16064.75400673 +.00000289 +00000-0 +14062-3 0  9996,2 25115 045.0167 294.1914 0006217 075.2921 284.8617 14.38234857952491
1 25115U 97084D   16065.03185608  .00000303  00000-0  14543-3 0  9997,2 25115  45.0167 292.8740 0006226  76.9850 283.1693 14.38235164952760
1 25115U 97084D   16065.86540381 +.00000272 +00000-0 +13521-3 0  9991,2 25115 045.0166 288.9212 0006205 081.9377 278.2175 14.38235640952653
1 25115U 97084D   16066.49056426  .00000322  00000-0  15155-3 0  9994,2 25115  45.0165 285.9568 0006196  85.6020 274.5536 14.38236384952979
1 25115U 97084D   16066.69895102 +.00000326 +00000-0 +15291-3 0  9993,2 25115 045.0165 284.9686 0006195 086.9017 273.2540 14.38236572952776
1 25115U 97084D   16067.53249722  .00000392  00000-0  17430-3 0  9998,2 25115  45.0164 281.0160 0006197  91.7540 268.4019 14.38237744953126
1 25115U 97084D   16067.67142156 +.00000389 +00000-0 +17327-3 0  9997,2 25115 045.0164 280.3572 0006203 092.6379 267.5180 14.38237869952916
1 25115U 97084D   16068.64389117 +.00000385 +00000-0 +17192-3 0  9991,2 25115 045.0163 275.7458 0006230 098.5720 261.5834 14.38238923953059
1 25115U 97084D   16068.99120155  .00000369  00000-0  16666-3 0  9991,2 25115  45.0162 274.0990 0006244 100.6109 259.5443 14.38239238953336
1 25115U 97084D   16069.68582202 +.00000378 +00000-0 +16965-3 0  9995,2 25115 045.0161 270.8051 0006259 104.6169 255.5374 14.38240095953201
1 25115U 97084D   16070.03313202  .00000365  00000-0  16557-3 0  9991,2 25115  45.0161 269.1583 0006277 106.5055 253.6484 14.38240467953481
1 25115U 97084D   16070.65828990 +.00000364 +00000-0 +16500-3 0  9991,2 25115 045.0160 266.1937 0006288 110.1105 250.0420 14.38241167953343
1 25115U 97084D   16071.35290911  .00000377  00000-0  16931-3 0  9997,2 25115  45.0160 262.8998 0006315 114.3720 245.7788 14.38242085953677
1 25115U 97084D   16071.90860408 +.00000463 +00000-0 +19751-3 0  9991,2 25115 045.0159 260.2647 0006340 117.7742 242.3750 14.38243234953520
1 25115U 97084D   16072.81160818  .00000417  00000-0  18249-3 0  9990,2 25115  45.0159 255.9826 0006381 123.0749 237.0713 14.38243993953883
1 25115U 97084D   16073.85353515  .00000402  00000-0  17760-3 0  9994,2 25115  45.0158 251.0417 0006442 129.0843 231.0579 14.38245029954038
1 25115U 97084D   16074.89546116  .00000403  00000-0  17791-3 0  9995,2 25115  45.0158 246.1006 0006503 134.9958 225.1419 14.38246142954187
1 25115U 97084D   16074.89546116 +.00000403 +00000-0 +17791-3 0  9995,2 25115 045.0158 246.1006 0006503 134.9958 225.1419 14.38246142953951
1 25115U 97084D   16075.86792439 +.00000423 +00000-0 +18428-3 0  9994,2 25115 045.0159 241.4892 0006566 140.4737 219.6591 14.38247380954099
1 25115U 97084D   16075.93738598  .00000422  00000-0  18402-3 0  9999,2 25115  45.0159 241.1598 0006574 140.9039 219.2285 14.38247475954336
1 25115U 97084D   16076.84038683 +.00000402 +00000-0 +17758-3 0  9999,2 25115 045.0160 236.8777 0006635 145.9563 214.1712 14.38248397954235
1 25115U 97084D   16077.53500249  .00000416  00000-0  18197-3 0  9991,2 25115  45.0161 233.5838 0006676 149.6649 210.4587 14.38249220954560
1 25115U 97084D   16077.88231010 +.00000383 +00000-0 +17144-3 0  9990,2 25115 045.0161 231.9370 0006700 151.5387 208.5828 14.38249452954385
1 25115U 97084D   16078.78530951  .00000391  00000-0  17400-3 0  9990,2 25115  45.0162 227.6550 0006770 156.5567 203.5592 14.38250474954749
1 25115U 97084D   16078.85477097 +.00000385 +00000-0 +17204-3 0  9994,2 25115 045.0162 227.3256 0006778 156.9560 203.1593 14.38250522954521
1 25115U 97084D   16079.82723109  .00000369  00000-0  16684-3 0  9993,2 25115  45.0162 222.7143 0006858 162.3158 197.7930 14.38251501954899
1 25115U 97084D   16080.52184510 +.00000357 +00000-0 +16294-3 0  9993,2 25115 045.0163 219.4204 0006917 166.0311 194.0730 14.38252183954760
1 25115U 97084D   16081.49430390  .00000328  00000-0  15342-3 0  9991,2 25115  45.0163 214.8090 0007000 171.2533 188.8439 14.38253133955135
1 25115U 97084D   16082.74460738  .00000267  00000-0  13343-3 0  9990,2 25115  45.0163 208.8802 0007112 177.8590 182.2290 14.38254048955317
1 25115U 97084D   16084.13383249  .00000246  00000-0  12652-3 0  9995,2 25115  45.0164 202.2926 0007228 185.2091 174.8684 14.38255112955519
1 25115U 97084D   16084.55059986 +.00000269 +00000-0 +13416-3 0  9993,2 25115 045.0164 200.3163 0007272 187.3628 172.7115 14.38255548955349
1 25115U 97084D   16085.17575074  .00000252  00000-0  12855-3 0  9991,2 25115  45.0164 197.3519 0007323 190.5740 169.4955 14.38255931955663
1 25115U 97084D   16085.52305664 +.00000249 +00000-0 +12771-3 0  9999,2 25115 045.0164 195.7049 0007359 192.3087 167.7582 14.38256202955485
