1 25116U 97084E   15001.49827212  .00000843  00000-0  32662-3 0  9992,2 25116 045.0168 164.3177 0006671 095.9872 264.1736 14.37428248891088
1 25116U 97084E   15002.67979408  .00000840  00000-0  32538-3 0  9997,2 25116 045.0170 158.7226 0006686 102.8384 257.3211 14.37430314891253
1 25116U 97084E   15003.86131304  .00000997  00000-0  37728-3 0  9993,2 25116 045.0171 153.1275 0006710 109.4588 250.6986 14.37432169891428
1 25116U 97084E   15004.90382905  .00001139  00000-0  42434-3 0  9993,2 25116 045.0172 148.1907 0006726 115.3686 244.7859 14.37435711891572
1 25116U 97084E   15007.54485828  .00001183  00000-0  43876-3 0  9994,2 25116 045.0174 135.6839 0006857 129.9090 230.2361 14.37445519891951
1 25116U 97084E   15008.79586550  .00001338  00000-0  49016-3 0  9990,2 25116 045.0174 129.7597 0006957 136.3679 223.7720 14.37451104892136
1 25116U 97084E   15009.76886237  .00001174  00000-0  43589-3 0  9990,2 25116 045.0175 125.1520 0007040 141.8151 218.3197 14.37459201892272
1 25116U 97084E   15011.64535346  .00001290  00000-0  47401-3 0  9998,2 25116 045.0176 116.2655 0007127 151.9110 208.2124 14.37467336892542
1 25116U 97084E   15012.75734369  .00001113  00000-0  41557-3 0  9997,2 25116 045.0177 110.9994 0007233 157.4732 202.6435 14.37472041892709
1 25116U 97084E   15014.28632408  .00001190  00000-0  44075-3 0  9991,2 25116 045.0179 103.7583 0007339 165.1834 194.9230 14.37477328892924
1 25116U 97084E   15015.46780462  .00001140  00000-0  42427-3 0  9990,2 25116 045.0179 098.1630 0007414 171.2227 188.8752 14.37480320893098
1 25116U 97084E   15016.51028556  .00001001  00000-0  37838-3 0  9992,2 25116 045.0179 093.2259 0007485 176.3729 183.7175 14.37483042893246
1 25116U 97084E   15017.55276516  .00000833  00000-0  32259-3 0  9992,2 25116 045.0179 088.2888 0007541 181.5907 178.4918 14.37485748893394
1 25116U 97084E   15018.80373761  .00000557  00000-0  23137-3 0  9999,2 25116 045.0180 082.3641 0007638 187.5874 172.4860 14.37487803893578
1 25116U 97084E   15020.19370391  .00000748  00000-0  29448-3 0  9993,2 25116 045.0180 075.7811 0007719 194.1878 165.8754 14.37489749893772
1 25116U 97084E   15021.23617678  .00000821  00000-0  31856-3 0  9999,2 25116 045.0181 070.8439 0007772 199.1083 160.9474 14.37491278893929
1 25116U 97084E   15022.48714315  .00000780  00000-0  30506-3 0  9998,2 25116 045.0181 064.9194 0007820 204.9987 155.0483 14.37494945894103
1 25116U 97084E   15023.52961337  .00000716  00000-0  28390-3 0  9999,2 25116 045.0182 059.9822 0007852 209.9271 150.1129 14.37496947894255
1 25116U 97084E   15025.05856675  .00000716  00000-0  28402-3 0  9991,2 25116 045.0184 052.7409 0007904 216.9856 143.0448 14.37498554894479
1 25116U 97084E   15026.10103370  .00000689  00000-0  27495-3 0  9995,2 25116 045.0185 047.8037 0007936 221.7256 138.2987 14.37500531894625
1 25116U 97084E   15027.35199224  .00000871  00000-0  33522-3 0  9997,2 25116 045.0186 041.8792 0007957 227.3786 132.6392 14.37504279894802
1 25116U 97084E   15028.39445584  .00000910  00000-0  34814-3 0  9994,2 25116 045.0186 036.9421 0007976 232.0083 128.0046 14.37507566894953
1 25116U 97084E   15029.43691748  .00001431  00000-0  52027-3 0  9990,2 25116 045.0186 032.0049 0007970 236.7627 123.2458 14.37509878895105
1 25116U 97084E   15030.47937780  .00001312  00000-0  48089-3 0  9996,2 25116 045.0187 027.0678 0007951 241.5329 118.4718 14.37514839895254
1 25116U 97084E   15032.14730800  .00001370  00000-0  49980-3 0  9991,2 25116 045.0189 019.1683 0007921 249.0126 110.9875 14.37522164895496
1 25116U 97084E   15033.18976053  .00001541  00000-0  55655-3 0  9994,2 25116 045.0189 014.2313 0007891 253.6781 106.3200 14.37527188895645
1 25116U 97084E   15034.37120209  .00001271  00000-0  46698-3 0  9997,2 25116 045.0189 008.6360 0007852 258.9585 101.0380 14.37531543895811
1 25116U 97084E   15035.96961533  .00002018  00000-0  71393-3 0  9996,2 25116 045.0186 001.0612 0007873 267.1166 092.8781 14.37535043896042
1 25116U 97084E   15037.08155269  .00002043  00000-0  72218-3 0  9997,2 25116 045.0186 355.7951 0007874 271.8010 088.1936 14.37541355896209
1 25116U 97084E   15038.19348612  .00001889  00000-0  67131-3 0  9991,2 25116 045.0185 350.5289 0007811 276.8341 083.1618 14.37545119896369
1 25116U 97084E   15039.30541606  .00001663  00000-0  59655-3 0  9995,2 25116 045.0182 345.2626 0007751 281.8118 078.1861 14.37551585896529
1 25116U 97084E   15041.18178845  .00001537  00000-0  55485-3 0  9992,2 25116 045.0180 336.3754 0007636 290.2189 069.7838 14.37557667896790
1 25116U 97084E   15042.22421411  .00001778  00000-0  63437-3 0  9991,2 25116 045.0180 331.4380 0007564 294.9943 065.0119 14.37560973896942
1 25116U 97084E   15043.26663965  .00000930  00000-0  35436-3 0  9995,2 25116 045.0179 326.5054 0007314 299.1997 060.8119 14.37565774897096
1 25116U 97084E   15045.07350149  .00000602  00000-0  24578-3 0  9994,2 25116 045.0175 317.9473 0007153 307.7196 052.3003 14.37569374897356
1 25116U 97084E   15046.88035893  .00000781  00000-0  30494-3 0  9992,2 25116 045.0172 309.3889 0007001 316.3199 043.7095 14.37572539897611
1 25116U 97084E   15048.13125869  .00000812  00000-0  31512-3 0  9992,2 25116 045.0169 303.4639 0006887 322.3894 037.6472 14.37576363897794
1 25116U 97084E   15049.17367255  .00000892  00000-0  34160-3 0  9994,2 25116 045.0168 298.5263 0006790 327.4400 032.6029 14.37580411897941
1 25116U 97084E   15051.05001033  .00000781  00000-0  30510-3 0  9995,2 25116 045.0165 289.6385 0006579 337.0076 023.0477 14.37582029898214
1 25116U 97084E   15052.09241886  .00000968  00000-0  36685-3 0  9998,2 25116 045.0164 284.7008 0006463 342.3698 017.6925 14.37584584898363
1 25116U 97084E   15053.13482639  .00000902  00000-0  34476-3 0  9991,2 25116 045.0162 279.7632 0006373 347.6511 012.4180 14.37587322898516
1 25116U 97084E   15055.01115563  .00001036  00000-0  38924-3 0  9990,2 25116 045.0161 270.8752 0006207 357.4254 002.6561 14.37591849898781
1 25116U 97084E   15056.54001122  .00000854  00000-0  32900-3 0  9999,2 25116 045.0162 263.6321 0006127 005.3944 354.6970 14.37594745899008
1 25116U 97084E   15057.58241066  .00000852  00000-0  32821-3 0  9997,2 25116 045.0162 258.6942 0006026 011.0788 349.0192 14.37596304899152
1 25116U 97084E   15058.97227439  .00000840  00000-0  32438-3 0  9990,2 25116 045.0167 252.1031 0006287 017.3032 342.8029 14.37598906899357
1 25116U 97084E   15060.57061350  .00001224  00000-0  45121-3 0  9997,2 25116 045.0168 244.5316 0006127 025.6974 334.4178 14.37604681899584
1 25116U 97084E   15061.82148434  .00001430  00000-0  51890-3 0  9994,2 25116 045.0169 238.6063 0006044 032.4561 327.6658 14.37608869899763
1 25116U 97084E   15063.48930695  .00001417  00000-0  51478-3 0  9993,2 25116 045.0170 230.7056 0005898 041.5806 318.5490 14.37613183900007
1 25116U 97084E   15064.87915468  .00001259  00000-0  46246-3 0  9999,2 25116 045.0171 224.1220 0005765 049.5953 310.5397 14.37616250900200
1 25116U 97084E   15066.47747369  .00001390  00000-0  50562-3 0  9992,2 25116 045.0171 216.5506 0005669 058.3745 301.7656 14.37621854900433
1 25116U 97084E   15067.79781977  .00001409  00000-0  51191-3 0  9991,2 25116 045.0170 210.2959 0005607 065.7248 294.4185 14.37626066900623
1 25116U 97084E   15069.46562036  .00001302  00000-0  47653-3 0  9990,2 25116 045.0172 202.3952 0005498 075.4118 284.7339 14.37630413900862
1 25116U 97084E   15070.78595877  .00001216  00000-0  44807-3 0  9998,2 25116 045.0172 196.1407 0005468 083.0520 277.0950 14.37633699901051
1 25116U 97084E   15072.45374964  .00001216  00000-0  44830-3 0  9992,2 25116 045.0173 188.2402 0005417 092.8754 267.2714 14.37638368901293
1 25116U 97084E   15073.49611633  .00001127  00000-0  41885-3 0  9992,2 25116 045.0174 183.3025 0005410 099.0040 261.1421 14.37640694901441
1 25116U 97084E   15074.74695423  .00001025  00000-0  38523-3 0  9992,2 25116 045.0174 177.3773 0005422 106.3759 253.7685 14.37643199901628
1 25116U 97084E   15076.06728078  .00000882  00000-0  33796-3 0  9999,2 25116 045.0173 171.1228 0005432 114.1169 246.0248 14.37645336901813
1 25116U 97084E   15077.38759760  .00004544  00000-0  15444-2 0  9995,2 25116 045.0172 164.8687 0005366 122.1808 237.9561 14.37661183902002
1 25116U 97084E   15078.70790755  .00004210  00000-0  14344-2 0  9999,2 25116 045.0169 158.6133 0005507 130.0799 230.0533 14.37662902902192
1 25116U 97084E   15080.16719391  .00000589  00000-0  24133-3 0  9992,2 25116 045.0170 151.7000 0005647 138.0213 222.1069 14.37665832902400
1 25116U 97084E   15081.20953913  .00000930  00000-0  35369-3 0  9991,2 25116 045.0172 146.7620 0005631 143.9966 216.1263 14.37668542902553
1 25116U 97084E   15081.76544974  .00000947  00000-0  35910-3 0  9995,2 25116 045.0173 144.1289 0005643 147.3567 212.7631 14.37678153902634
1 25116U 97084E   15083.15523092  .00001090  00000-0  40628-3 0  9990,2 25116 045.0172 137.5446 0005732 154.9823 205.1304 14.37682255902835
1 25116U 97084E   15084.47552059  .00001067  00000-0  39849-3 0  9998,2 25116 045.0171 131.2897 0005835 162.0122 198.0934 14.37685218903024
1 25116U 97084E   15085.51785223  .00001175  00000-0  43407-3 0  9990,2 25116 045.0170 126.3516 0005871 167.5740 192.5254 14.37688225903173
1 25116U 97084E   15087.11608990  .00001355  00000-0  49335-3 0  9999,2 25116 045.0169 118.7796 0005969 175.8946 184.1952 14.37693094903402
1 25116U 97084E   15088.43636830  .00001464  00000-0  52911-3 0  9994,2 25116 045.0169 112.5245 0006047 182.5877 177.4941 14.37697447903598
1 25116U 97084E   15089.47869154  .00001639  00000-0  58688-3 0  9997,2 25116 045.0169 107.5863 0006101 187.8067 172.2687 14.37701263903747
1 25116U 97084E   15091.00742699  .00001583  00000-0  56848-3 0  9997,2 25116 045.0170 100.3434 0006213 195.3384 164.7276 14.37705804903963
1 25116U 97084E   15092.11923159  .00001626  00000-0  58257-3 0  9996,2 25116 045.0171 095.0761 0006279 200.6323 159.4272 14.37709545904124
1 25116U 97084E   15093.78693247  .00001536  00000-0  55291-3 0  9997,2 25116 045.0173 087.1750 0006384 208.5529 151.4971 14.37714669904365
1 25116U 97084E   15095.10719138  .00001419  00000-0  51419-3 0  9991,2 25116 045.0173 080.9199 0006457 214.5215 145.5215 14.37718423904551
1 25116U 97084E   15096.14949840  .00001490  00000-0  53743-3 0  9992,2 25116 045.0174 075.9817 0006515 219.4020 140.6355 14.37722223904707
1 25116U 97084E   15098.16461957  .00001252  00000-0  45921-3 0  9999,2 25116 045.0177 066.4344 0006599 228.4422 131.5861 14.37727252904997
1 25116U 97084E   15099.34589392  .00001122  00000-0  41641-3 0  9995,2 25116 045.0179 060.8377 0006639 233.6584 126.3651 14.37730027905168
1 25116U 97084E   15101.15254359  .00001148  00000-0  42479-3 0  9998,2 25116 045.0183 052.2779 0006694 241.5183 118.4991 14.37735340905429
1 25116U 97084E   15102.19483842  .00001221  00000-0  44873-3 0  9996,2 25116 045.0184 047.3397 0006699 245.9919 114.0229 14.37738792905577
1 25116U 97084E   15103.30661730  .00001145  00000-0  42384-3 0  9994,2 25116 045.0186 042.0724 0006717 250.7451 109.2670 14.37741681905736
1 25116U 97084E   15104.83530916  .00001328  00000-0  48378-3 0  9996,2 25116 045.0186 034.8298 0006745 257.2958 102.7137 14.37747208905957
1 25116U 97084E   15106.15553839  .00001565  00000-0  56189-3 0  9994,2 25116 045.0188 028.5749 0006750 262.9950 097.0131 14.37752729906147
1 25116U 97084E   15107.19782136  .00001642  00000-0  58722-3 0  9994,2 25116 045.0188 023.6365 0006744 267.4160 092.5917 14.37756745906293
1 25116U 97084E   15108.24010271  .00001571  00000-0  56386-3 0  9990,2 25116 045.0188 018.6982 0006728 271.6932 088.3146 14.37759735906444
1 25116U 97084E   15109.83826177  .00001532  00000-0  55091-3 0  9995,2 25116 045.0189 011.1261 0006689 278.5198 081.4893 14.37765112906673
1 25116U 97084E   15111.08898980  .00001896  00000-0  67062-3 0  9990,2 25116 045.0189 005.2003 0006673 283.9028 076.1078 14.37771667906854
1 25116U 97084E   15112.13125926  .00002099  00000-0  73705-3 0  9997,2 25116 045.0189 000.2622 0006640 288.3680 071.6446 14.37776961907002
1 25116U 97084E   15113.79888630  .00001834  00000-0  65005-3 0  9998,2 25116 045.0189 352.3608 0006554 295.3855 064.6314 14.37781862907241
1 25116U 97084E   15115.11908524  .00001679  00000-0  59906-3 0  9991,2 25116 045.0180 346.1054 0006481 300.5575 059.4634 14.37786646907438
1 25116U 97084E   15116.43928049  .00001414  00000-0  51172-3 0  9995,2 25116 045.0187 339.8501 0006400 306.5472 053.4786 14.37789743907628
1 25116U 97084E   15117.82895643  .00001175  00000-0  43320-3 0  9992,2 25116 045.0186 333.2653 0006311 312.6365 047.3951 14.37793117907821
1 25116U 97084E   15119.35759595  .00000960  00000-0  36253-3 0  9995,2 25116 045.0185 326.0221 0006174 319.2673 040.7714 14.37796529908042
1 25116U 97084E   15120.53881530  .00000851  00000-0  32663-3 0  9992,2 25116 045.0184 320.4250 0006085 324.5829 035.4615 14.37798955908219
1 25116U 97084E   15121.99796628  .00000734  00000-0  28830-3 0  9997,2 25116 045.0184 313.5112 0005929 331.2061 028.8460 14.37801637908427
1 25116U 97084E   15123.52659795  .00000673  00000-0  26804-3 0  9992,2 25116 045.0184 306.2679 0005784 338.1044 021.9556 14.37804301908645
1 25116U 97084E   15124.56884528  .00000712  00000-0  28095-3 0  9999,2 25116 045.0183 301.3294 0005677 342.8488 017.2168 14.37806405908798
1 25116U 97084E   15125.81954044  .00000738  00000-0  28947-3 0  9993,2 25116 045.0181 295.4029 0005575 348.9107 011.1618 14.37808726908978
1 25116U 97084E   15126.86178414  .00000911  00000-0  34628-3 0  9994,2 25116 045.0180 290.4642 0005489 353.9251 006.1530 14.37811703909127
1 25116U 97084E   15127.90402666  .00000954  00000-0  36050-3 0  9997,2 25116 045.0180 285.5255 0005412 359.1238 000.9600 14.37813916909275
1 25116U 97084E   15129.22419794  .00000997  00000-0  37449-3 0  9994,2 25116 045.0180 279.2698 0005284 005.4330 354.6575 14.37816787909467
1 25116U 97084E   15130.40540099  .00001177  00000-0  43368-3 0  9997,2 25116 045.0179 273.6725 0005157 011.2325 348.8638 14.37820379909638
1 25116U 97084E   15131.79504670  .00001420  00000-0  51362-3 0  9999,2 25116 045.0179 267.0876 0005032 018.4819 341.6212 14.37825600909834
1 25116U 97084E   15133.46261580  .00001670  00000-0  59563-3 0  9993,2 25116 045.0179 259.1858 0004892 027.1900 332.9203 14.37832060910076
1 25116U 97084E   15134.71328709  .00001846  00000-0  65347-3 0  9991,2 25116 045.0177 253.2593 0004808 034.0655 326.0501 14.37837381910252
1 25116U 97084E   15136.10291795  .00001526  00000-0  54813-3 0  9991,2 25116 045.0176 246.6745 0004674 041.4944 318.6259 14.37840548910458
1 25116U 97084E   15137.14513832  .00001468  00000-0  52925-3 0  9992,2 25116 045.0175 241.7359 0004595 047.0879 313.0354 14.37843816910608
1 25116U 97084E   15138.39579997  .00001144  00000-0  42271-3 0  9998,2 25116 045.0174 235.8094 0004507 054.2232 305.9034 14.37846144910784
1 25116U 97084E   15139.43801518  .00001121  00000-0  41512-3 0  9993,2 25116 045.0174 230.8706 0004448 060.1777 299.9514 14.37849268910935
1 25116U 97084E   15140.82763394  .00000840  00000-0  32284-3 0  9990,2 25116 045.0174 224.2857 0004375 068.2401 291.8912 14.37851248911138
1 25116U 97084E   15142.07828860  .00000756  00000-0  29535-3 0  9990,2 25116 045.0173 218.3592 0004306 075.5756 284.5570 14.37853507911314
1 25116U 97084E   15143.18998002  .00000586  00000-0  23930-3 0  9993,2 25116 045.0172 213.0911 0004266 082.3688 277.7645 14.37854807911473
1 25116U 97084E   15144.44063130  .00000432  00000-0  18871-3 0  9996,2 25116 045.0170 207.1646 0004235 089.9672 270.1661 14.37856235911654
1 25116U 97084E   15145.48283976  .00000367  00000-0  16728-3 0  9999,2 25116 045.0168 202.2259 0004221 096.2486 263.8843 14.37857437911809
1 25116U 97084E   15146.52504762  .00000313  00000-0  14974-3 0  9996,2 25116 045.0166 197.2870 0004219 102.5384 257.5936 14.37858366911955
1 25116U 97084E   15147.56725479  .00000357  00000-0  16422-3 0  9999,2 25116 045.0164 192.3481 0004227 108.7946 251.3361 14.37859617912100
1 25116U 97084E   15149.16530404  .00000367  00000-0  16746-3 0  9999,2 25116 045.0163 184.7749 0004257 118.4460 241.6817 14.37861219912337
1 25116U 97084E   15150.48543026  .00000341  00000-0  15898-3 0  9999,2 25116 045.0162 178.5190 0004301 126.1468 233.9779 14.37862389912522
1 25116U 97084E   15151.52763432  .00000430  00000-0  18814-3 0  9990,2 25116 045.0163 173.5800 0004350 132.1791 227.9427 14.37863845912673
1 25116U 97084E   15153.05619852  .00000309  00000-0  14835-3 0  9990,2 25116 045.0163 166.3361 0004416 140.8325 219.2844 14.37864729912890
1 25116U 97084E   15154.09840034  .00000333  00000-0  15624-3 0  9997,2 25116 045.0163 161.3971 0004469 146.5513 213.5618 14.37865932913043
1 25116U 97084E   15155.14060122  .00000430  00000-0  18813-3 0  9997,2 25116 045.0163 156.4582 0004537 152.2770 207.8321 14.37867584913199
1 25116U 97084E   15156.39124123  .00000500  00000-0  21106-3 0  9994,2 25116 045.0163 150.5316 0004625 158.8928 201.2112 14.37869317913376
1 25116U 97084E   15157.43344009  .00000588  00000-0  23998-3 0  9994,2 25116 045.0163 145.5926 0004696 164.3639 195.7355 14.37870959913523
1 25116U 97084E   15159.10095589  .00000777  00000-0  30206-3 0  9996,2 25116 045.0165 137.6900 0004799 172.7278 187.3640 14.37873990913763
1 25116U 97084E   15160.14315077  .00000981  00000-0  36878-3 0  9997,2 25116 045.0166 132.7510 0004874 177.8647 182.2223 14.37876779913913
1 25116U 97084E   15161.39378340  .00000989  00000-0  37156-3 0  9995,2 25116 045.0168 126.8243 0004978 184.0189 176.0620 14.37878909914097
1 25116U 97084E   15162.85285078  .00001045  00000-0  38970-3 0  9991,2 25116 045.0172 119.9097 0005088 191.0147 169.0591 14.37882303914303
1 25116U 97084E   15164.10347742  .00001157  00000-0  42647-3 0  9998,2 25116 045.0175 113.9831 0005180 196.8376 163.2301 14.37885699914481
1 25116U 97084E   15165.28462244  .00001129  00000-0  41729-3 0  9992,2 25116 045.0176 108.3857 0005258 202.1049 157.9573 14.37888287914658
1 25116U 97084E   15166.32680732 +.00001009 +00000-0 +37789-3 0  9990,2 25116 045.0176 103.4467 0005331 206.6795 153.3779 14.37890114914807
1 25116U 97084E   15167.85534686  .00000851  00000-0  32609-3 0  9995,2 25116 045.0179 096.2031 0005459 213.1393 146.9114 14.37886188915026
1 25116U 97084E   15169.10596983  .00000706  00000-0  27865-3 0  9990,2 25116 045.0178 090.2764 0005526 218.2242 141.8215 14.37888369915205
1 25116U 97084E   15170.21763323  .00000697  00000-0  27539-3 0  9995,2 25116 045.0180 085.0083 0005601 223.4572 136.5835 14.37890158915367
1 25116U 97084E   15171.32929550  .00000628  00000-0  25300-3 0  9992,2 25116 045.0182 079.7401 0005660 228.2352 131.8013 14.37891831915520
1 25116U 97084E   15172.78835042  .00000512  00000-0  21494-3 0  9997,2 25116 045.0183 072.8256 0005732 234.2764 125.7551 14.37893670915732
1 25116U 97084E   15174.10844584  .00000510  00000-0  21400-3 0  9991,2 25116 045.0184 066.5699 0005775 239.6203 120.4075 14.37895774915929
1 25116U 97084E   15175.22010315  .00000623  00000-0  25130-3 0  9991,2 25116 045.0185 061.3017 0005804 244.2276 115.7974 14.37898260916088
1 25116U 97084E   15176.54019562  .00000501  00000-0  21100-3 0  9998,2 25116 045.0185 055.0458 0005849 249.6574 110.3646 14.37899445916270
1 25116U 97084E   15177.72132968  .00000443  00000-0  19196-3 0  9992,2 25116 045.0185 049.4483 0005877 254.3681 105.6519 14.37900790916449
1 25116U 97084E   15178.76350614  .00000353  00000-0  16263-3 0  9999,2 25116 045.0184 044.5092 0005886 258.5627 101.4561 14.37901695916598
1 25116U 97084E   15180.15307365  .00000245  00000-0  12701-3 0  9993,2 25116 045.0185 037.9239 0005881 264.1951 095.8227 14.37902816916799
1 25116U 97084E   15181.47316220  .00000187  00000-0  10808-3 0  9990,2 25116 045.0185 031.6679 0005868 269.5113 090.5063 14.37903721916989
1 25116U 97084E   15182.79323832  .00000216  00000-0  11761-3 0  9995,2 25116 045.0186 025.4118 0005860 274.7667 085.2512 14.37904915917171
1 25116U 97084E   15184.04384672  .00000223  00000-0  12001-3 0  9990,2 25116 045.0187 019.4851 0005836 279.5399 080.4790 14.37906018917358
1 25116U 97084E   15185.50288924  .00000334  00000-0  15627-3 0  9995,2 25116 045.0186 012.5705 0005809 285.4990 074.5217 14.37907744917560
1 25116U 97084E   15186.54506095  .00000555  00000-0  22869-3 0  9993,2 25116 045.0186 007.6314 0005788 289.9915 070.0310 14.37910002917716
1 25116U 97084E   15187.79566615  .00000477  00000-0  20314-3 0  9991,2 25116 045.0187 001.7046 0005746 295.1795 064.8457 14.37910892917892
1 25116U 97084E   15188.83783622  .00000539  00000-0  22369-3 0  9997,2 25116 045.0187 356.7656 0005703 299.5051 060.5228 14.37912379918047
1 25116U 97084E   15189.94948266  .00000754  00000-0  29398-3 0  9995,2 25116 045.0187 351.4972 0005662 304.1122 055.9189 14.37915036918201
1 25116U 97084E   15191.47799463  .00000440  00000-0  19123-3 0  9996,2 25116 045.0188 344.2532 0005575 310.0547 049.9812 14.37915678918426
1 25116U 97084E   15192.79807054  .00000679  00000-0  26964-3 0  9993,2 25116 045.0189 337.9972 0005508 315.9127 044.1282 14.37919194918614
1 25116U 97084E   15193.97919032  .00000632  00000-0  25418-3 0  9996,2 25116 045.0189 332.3998 0005453 321.2680 038.7777 14.37920670918781
1 25116U 97084E   15195.43821785  .00000670  00000-0  26639-3 0  9994,2 25116 045.0188 325.4851 0005358 327.5690 032.4829 14.37923238918990
1 25116U 97084E   15196.48037951  .00000534  00000-0  22182-3 0  9992,2 25116 045.0187 320.5462 0005287 332.0270 028.0294 14.37924126919141
1 25116U 97084E   15197.73097205  .00000360  00000-0  16500-3 0  9993,2 25116 045.0187 314.6194 0005191 337.4880 022.5740 14.37925080919322
1 25116U 97084E   15198.77313175  .00000302  00000-0  14592-3 0  9990,2 25116 045.0186 309.6803 0005110 342.0817 017.9850 14.37926119919475
1 25116U 97084E   15199.88476797  .00000290  00000-0  14181-3 0  9993,2 25116 045.0186 304.4119 0005014 347.1090 012.9630 14.37927287919636
1 25116U 97084E   15201.06588091  .00000200  00000-0  11231-3 0  9992,2 25116 045.0185 298.8143 0004916 352.4451 007.6323 14.37927916919806
1 25116U 97084E   15202.45542456  .00000166  00000-0  10115-3 0  9992,2 25116 045.0184 292.2289 0004789 358.9356 001.1482 14.37928938920001
1 25116U 97084E   15203.49758170  .00000154  00000-0  97376-4 0  9991,2 25116 045.0183 287.2900 0004705 003.9989 356.0897 14.37929707920154
1 25116U 97084E   15204.81764648  .00000189  00000-0  10864-3 0  9999,2 25116 045.0181 281.0340 0004613 010.5742 349.5203 14.37930909920346
1 25116U 97084E   15206.20718765  .00000198  00000-0  11156-3 0  9998,2 25116 045.0177 274.4485 0004497 017.5478 342.5525 14.37931818920542
1 25116U 97084E   15207.52725072  .00000185  00000-0  10760-3 0  9999,2 25116 045.0174 268.1922 0004392 024.4776 335.6281 14.37932664920730
1 25116U 97084E   15208.77783572  .00000195  00000-0  11062-3 0  9993,2 25116 045.0172 262.2651 0004304 031.0953 329.0150 14.37933676920912
1 25116U 97084E   15210.16737358  .00000217  00000-0  11802-3 0  9997,2 25116 045.0170 255.6794 0004209 038.6135 321.5014 14.37934830921115
1 25116U 97084E   15211.34848013  .00000243  00000-0  12656-3 0  9996,2 25116 045.0169 250.0815 0004133 045.2138 314.9046 14.37935737921285
1 25116U 97084E   15212.46010883  .00000299  00000-0  14474-3 0  9997,2 25116 045.0168 244.8130 0004077 051.4515 308.6698 14.37936858921446
1 25116U 97084E   15213.50226000  .00000339  00000-0  15791-3 0  9991,2 25116 045.0166 239.8737 0004031 057.4347 302.6890 14.37937909921592
1 25116U 97084E   15214.54441033  .00000331  00000-0  15541-3 0  9996,2 25116 045.0165 234.9345 0003992 063.4842 296.6415 14.37938800921747
1 25116U 97084E   15216.07289595  .00000325  00000-0  15336-3 0  9994,2 25116 045.0164 227.6900 0003945 072.5850 287.5429 14.37940179921960
1 25116U 97084E   15217.46242695  .00000394  00000-0  17613-3 0  9994,2 25116 045.0163 221.1042 0003930 080.8643 279.2650 14.37941789922166
1 25116U 97084E   15218.57405076  .00000394  00000-0  17600-3 0  9997,2 25116 045.0163 215.8355 0003930 087.2635 272.8663 14.37942811922323
1 25116U 97084E   15220.10253107  .00000478  00000-0  20357-3 0  9991,2 25116 045.0164 208.5910 0003938 096.6147 263.5150 14.37944989922540
1 25116U 97084E   15221.14467567  .00000549  00000-0  22690-3 0  9994,2 25116 045.0165 203.6516 0003962 102.8306 257.2985 14.37946584922698
1 25116U 97084E   15222.39524824  .00000480  00000-0  20430-3 0  9996,2 25116 045.0167 197.7246 0004003 110.1601 249.9679 14.37947596922872
1 25116U 97084E   15223.99319986  .00000380  00000-0  17134-3 0  9990,2 25116 045.0168 190.1510 0004058 119.6760 240.4493 14.37948889923107
1 25116U 97084E   15225.10481730  .00000337  00000-0  15710-3 0  9992,2 25116 045.0169 184.8825 0004121 126.0776 234.0455 14.37949901923267
1 25116U 97084E   15226.21643361  .00000290  00000-0  14180-3 0  9993,2 25116 045.0170 179.6139 0004199 132.2366 227.8839 14.37950918923422
1 25116U 97084E   15227.32804909  .00000298  00000-0  14432-3 0  9991,2 25116 045.0170 174.3454 0004275 138.3797 221.7377 14.37952117923584
1 25116U 97084E   15229.13442180  .00000451  00000-0  19475-3 0  9994,2 25116 045.0172 165.7839 0004415 148.1531 211.9585 14.37954815923846
1 25116U 97084E   15230.24603481  .00000413  00000-0  18204-3 0  9998,2 25116 045.0173 160.5155 0004501 154.0123 206.0952 14.37955703924009
1 25116U 97084E   15231.28817121  .00000289  00000-0  14134-3 0  9990,2 25116 045.0174 155.5762 0004590 159.4601 200.6432 14.37956100924157
1 25116U 97084E   15232.88611162  .00000323  00000-0  15259-3 0  9992,2 25116 045.0176 148.0027 0004726 167.7497 192.3467 14.37958062924385
1 25116U 97084E   15235.17880626  .00000307  00000-0  14731-3 0  9996,2 25116 045.0177 137.1365 0004921 178.9838 181.1021 14.37960145924714
1 25116U 97084E   15235.87356132 +.00000305 +00000-0 +14655-3 0  9996,2 25116 045.0177 133.8436 0004985 182.3570 177.7256 14.37960818924828
1 25116U 97084E   15236.77674295  .00000306  00000-0  14699-3 0  9998,2 25116 045.0176 129.5628 0005063 186.6274 173.4508 14.37961554924942
1 25116U 97084E   15236.91569383 +.00000283 +00000-0 +13963-3 0  9992,2 25116 045.0176 128.9043 0005078 187.2363 172.8413 14.37961587924975
1 25116U 97084E   15237.81887476  .00000265  00000-0  13341-3 0  9998,2 25116 045.0175 124.6235 0005160 191.4612 168.6120 14.37962265925092
1 25116U 97084E   15238.99995668  .00000260  00000-0  13185-3 0  9992,2 25116 045.0175 119.0255 0005258 196.7776 163.2899 14.37963276925265
1 25116U 97084E   15239.76418549 +.00000292 +00000-0 +14240-3 0  9994,2 25116 045.0175 115.4032 0005324 200.3193 159.7444 14.37964156925384
1 25116U 97084E   15240.52841370  .00000346  00000-0  15997-3 0  9992,2 25116 045.0175 111.7810 0005384 203.8241 156.2359 14.37965207925481
1 25116U 97084E   15241.70949270  .00000389  00000-0  17416-3 0  9996,2 25116 045.0175 106.1830 0005485 208.9793 151.0752 14.37966738925650
1 25116U 97084E   15241.84844312 +.00000390 +00000-0 +17441-3 0  9992,2 25116 045.0176 105.5245 0005493 209.6256 150.4281 14.37966898925685
1 25116U 97084E   15242.75162052  .00000337  00000-0  15724-3 0  9990,2 25116 045.0176 101.2437 0005572 213.5062 146.5435 14.37967635925809
1 25116U 97084E   15243.93269774 +.00000325 +00000-0 +15327-3 0  9996,2 25116 045.0176 095.6457 0005664 218.5630 141.4815 14.37968940925980
1 25116U 97084E   15244.00217285  .00000322  00000-0  15215-3 0  9998,2 25116  45.0176  95.3165 0005667 218.8620 141.1821 14.37969005925985
1 25116U 97084E   15245.46114951  .00000264  00000-0  13323-3 0  9998,2 25116  45.0176  88.4012 0005769 225.2905 134.7474 14.37970221926198
1 25116U 97084E   15245.66957466 +.00000260 +00000-0 +13183-3 0  9996,2 25116 045.0176 087.4133 0005785 226.1891 133.8480 14.37970401926235
1 25116U 97084E   15246.64222521 +.00000241 +00000-0 +12555-3 0  9993,2 25116 045.0176 082.8033 0005859 230.1904 129.8430 14.37971120926368
1 25116U 97084E   15247.96225016  .00000241  00000-0  12569-3 0  9996,2 25116  45.0176  76.5467 0005931 235.7308 124.2979 14.37972152926553
1 25116U 97084E   15249.00437440  .00000260  00000-0  13194-3 0  9995,2 25116  45.0176  71.6071 0005985 240.0607 119.9647 14.37973122926708
1 25116U 97084E   15250.46334745  .00000243  00000-0  12635-3 0  9991,2 25116  45.0178  64.6916 0006049 246.3004 113.7210 14.37974250926916
1 25116U 97084E   15251.50547021  .00000307  00000-0  14715-3 0  9992,2 25116  45.0180  59.7523 0006076 250.7953 109.2238 14.37975536927065
1 25116U 97084E   15251.85284435 +.00000305 +00000-0 +14658-3 0  9991,2 25116 045.0180 058.1059 0006085 252.2749 107.7435 14.37975831927129
1 25116U 97084E   15252.82549159  .00000308  00000-0  14776-3 0  9990,2 25116  45.0182  53.4957 0006090 256.5851 103.4318 14.37976708927254
1 25116U 97084E   15252.89496631 +.00000314 +00000-0 +14949-3 0  9992,2 25116 045.0182 053.1664 0006091 256.8813 103.1356 14.37976817927270
1 25116U 97084E   15253.93708725  .00000315  00000-0  14985-3 0  9999,2 25116  45.0183  48.2272 0006157 260.8841  99.1311 14.37977931927419
1 25116U 97084E   15255.46553014  .00000314  00000-0  14952-3 0  9991,2 25116  45.0185  40.9827 0006204 267.0877  92.9261 14.37979568927634
1 25116U 97084E   15256.50764974  .00000251  00000-0  12878-3 0  9991,2 25116  45.0187  36.0435 0006217 271.3623  88.6513 14.37980294927784
1 25116U 97084E   15256.78554819 +.00000254 +00000-0 +12997-3 0  9991,2 25116 045.0187 034.7263 0006218 272.4906 087.5231 14.37980583927837
1 25116U 97084E   15257.75819251  .00000256  00000-0  13068-3 0  9995,2 25116  45.0188  30.1163 0006233 276.4782  83.5356 14.37981463927966
1 25116U 97084E   15258.80031070  .00000295  00000-0  14321-3 0  9993,2 25116  45.0189  25.1769 0006246 280.7977  79.2168 14.37982605928111
1 25116U 97084E   15258.86978519 +.00000295 +00000-0 +14330-3 0  9997,2 25116 045.0189 024.8476 0006242 281.1021 078.9126 14.37982680928138
1 25116U 97084E   15260.39822442  .00000289  00000-0  14142-3 0  9995,2 25116  45.0190  17.6032 0006236 287.5460  72.4707 14.37983946928341
1 25116U 97084E   15261.44034125  .00000295  00000-0  14321-3 0  9991,2 25116  45.0191  12.6639 0006218 291.8817  68.1370 14.37984935928497
1 25116U 97084E   15262.48245737  .00000341  00000-0  15850-3 0  9999,2 25116  45.0191   7.7246 0006202 296.2836  63.7375 14.37986167928641
1 25116U 97084E   15262.76035487 +.00000359 +00000-0 +16421-3 0  9993,2 25116 045.0191 006.4075 0006191 297.5759 062.4460 14.37986539928691
1 25116U 97084E   15263.73299581  .00000407  00000-0  17993-3 0  9997,2 25116  45.0192   1.7977 0006171 301.7780  58.2467 14.37987729928828
1 25116U 97084E   15265.46985320  .00000360  00000-0  16452-3 0  9999,2 25116  45.0191 353.5657 0006127 309.1249  50.9055 14.37989148929070
1 25116U 97084E   15266.51196646  .00000365  00000-0  16625-3 0  9998,2 25116  45.0190 348.6264 0006085 313.6217  46.4126 14.37990308929222
1 25116U 97084E   15266.72038904 +.00000362 +00000-0 +16523-3 0  9997,2 25116 045.0190 347.6386 0006075 314.5857 045.4495 14.37990528929261
1 25116U 97084E   15267.69302710  .00000388  00000-0  17385-3 0  9998,2 25116  45.0189 343.0285 0006033 318.8444  41.1949 14.37991799929392
1 25116U 97084E   15269.42987925  .00000403  00000-0  17872-3 0  9997,2 25116  45.0188 334.7962 0005953 326.5529  33.4943 14.37993801929642
1 25116U 97084E   15270.54146352  .00000438  00000-0  19030-3 0  9999,2 25116  45.0187 329.5275 0005897 331.6231  28.4296 14.37995176929804
1 25116U 97084E   15270.61093749 +.00000436 +00000-0 +18937-3 0  9991,2 25116 045.0186 329.1982 0005893 331.9310 028.1220 14.37995240929829
1 25116U 97084E   15271.65304680  .00000422  00000-0  18487-3 0  9990,2 25116  45.0185 324.2588 0005839 336.6976  23.3607 14.37996325929962
1 25116U 97084E   15273.18147191  .00000451  00000-0  19434-3 0  9997,2 25116  45.0184 317.0142 0005750 343.7727  16.2936 14.37998348930181
1 25116U 97084E   15274.50147400  .00000491  00000-0  20764-3 0  9999,2 25116  45.0182 310.7576 0005673 350.1162   9.9574 14.38000148930370
1 25116U 97084E   15274.57094772 +.00000501 +00000-0 +21083-3 0  9996,2 25116 045.0182 310.4283 0005673 350.4475 009.6265 14.38000295930391
1 25116U 97084E   15276.09936865  .00000587  00000-0  23897-3 0  9992,2 25116  45.0179 303.1836 0005574 357.8040   2.2783 14.38002714930605
1 25116U 97084E   15277.14147268  .00000594  00000-0  24113-3 0  9990,2 25116  45.0178 298.2440 0005504   2.9294 357.1586 14.38004107930758
1 25116U 97084E   15278.46146978  .00000497  00000-0  20954-3 0  9994,2 25116  45.0176 291.9872 0005418   9.6367 350.4584 14.38005347930946
1 25116U 97084E   15278.53094335 +.00000469 +00000-0 +20019-3 0  9992,2 25116 045.0176 291.6579 0005413 009.9949 350.1006 14.38005268930961
1 25116U 97084E   15279.50357169  .00000422  00000-0  18490-3 0  9996,2 25116  45.0175 287.0475 0005350  15.0276 345.0730 14.38006322931099
1 25116U 97084E   15281.10145898  .00000443  00000-0  19189-3 0  9998,2 25116  45.0176 279.4733 0005252  23.3776 336.7310 14.38008565931328
1 25116U 97084E   15282.49092455  .00000416  00000-0  18292-3 0  9995,2 25116  45.0175 272.8872 0005180  30.8219 329.2932 14.38010120931522
1 25116U 97084E   15283.53302286  .00000355  00000-0  16283-3 0  9997,2 25116  45.0175 267.9476 0005147  36.4380 323.6818 14.38011001931677
1 25116U 97084E   15284.57512012  .00000341  00000-0  15833-3 0  9997,2 25116  45.0175 263.0081 0005098  42.2334 317.8906 14.38012170931823
1 25116U 97084E   15284.92248566 +.00000344 +00000-0 +15923-3 0  9999,2 25116 045.0175 261.3615 0005078 044.1788 315.9465 14.38012575931883
1 25116U 97084E   15286.10352786  .00000345  00000-0  15967-3 0  9990,2 25116  45.0175 255.7633 0005044  50.8647 309.2649 14.38013922932047
1 25116U 97084E   15287.14562304  .00000360  00000-0  16444-3 0  9992,2 25116  45.0174 250.8237 0005009  56.8127 303.3201 14.38015078932191
1 25116U 97084E   15288.32666301  .00000459  00000-0  19703-3 0  9995,2 25116  45.0174 245.2256 0004991  63.5881 296.5480 14.38016839932368
1 25116U 97084E   15289.36875573  .00000545  00000-0  22510-3 0  9999,2 25116  45.0174 240.2859 0004973  69.6875 290.4507 14.38018545932518
1 25116U 97084E   15289.85506517 +.00000565 +00000-0 +23159-3 0  9994,2 25116 045.0174 237.9806 0004963 072.5057 287.6334 14.38019293932592
1 25116U 97084E   15290.82768328  .00000591  00000-0  24007-3 0  9995,2 25116  45.0174 233.3703 0004963  78.2218 281.9187 14.38020805932729
1 25116U 97084E   15290.89715582 +.00000628 +00000-0 +25232-3 0  9998,2 25116 045.0174 233.0410 0004963 078.6505 281.4901 14.38021152932741
1 25116U 97084E   15291.86977249  .00000669  00000-0  26570-3 0  9997,2 25116  45.0175 228.4308 0004975  84.3327 275.8088 14.38022896932878
1 25116U 97084E   15293.18975015  .00000786  00000-0  30402-3 0  9992,2 25116  45.0176 222.1741 0005005  92.0690 268.0732 14.38025719933064
1 25116U 97084E   15294.23183588  .00000822  00000-0  31589-3 0  9993,2 25116  45.0175 217.2346 0005026  98.2143 261.9276 14.38027788933213
1 25116U 97084E   15294.57919737 +.00000811 +00000-0 +31218-3 0  9990,2 25116 045.0175 215.5881 0005023 100.2749 259.8666 14.38028395933271
1 25116U 97084E   15295.76022512  .00000804  00000-0  31000-3 0  9999,2 25116  45.0173 209.9898 0005073 107.2011 252.9393 14.38030694933432
1 25116U 97084E   15295.89916939 +.00000832 +00000-0 +31889-3 0  9994,2 25116 045.0173 209.3312 0005082 108.0328 252.1075 14.38031140933466
1 25116U 97084E   15296.80230683  .00000765  00000-0  29715-3 0  9991,2 25116  45.0172 205.0502 0005122 113.2911 246.8477 14.38032570933587
1 25116U 97084E   15296.87177892 +.00000786 +00000-0 +30391-3 0  9995,2 25116 045.0172 204.7210 0005126 113.7242 246.4144 14.38032812933604
1 25116U 97084E   15298.12227473  .00000764  00000-0  29687-3 0  9998,2 25116  45.0171 198.7934 0005201 120.8187 239.3174 14.38035170933771
1 25116U 97084E   15299.16435317  .00000681  00000-0  26941-3 0  9999,2 25116  45.0170 193.8537 0005268 126.7405 233.3927 14.38036611933924
1 25116U 97084E   15299.85907140 +.00000666 +00000-0 +26455-3 0  9996,2 25116 045.0170 190.5604 0005318 130.6991 229.4320 14.38037747934030
1 25116U 97084E   15300.83167595  .00000626  00000-0  25163-3 0  9990,2 25116  45.0170 185.9500 0005386 136.1307 223.9970 14.38039210934161
1 25116U 97084E   15300.90114768 +.00000621 +00000-0 +25000-3 0  9997,2 25116 045.0170 185.6207 0005393 136.5192 223.6082 14.38039296934183
1 25116U 97084E   15302.15163779  .00000567  00000-0  23220-3 0  9993,2 25116  45.0169 179.6931 0005487 143.2676 216.8550 14.38041033934359
1 25116U 97084E   15302.84635361 +.00000565 +00000-0 +23151-3 0  9991,2 25116 045.0169 176.3999 0005545 147.0655 213.0540 14.38042148934469
1 25116U 97084E   15303.74948369  .00000529  00000-0  21987-3 0  9991,2 25116  45.0169 172.1189 0005621 151.9139 208.2013 14.38043277934588
1 25116U 97084E   15303.81895511 +.00000554 +00000-0 +22778-3 0  9996,2 25116 045.0169 171.7895 0005627 152.2875 207.8274 14.38043528934600
1 25116U 97084E   15305.06944159  .00000534  00000-0  22126-3 0  9993,2 25116  45.0167 165.8619 0005736 158.8926 201.2160 14.38045085934776
1 25116U 97084E   15306.11151249  .00000539  00000-0  22285-3 0  9991,2 25116  45.0165 160.9221 0005845 164.3994 195.7036 14.38046445934924
1 25116U 97084E   15307.43146760  .00000585  00000-0  23814-3 0  9999,2 25116  45.0163 154.6650 0005965 171.1909 188.9045 14.38048377935115
1 25116U 97084E   15308.54300693  .00000581  00000-0  23674-3 0  9999,2 25116  45.0162 149.3958 0006075 176.7480 183.3409 14.38049964935277
1 25116U 97084E   15308.89036296 +.00000576 +00000-0 +23503-3 0  9997,2 25116 045.0162 147.7492 0006109 178.4123 181.6746 14.38050373935331
1 25116U 97084E   15309.79348788  .00000502  00000-0  21101-3 0  9990,2 25116  45.0162 143.4679 0006199 182.9124 177.1689 14.38051147935450
1 25116U 97084E   15309.93243015 +.00000495 +00000-0 +20869-3 0  9994,2 25116 045.0162 142.8093 0006213 183.5740 176.5065 14.38051274935486
1 25116U 97084E   15310.83555435  .00000471  00000-0  20066-3 0  9990,2 25116  45.0162 138.5280 0006305 187.9852 172.0897 14.38052230935601
1 25116U 97084E   15310.90502538 +.00000500 +00000-0 +21004-3 0  9990,2 25116 045.0162 138.1988 0006312 188.3083 171.7662 14.38052478935623
1 25116U 97084E   15311.87761902  .00000587  00000-0  23864-3 0  9990,2 25116  45.0163 133.5882 0006411 193.0164 167.0520 14.38054368935754
1 25116U 97084E   15312.91968269  .00000555  00000-0  22816-3 0  9992,2 25116  45.0164 128.6483 0006485 198.0591 162.0027 14.38055761935909
1 25116U 97084E   15314.44803998  .00000650  00000-0  25927-3 0  9991,2 25116  45.0166 121.4031 0006630 205.3524 154.7000 14.38058846936122
1 25116U 97084E   15315.49010049  .00000676  00000-0  26769-3 0  9997,2 25116  45.0167 116.4632 0006688 210.2455 149.8008 14.38060705936271
1 25116U 97084E   15315.83745391 +.00000613 +00000-0 +24698-3 0  9990,2 25116 045.0167 114.8167 0006726 211.8391 148.2052 14.38060889936337
1 25116U 97084E   15316.81004236  .00000648  00000-0  25847-3 0  9990,2 25116  45.0168 110.2062 0006800 216.3746 143.6641 14.38062641936464
1 25116U 97084E   15316.87951288 +.00000651 +00000-0 +25952-3 0  9995,2 25116 045.0168 109.8768 0006801 216.6867 143.3516 14.38062783936486
1 25116U 97084E   15317.92157057  .00000627  00000-0  25161-3 0  9999,2 25116  45.0169 104.9369 0006898 221.5414 138.4910 14.38064378936620
1 25116U 97084E   15319.51938995  .00000616  00000-0  24807-3 0  9998,2 25116  45.0171  97.3623 0007027 228.8915 131.1327 14.38067020936856
1 25116U 97084E   15319.86674154 +.00000595 +00000-0 +24103-3 0  9995,2 25116 045.0171 095.7158 0007045 230.4983 129.5243 14.38067535936911
1 25116U 97084E   15320.76985466  .00000720  00000-0  28216-3 0  9996,2 25116  45.0173  91.4346 0007106 234.6814 125.3370 14.38069912937032
1 25116U 97084E   15320.83932487 +.00000720 +00000-0 +28208-3 0  9990,2 25116 045.0173 091.1052 0007110 235.0104 125.0078 14.38070043937056
1 25116U 97084E   15321.81190705  .00000827  00000-0  31704-3 0  9991,2 25116  45.0176  86.4948 0007168 239.4361 120.5780 14.38072464937189
1 25116U 97084E   15323.13183782  .00000863  00000-0  32870-3 0  9990,2 25116  45.0179  80.2377 0007247 245.4773 114.5320 14.38075313937372
1 25116U 97084E   15324.52123610  .00000840  00000-0  32118-3 0  9998,2 25116  45.0181  73.6514 0007313 251.6361 108.3692 14.38078138937573
1 25116U 97084E   15324.72964554 +.00000787 +00000-0 +30376-3 0  9994,2 25116 045.0181 072.6636 0007318 252.5808 107.4241 14.38078337937614
1 25116U 97084E   15325.77169214  .00000774  00000-0  29954-3 0  9996,2 25116  45.0183  67.7239 0007354 257.2653 102.7373 14.38080566937756
1 25116U 97084E   15327.43896379  .00000762  00000-0  29558-3 0  9997,2 25116  45.0185  59.8202 0007414 264.6433  95.3569 14.38084011937994
1 25116U 97084E   15328.48100745  .00000735  00000-0  28679-3 0  9991,2 25116  45.0186  54.8805 0007442 269.2766  90.7229 14.38085747938147
1 25116U 97084E   15328.61994654 +.00000753 +00000-0 +29283-3 0  9998,2 25116 045.0186 054.2219 0007444 269.9125 090.0870 14.38086080938177
1 25116U 97084E   15329.73145819  .00000717  00000-0  28106-3 0  9996,2 25116  45.0187  48.9528 0007465 274.8560  85.1436 14.38087861938320
1 25116U 97084E   15331.19031590  .00000541  00000-0  22341-3 0  9999,2 25116  45.0188  42.0370 0007485 281.3304  78.6703 14.38089244938536
1 25116U 97084E   15332.51023310  .00000565  00000-0  23130-3 0  9990,2 25116  45.0190  35.7800 0007476 287.2195  72.7835 14.38091385938720
1 25116U 97084E   15332.64917164 +.00000547 +00000-0 +22545-3 0  9992,2 25116 045.0190 035.1214 0007473 287.8512 072.1521 14.38091510938758
1 25116U 97084E   15333.62174119  .00000548  00000-0  22572-3 0  9997,2 25116  45.0191  30.5110 0007467 292.2267  67.7789 14.38092878938881
1 25116U 97084E   15335.49740852  .00000576  00000-0  23496-3 0  9994,2 25116  45.0191  21.6195 0007446 300.6802  59.3312 14.38095662939155
1 25116U 97084E   15335.63634667 +.00000577 +00000-0 +23501-3 0  9994,2 25116 045.0190 020.9608 0007440 301.3044 058.7075 14.38095877939185
1 25116U 97084E   15336.53944452  .00000542  00000-0  22388-3 0  9994,2 25116  45.0190  16.6797 0007412 305.4000  54.6156 14.38097017939309
1 25116U 97084E   15337.51201082 +.00000494 +00000-0 +20810-3 0  9992,2 25116 045.0189 012.0692 0007378 309.8368 050.1831 14.38098124939454
1 25116U 97084E   15339.17926571  .00000418  00000-0  18322-3 0  9994,2 25116  45.0189   4.1653 0007321 317.4987  42.5294 14.38099869939683
1 25116U 97084E   15340.49917412  .00000555  00000-0  22798-3 0  9999,2 25116  45.0189 357.9081 0007265 323.7278  36.3077 14.38102249939875
1 25116U 97084E   15342.16642446  .00000589  00000-0  23921-3 0  9993,2 25116  45.0188 350.0041 0007193 331.6452  28.4005 14.38104662940119
1 25116U 97084E   15343.41686101  .00000553  00000-0  22737-3 0  9993,2 25116  45.0188 344.0764 0007133 337.7734  22.2804 14.38106083940295
1 25116U 97084E   15343.97261000 +.00000480 +00000-0 +20362-3 0  9992,2 25116 045.0188 341.4418 0007111 340.4535 019.6040 14.38106453940381
1 25116U 97084E   15344.80623269  .00000631  00000-0  25276-3 0  9991,2 25116  45.0189 337.4899 0007056 344.5306  15.5326 14.38108492940498
1 25116U 97084E   15344.87570146 +.00000499 +00000-0 +20959-3 0  9998,2 25116 045.0189 337.1606 0007056 344.8731 015.1906 14.38107814940516
1 25116U 97084E   15346.12613434  .00000577  00000-0  23511-3 0  9990,2 25116  45.0188 331.2327 0006967 351.0830   8.9894 14.38110009940684
1 25116U 97084E   15347.37656544  .00000590  00000-0  23952-3 0  9991,2 25116  45.0187 325.3048 0006887 357.3915   2.6897 14.38111953940864
1 25116U 97084E   15347.93231215 +.00000562 +00000-0 +23021-3 0  9993,2 25116 045.0187 322.6701 0006843 000.1199 359.9650 14.38112613940958
1 25116U 97084E   15348.90486791 +.00000622 +00000-0 +24992-3 0  9997,2 25116 045.0186 318.0594 0006778 005.1087 354.9830 14.38114449941094
1 25116U 97084E   15349.87742182  .00000706  00000-0  27723-3 0  9991,2 25116  45.0186 313.4487 0006717  10.1663 349.9321 14.38116675941220
1 25116U 97084E   15349.94689000 +.00000709 +00000-0 +27836-3 0  9996,2 25116 045.0186 313.1193 0006715 010.5615 349.5373 14.38116803941248
1 25116U 97084E   15351.12784741  .00000602  00000-0  24317-3 0  9990,2 25116  45.0186 307.5208 0006643  16.8044 343.3024 14.38118182941402
1 25116U 97084E   15352.23933514  .00000742  00000-0  28894-3 0  9996,2 25116  45.0186 302.2515 0006588  22.7387 337.3752 14.38120764941566
1 25116U 97084E   15353.28135360  .00000698  00000-0  27477-3 0  9991,2 25116  45.0185 297.3116 0006528  28.3491 331.7712 14.38122273941716
1 25116U 97084E   15353.90656404 +.00000570 +00000-0 +23274-3 0  9997,2 25116 045.0185 294.3475 0006496 031.7412 328.3828 14.38122639941813
1 25116U 97084E   15354.87911238  .00000573  00000-0  23374-3 0  9997,2 25116  45.0184 289.7369 0006450  37.1237 323.0056 14.38124381941942
1 25116U 97084E   15356.12952886  .00000679  00000-0  26853-3 0  9993,2 25116  45.0183 283.8091 0006393  44.1053 316.0304 14.38127431942126
1 25116U 97084E   15357.17154135  .00000668  00000-0  26469-3 0  9991,2 25116  45.0181 278.8692 0006355  49.9700 310.1705 14.38129280942275
1 25116U 97084E   15358.21355245  .00000719  00000-0  28138-3 0  9994,2 25116  45.0179 273.9291 0006321  55.8597 304.2850 14.38131451942421
1 25116U 97084E   15358.83875848 +.00000647 +00000-0 +25808-3 0  9999,2 25116 045.0178 270.9649 0006298 059.4236 300.7233 14.38132202942529
1 25116U 97084E   15359.81130027  .00000585  00000-0  23771-3 0  9999,2 25116  45.0177 266.3542 0006279  64.9961 295.1539 14.38133621942650
1 25116U 97084E   15359.88076764 +.00000529 +00000-0 +21940-3 0  9997,2 25116 045.0177 266.0249 0006279 065.4130 294.7372 14.38133408942670
1 25116U 97084E   15361.20064412  .00000481  00000-0  20382-3 0  9999,2 25116  45.0175 259.7675 0006278  73.0313 287.1223 14.38135335942859
1 25116U 97084E   15361.89531553 +.00000376 +00000-0 +16943-3 0  9990,2 25116 045.0175 256.4741 0006272 077.0473 283.1076 14.38135697942967
1 25116U 97084E   15362.79838778  .00000359  00000-0  16389-3 0  9994,2 25116  45.0174 252.1927 0006279  82.3024 277.8537 14.38136659943088
1 25116U 97084E   15362.86785488 +.00000330 +00000-0 +15431-3 0  9997,2 25116 045.0174 251.8633 0006279 082.7067 277.4495 14.38136573943106
1 25116U 97084E   15364.11826167  .00000294  00000-0  14255-3 0  9999,2 25116  45.0172 245.9354 0006301  89.8837 270.2733 14.38137668943277
1 25116U 97084E   15364.88239855 +.00000257 +00000-0 +13058-3 0  9994,2 25116 045.0171 242.3126 0006315 094.3509 265.8061 14.38138226943394
1 25116U 97084E   15365.78546869  .00000333  00000-0  15543-3 0  9996,2 25116  45.0169 238.0312 0006336  99.5455 260.6109 14.38139539943518
1 25116U 97084E   15365.85493556 +.00000329 +00000-0 +15414-3 0  9990,2 25116 045.0169 237.7018 0006338 099.9539 260.2025 14.38139600943530
1 25116U 97084E   16001.82747168  .00000304  00000-0  14595-3 0  9998,2 25116  45.0167 233.0911 0006369 105.5515 254.6037 14.38140485943668
1 25116U 97084E   16001.89693857 +.00000260 +00000-0 +13142-3 0  9998,2 25116 045.0167 232.7618 0006373 105.9460 254.2091 14.38140303943683
1 25116U 97084E   16003.07787435  .00000277  00000-0  13717-3 0  9992,2 25116  45.0165 227.1630 0006426 112.6545 247.4984 14.38141534943841
1 25116U 97084E   16003.91147545 +.00000288 +00000-0 +14072-3 0  9994,2 25116 045.0164 223.2107 0006461 117.4631 242.6875 14.38142347943977
1 25116U 97084E   16004.81454278  .00000307  00000-0  14699-3 0  9995,2 25116  45.0163 218.9290 0006505 122.5733 237.5744 14.38143263944099
1 25116U 97084E   16004.88400947 +.00000308 +00000-0 +14706-3 0  9996,2 25116 045.0163 218.5997 0006509 122.9507 237.1968 14.38143328944115
1 25116U 97084E   16006.06494272  .00000266  00000-0  13358-3 0  9997,2 25116  45.0162 213.0007 0006578 129.6001 230.5429 14.38144206944277
1 25116U 97084E   16006.89854192 +.00000267 +00000-0 +13382-3 0  9997,2 25116 045.0162 209.0485 0006636 134.3175 225.8218 14.38145019944403
1 25116U 97084E   16007.73214056  .00000263  00000-0  13260-3 0  9991,2 25116  45.0162 205.0961 0006693 138.9548 221.1804 14.38145813944519
1 25116U 97084E   16007.94054025 +.00000267 +00000-0 +13383-3 0  9992,2 25116 045.0162 204.1081 0006708 140.0722 220.0621 14.38145997944559
1 25116U 97084E   16008.84360500  .00000249  00000-0  12797-3 0  9998,2 25116  45.0162 199.8265 0006775 145.0853 215.0440 14.38146644944673
1 25116U 97084E   16008.91307150 +.00000250 +00000-0 +12834-3 0  9992,2 25116 045.0162 199.4972 0006780 145.4393 214.6898 14.38146709944699
1 25116U 97084E   16009.95506833  .00000270  00000-0  13458-3 0  9991,2 25116  45.0162 194.5569 0006867 151.1681 208.9548 14.38147723944838
1 25116U 97084E   16011.48332903  .00000301  00000-0  14495-3 0  9994,2 25116  45.0162 187.3111 0006979 159.3849 200.7283 14.38149258945057
1 25116U 97084E   16012.52532322  .00000437  00000-0  18935-3 0  9990,2 25116  45.0162 182.3707 0007082 165.0235 195.0825 14.38151205945202
1 25116U 97084E   16012.87265480 +.00000417 +00000-0 +18261-3 0  9996,2 25116 045.0162 180.7240 0007107 166.7421 193.3615 14.38151410945261
1 25116U 97084E   16013.77571573  .00000432  00000-0  18742-3 0  9990,2 25116  45.0163 176.4424 0007183 171.4336 188.6636 14.38152494945386
1 25116U 97084E   16013.84518198 +.00000401 +00000-0 +17739-3 0  9993,2 25116 045.0163 176.1130 0007189 171.7973 188.2994 14.38152395945409
1 25116U 97084E   16014.81770843  .00000411  00000-0  18087-3 0  9996,2 25116  45.0164 171.5020 0007276 176.8957 183.1938 14.38153499945534
1 25116U 97084E   16015.58183587 +.00000395 +00000-0 +17560-3 0  9990,2 25116 045.0165 167.8790 0007347 180.8951 179.1885 14.38154216945652
1 25116U 97084E   16015.99863247  .00000407  00000-0  17941-3 0  9990,2 25116  45.0165 165.9030 0007380 183.0642 177.0162 14.38154725945703
1 25116U 97084E   16017.45741948  .00000423  00000-0  18461-3 0  9992,2 25116  45.0168 158.9865 0007514 190.5477 169.5215 14.38156404945916
1 25116U 97084E   16018.49940902  .00000424  00000-0  18495-3 0  9996,2 25116  45.0170 154.0463 0007610 195.7898 164.2714 14.38157653946061
1 25116U 97084E   16018.84673868 +.00000387 +00000-0 +17299-3 0  9998,2 25116 045.0170 152.3997 0007634 197.4937 162.5649 14.38157884946124
1 25116U 97084E   16019.81926143  .00000458  00000-0  19605-3 0  9995,2 25116  45.0172 147.7889 0007705 202.2900 157.7614 14.38159343946252
1 25116U 97084E   16021.41697500  .00000489  00000-0  20605-3 0  9992,2 25116  45.0173 140.2139 0007843 210.1933 149.8464 14.38161483946484
1 25116U 97084E   16022.45896087  .00000520  00000-0  21614-3 0  9995,2 25116  45.0174 135.2736 0007923 215.1880 144.8446 14.38163015946632
1 25116U 97084E   16023.50094063  .00009227  00000-0  30529-2 0  9993,2 25116  45.0168 130.3335 0007996 220.5332 139.4922 14.38180299946786
1 25116U 97084E   16024.47345090  .00003294  00000-0  11207-2 0  9999,2 25116  45.0172 125.7230 0008082 225.3672 134.6518 14.38181220946929
1 25116U 97084E   16025.65435442 -.00000024  00000-0  38606-4 0  9994,2 25116  45.0176 120.1236 0008192 229.9892 130.0238 14.38179465947090
1 25116U 97084E   16026.69632787 -.00000023  00000-0  38905-4 0  9991,2 25116  45.0179 115.1833 0008251 234.9294 125.0781 14.38180034947246
1 25116U 97084E   16028.29401916  .00000288  00000-0  14029-3 0  9999,2 25116  45.0179 107.6082 0008344 242.3420 117.6581 14.38181945947477
1 25116U 97084E   16028.64134319 +.00000294 +00000-0 +14233-3 0  9992,2 25116 045.0180 105.9616 0008354 243.9789 116.0199 14.38182320947532
1 25116U 97084E   16029.68331481  .00000302  00000-0  14517-3 0  9991,2 25116  45.0180 101.0214 0008402 248.8254 111.1696 14.38183370947677
1 25116U 97084E   16031.14207392  .00000303  00000-0  14542-3 0  9997,2 25116  45.0180  94.1050 0008457 255.5364 104.4546 14.38184846947885
1 25116U 97084E   16032.18404390  .00000375  00000-0  16876-3 0  9990,2 25116  45.0180  89.1647 0008483 260.3309  99.6582 14.38186289948039
1 25116U 97084E   16033.50387174  .00000436  00000-0  18877-3 0  9998,2 25116  45.0180  82.9071 0008504 266.3835  93.6041 14.38187923948226
1 25116U 97084E   16033.57333628 +.00000427 +00000-0 +18569-3 0  9998,2 25116 045.0180 082.5777 0008503 266.6685 093.3191 14.38187963948249
1 25116U 97084E   16034.61530120  .00000878  00000-0  33287-3 0  9994,2 25116  45.0179  77.6372 0008542 271.4521  88.5349 14.38194086948389
1 25116U 97084E   16036.14351483  .00000558  00000-0  22847-3 0  9992,2 25116  45.0179  70.3910 0008551 278.3668  81.6211 14.38195866948609
1 25116U 97084E   16037.46333431  .00000515  00000-0  21439-3 0  9990,2 25116  45.0180  64.1333 0008534 284.5040  75.4862 14.38197704948791
1 25116U 97084E   16037.53279846 +.00000519 +00000-0 +21583-3 0  9991,2 25116 045.0181 063.8039 0008531 284.8172 075.1731 14.38197816948816
1 25116U 97084E   16038.57475995  .00000587  00000-0  23792-3 0  9998,2 25116  45.0181  58.8635 0008519 289.6642  70.3287 14.38199597948959
1 25116U 97084E   16040.17243172  .00000601  00000-0  24240-3 0  9993,2 25116  45.0182  51.2881 0008482 297.0226  62.9757 14.38202129949181
1 25116U 97084E   16041.49224519  .00000716  00000-0  27991-3 0  9996,2 25116  45.0182  45.0303 0008418 302.9776  57.0263 14.38205033949371
1 25116U 97084E   16041.56170914 +.00000661 +00000-0 +26203-3 0  9997,2 25116 045.0182 044.7009 0008417 303.2994 056.7048 14.38204824949391
1 25116U 97084E   16043.15937561  .00000687  00000-0  27038-3 0  9998,2 25116  45.0183  37.1254 0008352 310.9011  49.1113 14.38207738949614
1 25116U 97084E   16044.40972112  .00000709  00000-0  27777-3 0  9993,2 25116  45.0184  31.1969 0008297 316.9961  43.0238 14.38210067949799
1 25116U 97084E   16046.14630909  .00000775  00000-0  29933-3 0  9990,2 25116  45.0186  22.9627 0008205 325.4573  34.5742 14.38213543950040
1 25116U 97084E   16047.18826017  .00000678  00000-0  26769-3 0  9998,2 25116  45.0187  18.0223 0008140 330.6115  29.4275 14.38214958950198
1 25116U 97084E   16048.36913523  .00000928  00000-0  34895-3 0  9995,2 25116  45.0188  12.4233 0008061 336.2581  23.7895 14.38218857950365
1 25116U 97084E   16048.85537802 +.00000763 +00000-0 +29517-3 0  9993,2 25116 045.0189 010.1177 0008028 338.6181 021.4332 14.38218823950446
1 25116U 97084E   16049.75839898  .00000823  00000-0  31481-3 0  9993,2 25116  45.0190   5.8362 0007964 343.0234  17.0347 14.38220872950569
1 25116U 97084E   16049.89732538 +.00000706 +00000-0 +27669-3 0  9994,2 25116 045.0190 005.1774 0007951 343.7381 016.3212 14.38220463950597
1 25116U 97084E   16050.80034547  .00000665  00000-0  26339-3 0  9999,2 25116  45.0190   0.8958 0007883 348.2780  11.7884 14.38221845950713
1 25116U 97084E   16050.86980843 +.00000662 +00000-0 +26219-3 0  9998,2 25116 045.0190 000.5665 0007875 348.6336 011.4333 14.38221976950730
1 25116U 97084E   16051.84229082  .00000578  00000-0  23487-3 0  9998,2 25116  45.0189 355.9554 0007789 353.5734   6.5013 14.38223120950860
1 25116U 97084E   16051.91175375 +.00000517 +00000-0 +21502-3 0  9990,2 25116 045.0189 355.6260 0007775 353.8983 006.1770 14.38222933950884
1 25116U 97084E   16053.16208673  .00000439  00000-0  18954-3 0  9997,2 25116  45.0189 349.6977 0007669   0.4020 359.6834 14.38224492951050
1 25116U 97084E   16054.20402995  .00000431  00000-0  18704-3 0  9991,2 25116  45.0189 344.7573 0007595   5.8220 354.2716 14.38225903951202
1 25116U 97084E   16055.24597240  .00000428  00000-0  18615-3 0  9991,2 25116  45.0189 339.8169 0007513  11.3239 348.7778 14.38227129951354
1 25116U 97084E   16055.87113756 +.00000373 +00000-0 +16826-3 0  9997,2 25116 045.0188 336.8525 0007463 014.6002 345.5061 14.38227495951451
1 25116U 97084E   16056.70469091  .00000404  00000-0  17834-3 0  9991,2 25116  45.0188 332.9002 0007415  19.0763 341.0362 14.38228427951561
1 25116U 97084E   16056.84361641 +.00000341 +00000-0 +15772-3 0  9997,2 25116 045.0188 332.2415 0007403 019.8481 340.2654 14.38228235951599
1 25116U 97084E   16057.81609449  .00000340  00000-0  15731-3 0  9990,2 25116  45.0187 327.6304 0007341  25.1159 335.0045 14.38229150951724
1 25116U 97084E   16059.13588495  .00000284  00000-0  13925-3 0  9994,2 25116  45.0186 321.3728 0007268  32.3429 327.7864 14.38230179951913
1 25116U 97084E   16059.83051110 +.00000313 +00000-0 +14848-3 0  9998,2 25116 045.0185 318.0792 0007225 036.1405 323.9930 14.38230963952021
1 25116U 97084E   16060.80298719  .00000270  00000-0  13449-3 0  9993,2 25116  45.0184 313.4681 0007174  41.5409 318.5984 14.38231577952158
1 25116U 97084E   16060.87244975 +.00000270 +00000-0 +13449-3 0  9995,2 25116 045.0184 313.1388 0007170 041.9323 318.2073 14.38231633952175
1 25116U 97084E   16062.05331258  .00000290  00000-0  14121-3 0  9998,2 25116  45.0181 307.5396 0007120  48.4684 311.6775 14.38232721952338
1 25116U 97084E   16063.09524956  .00000324  00000-0  15226-3 0  9997,2 25116  45.0179 302.5991 0007073  54.3615 305.7891 14.38233756952486
1 25116U 97084E   16063.78987121 +.00000326 +00000-0 +15280-3 0  9992,2 25116 045.0175 299.3051 0007077 059.0630 301.0913 14.38239452952590
1 25116U 97084E   16064.76234043  .00000277  00000-0  13665-3 0  9999,2 25116  45.0174 294.6943 0007061  63.7887 296.3686 14.38241247952729
1 25116U 97084E   16066.01265643  .00000339  00000-0  15696-3 0  9994,2 25116  45.0174 288.7653 0006988  71.2179 288.9427 14.38242504952903
1 25116U 97084E   16067.47135629  .00000493  00000-0  20719-3 0  9998,2 25116  45.0173 281.8481 0006948  79.4386 280.7245 14.38244904953119
1 25116U 97084E   16067.88812740 +.00000472 +00000-0 +20030-3 0  9992,2 25116 045.0172 279.8721 0006966 081.8855 278.2783 14.38245280953184
1 25116U 97084E   16068.51328338  .00000489  00000-0  20601-3 0  9990,2 25116  45.0172 276.9075 0006961  85.6402 274.5241 14.38246182953268
1 25116U 97084E   16068.86059234 +.00000474 +00000-0 +20084-3 0  9993,2 25116 045.0171 275.2606 0006962 087.5703 272.5942 14.38246491953321
1 25116U 97084E   16069.83305620  .00000474  00000-0  20099-3 0  9990,2 25116  45.0170 270.6492 0006969  93.1464 267.0181 14.38247799953456
1 25116U 97084E   16071.01390374  .00000438  00000-0  18915-3 0  9997,2 25116  45.0168 265.0497 0006986 100.0500 260.1137 14.38249251953623
1 25116U 97084E   16071.84744228 +.00000471 +00000-0 +19982-3 0  9991,2 25116 045.0168 261.0969 0006993 105.0879 255.0743 14.38250541953759
1 25116U 97084E   16072.81990297  .00000482  00000-0  20362-3 0  9994,2 25116  45.0167 256.4854 0007016 110.7698 249.3903 14.38251901953887
1 25116U 97084E   16072.88936442 +.00000456 +00000-0 +19515-3 0  9992,2 25116 045.0167 256.1560 0007021 111.2479 248.9120 14.38251859953908
1 25116U 97084E   16073.93128573  .00000459  00000-0  19613-3 0  9999,2 25116  45.0167 251.2152 0007062 117.3810 242.7758 14.38253147954049
1 25116U 97084E   16074.97320610  .00000472  00000-0  20037-3 0  9997,2 25116  45.0166 246.2741 0007103 123.1454 237.0077 14.38254401954192
1 25116U 97084E   16075.87620256 +.00000499 +00000-0 +20907-3 0  9991,2 25116 045.0167 241.9920 0007151 128.3720 231.7771 14.38255730954334
1 25116U 97084E   16076.77919832  .00000514  00000-0  21397-3 0  9994,2 25116  45.0168 237.7099 0007199 133.4582 226.6867 14.38256977954456
1 25116U 97084E   16076.84865946 +.00000473 +00000-0 +20058-3 0  9995,2 25116 045.0168 237.3805 0007204 133.8538 226.2907 14.38256867954470
1 25116U 97084E   16077.82111549  .00000443  00000-0  19094-3 0  9992,2 25116  45.0170 232.7691 0007261 139.2641 220.8752 14.38257955954605
1 25116U 97084E   16077.89057660 +.00000442 +00000-0 +19044-3 0  9996,2 25116 045.0170 232.4398 0007265 139.6419 220.4970 14.38258040954623
1 25116U 97084E   16078.86303170  .00000447  00000-0  19194-3 0  9995,2 25116  45.0171 227.8285 0007328 145.0742 215.0589 14.38259262954754
1 25116U 97084E   16079.90494692  .00000439  00000-0  18947-3 0  9997,2 25116  45.0171 222.8877 0007400 150.7991 209.3272 14.38260489954901
1 25116U 97084E   16081.50254841  .00000401  00000-0  17710-3 0  9992,2 25116  45.0171 215.3119 0007523 159.5777 200.5373 14.38262245955135
1 25116U 97084E   16082.75284388  .00000331  00000-0  15435-3 0  9993,2 25116  45.0171 209.3832 0007620 166.2419 193.8638 14.38263319955317
1 25116U 97084E   16084.14205985  .00000300  00000-0  14416-3 0  9998,2 25116  45.0172 202.7956 0007725 173.6703 186.4245 14.38264550955518
1 25116U 97084E   16085.46181405  .00000302  00000-0  14479-3 0  9995,2 25116  45.0172 196.5373 0007854 180.5783 179.5057 14.38265705955707
1 25116U 97084E   16086.50372455  .00000285  00000-0  13925-3 0  9993,2 25116  45.0172 191.5966 0007940 185.9815 174.0940 14.38266502955854
1 25116U 97084E   16087.54563415  .00000276  00000-0  13619-3 0  9996,2 25116  45.0171 186.6557 0008060 191.1456 168.9215 14.38267403956004
1 25116U 97084E   16087.75401602 +.00000278 +00000-0 +13687-3 0  9995,2 25116 045.0171 185.6677 0008062 192.1686 167.8969 14.38267622956045
1 25116U 97084E   16089.49053029  .00000286  00000-0  13943-3 0  9998,2 25116  45.0172 177.4333 0008199 200.8592 159.1923 14.38269297956288
1 25116U 97084E   16089.55999082 +.00000288 +00000-0 +14035-3 0  9998,2 25116 045.0172 177.1039 0008203 201.1940 158.8570 14.38269378956302
1 25116U 97084E   16090.53243800  .00000314  00000-0  14863-3 0  9997,2 25116  45.0172 172.4927 0008280 205.9938 154.0495 14.38270390956434
1 25116U 97084E   16092.19948904  .00000317  00000-0  14966-3 0  9995,2 25116  45.0170 164.5876 0008414 214.0433 145.9877 14.38271919956674
1 25116U 97084E   16093.44977622  .00000299  00000-0  14367-3 0  9997,2 25116  45.0169 158.6587 0008499 220.0160 140.0063 14.38273032956853
1 25116U 97084E   16094.49168141  .00000311  00000-0  14752-3 0  9994,2 25116  45.0168 153.7180 0008556 225.0240 134.9916 14.38274122957003
1 25116U 97084E   16094.63060221 +.00000288 +00000-0 +14027-3 0  9998,2 25116 045.0168 153.0592 0008562 225.7148 134.2999 14.38274089957033
1 25116U 97084E   16095.60304666  .00000296  00000-0  14266-3 0  9994,2 25116  45.0168 148.4478 0008614 230.3515 129.6574 14.38274962957163
1 25116U 97084E   16097.20063283  .00000324  00000-0  15204-3 0  9994,2 25116  45.0167 140.8717 0008703 237.8714 122.1291 14.38276462957392
1 25116U 97084E   16098.38145649  .00000325  00000-0  15230-3 0  9991,2 25116  45.0167 135.2720 0008750 243.3532 116.6420 14.38277557957563
1 25116U 97084E   16099.49281897  .00000341  00000-0  15743-3 0  9997,2 25116  45.0168 130.0019 0008784 248.5783 111.4128 14.38278813957722
1 25116U 97084E   16100.53472105  .00000287  00000-0  13977-3 0  9995,2 25116  45.0168 125.0610 0008815 253.4078 106.5803 14.38279499957872
1 25116U 97084E   16101.78500277  .00000280  00000-0  13754-3 0  9991,2 25116  45.0168 119.1320 0008845 259.2040 100.7813 14.38280588958059
1 25116U 97084E   16103.10474388  .00000305  00000-0  14557-3 0  9992,2 25116  45.0167 112.8733 0008863 265.2253  94.7583 14.38281826958242
1 25116U 97084E   16104.14664406  .00000364  00000-0  16482-3 0  9993,2 25116  45.0167 107.9323 0008863 269.9770  90.0062 14.38283080958398
1 25116U 97084E   16105.32746319  .00000385  00000-0  17169-3 0  9994,2 25116  45.0168 102.3325 0008850 275.3867  84.5972 14.38284419958568
1 25116U 97084E   16106.43882181  .00000368  00000-0  16619-3 0  9995,2 25116  45.0169  97.0622 0008828 280.5843  79.4011 14.38285447958723
1 25116U 97084E   16106.78612126 +.00000349 +00000-0 +16010-3 0  9997,2 25116 045.0170 095.4152 0008828 282.1652 077.8207 14.38285680958785
1 25116U 97084E   16108.10585860  .00000398  00000-0  17602-3 0  9991,2 25116  45.0172  89.1567 0008789 288.3167  71.6726 14.38287223958965
1 25116U 97084E   16109.14775550  .00000411  00000-0  18006-3 0  9998,2 25116  45.0174  84.2159 0008750 293.1207  66.8719 14.38288436959110
1 25116U 97084E   16110.39803091  .00000388  00000-0  17259-3 0  9991,2 25116  45.0175  78.2871 0008687 298.9771  61.0207 14.38289752959293
1 25116U 97084E   16110.74532947 +.00000356 +00000-0 +16230-3 0  9992,2 25116 045.0176 076.6401 0008678 300.5444 059.4547 14.38289970959359
1 25116U 97084E   16111.85668454  .00000298  00000-0  14353-3 0  9997,2 25116  45.0177  71.3699 0008619 305.7177  54.2869 14.38290828959507
1 25116U 97084E   16111.92614424 +.00000293 +00000-0 +14171-3 0  9996,2 25116 045.0177 071.0405 0008611 306.0655 053.9396 14.38290866959521
1 25116U 97084E   16113.10695836  .00000290  00000-0  14080-3 0  9990,2 25116  45.0179  65.4409 0008538 311.5962  48.4154 14.38291961959689
1 25116U 97084E   16114.14885262  .00000315  00000-0  14899-3 0  9995,2 25116  45.0180  60.5002 0008470 316.5372  43.4809 14.38293005959831
1 25116U 97084E   16115.19074630  .00000310  00000-0  14720-3 0  9998,2 25116  45.0181  55.5594 0008387 321.5212  38.5038 14.38293889959983
1 25116U 97084E   16116.30209892  .00000294  00000-0  14207-3 0  9993,2 25116  45.0183  50.2892 0008302 326.8860  33.1468 14.38294805960149
1 25116U 97084E   16116.64939643 +.00000287 +00000-0 +13975-3 0  9997,2 25116 045.0183 048.6423 0008278 328.5110 031.5242 14.38295081960205
1 25116U 97084E   16118.17750488  .00000309  00000-0  14709-3 0  9996,2 25116  45.0185  41.3960 0008149 336.0698  23.9771 14.38296571960415
1 25116U 97084E   16119.21939614  .00000330  00000-0  15381-3 0  9993,2 25116  45.0187  36.4553 0008062 341.0630  18.9918 14.38297584960564
1 25116U 97084E   16119.84453053 +.00000340 +00000-0 +15706-3 0  9992,2 25116 045.0187 033.4908 0008007 344.1231 015.9366 14.38298211960668
1 25116U 97084E   16120.74750214  .00000351  00000-0  16062-3 0  9990,2 25116  45.0187  29.2089 0007924 348.6500  11.4169 14.38299081960787
1 25116U 97084E   16121.78939175  .00000341  00000-0  15745-3 0  9996,2 25116  45.0187  24.2683 0007832 354.0525   6.0229 14.38300049960939
1 25116U 97084E   16122.83128044  .00000365  00000-0  16515-3 0  9990,2 25116  45.0187  19.3276 0007736 359.4319   0.6520 14.38301241961081
1 25116U 97084E   16124.08154587  .00000354  00000-0  16158-3 0  9991,2 25116  45.0186  13.3988 0007621   5.8993 354.1944 14.38302416961269
1 25116U 97084E   16125.12343268  .00000375  00000-0  16839-3 0  9992,2 25116  45.0186   8.4579 0007508  11.4033 348.6985 14.38303580961415
1 25116U 97084E   16125.74856450 +.00000346 +00000-0 +15924-3 0  9994,2 25116 045.0186 005.4933 0007448 014.7127 345.3937 14.38304035961517
1 25116U 97084E   16126.72099125  .00000313  00000-0  14828-3 0  9997,2 25116  45.0185   0.8818 0007371  19.9411 340.1725 14.38304819961647
1 25116U 97084E   16127.76287610  .00000286  00000-0  13948-3 0  9991,2 25116  45.0185 355.9409 0007275  25.6237 334.4971 14.38305774961796
1 25116U 97084E   16129.01313679  .00000289  00000-0  14038-3 0  9990,2 25116  45.0184 350.0121 0007190  32.5169 327.6121 14.38307107961972
1 25116U 97084E   16130.47177253  .00000269  00000-0  13401-3 0  9999,2 25116  45.0184 343.0948 0007072  40.5616 319.5758 14.38308478962188
1 25116U 97084E   16130.88852511 +.00000348 +00000-0 +15960-3 0  9991,2 25116 045.0183 341.1185 0007045 042.9819 317.1579 14.38309373962258
1 25116U 97084E   16131.99986506  .00000346  00000-0  15916-3 0  9995,2 25116  45.0181 335.8482 0006988  49.1204 311.0249 14.38310503962409
1 25116U 97084E   16134.15308344  .00000266  00000-0  13312-3 0  9993,2 25116  45.0179 325.6368 0006869  61.4491 298.7048 14.38312330962711
1 25116U 97084E   16135.47279654  .00000271  00000-0  13469-3 0  9999,2 25116  45.0180 319.3782 0006816  69.0143 291.1435 14.38313511962903
1 25116U 97084E   16136.51467435  .00000294  00000-0  14201-3 0  9991,2 25116  45.0181 314.4373 0006744  75.3728 284.7868 14.38314469963053
1 25116U 97084E   16137.55655135  .00000319  00000-0  15033-3 0  9994,2 25116  45.0180 309.4963 0006714  81.5720 278.5890 14.38315452963205
1 25116U 97084E   16137.76492667 +.00000315 +00000-0 +14897-3 0  9999,2 25116 045.0180 308.5081 0006713 082.8428 277.3183 14.38315590963243
1 25116U 97084E   16138.59842747  .00000325  00000-0  15222-3 0  9993,2 25116  45.0180 304.5552 0006699  87.8294 272.3321 14.38316394963355
1 25116U 97084E   16139.84867783  .00000284  00000-0  13880-3 0  9991,2 25116  45.0180 298.6263 0006697  95.0851 265.0762 14.38317322963535
1 25116U 97084E   16141.44621855  .00000261  00000-0  13150-3 0  9993,2 25116  45.0179 291.0502 0006726 103.9117 256.2480 14.38318551963762
1 25116U 97084E   16142.55755024  .00000251  00000-0  12802-3 0  9994,2 25116  45.0179 285.7800 0006752 110.3789 249.7785 14.38319359963929
1 25116U 97084E   16142.76592487 +.00000251 +00000-0 +12822-3 0  9991,2 25116 045.0178 284.7919 0006760 111.5129 248.6441 14.38319514963962
1 25116U 97084E   16143.80779737  .00000233  00000-0  12230-3 0  9995,2 25116  45.0176 279.8508 0006814 117.7901 242.3639 14.38320200964106
1 25116U 97084E   16143.87725549 +.00000232 +00000-0 +12195-3 0  9993,2 25116 045.0176 279.5213 0006823 118.2167 241.9371 14.38320251964122
1 25116U 97084E   16145.47479209  .00000166  00000-0  10033-3 0  9995,2 25116  45.0175 271.9450 0006897 127.5424 232.6052 14.38321057964342
1 25116U 97084E   16145.68316638 +.00000160 +00000-0 +98625-4 0  9992,2 25116 045.0176 270.9569 0006895 128.7172 231.4294 14.38321167964385
1 25116U 97084E   16146.65557933  .00000154  00000-0  96533-4 0  9994,2 25116  45.0176 266.3455 0006941 134.1636 225.9784 14.38321748964518
1 25116U 97084E   16148.11419788  .00000133  00000-0  89728-4 0  9997,2 25116  45.0176 259.4281 0007023 142.3360 217.7981 14.38322462964720
1 25116U 97084E   16149.15606770  .00000135  00000-0  90255-4 0  9990,2 25116  45.0176 254.4871 0007091 148.0604 212.0676 14.38323032964878
1 25116U 97084E   16150.40631047  .00000144  00000-0  93291-4 0  9998,2 25116  45.0175 248.5582 0007176 154.8605 205.2594 14.38323907965055
1 25116U 97084E   16150.68414220 +.00000138 +00000-0 +91252-4 0  9998,2 25116 045.0174 247.2408 0007170 156.2680 203.8500 14.38324049965105
1 25116U 97084E   16151.65655231  .00000164  00000-0  99830-4 0  9994,2 25116  45.0173 242.6294 0007236 161.6155 198.4956 14.38324902965232
1 25116U 97084E   16152.62896214 +.00000168 +00000-0 +10100-3 0  9996,2 25116 045.0172 238.0179 0007301 166.8640 193.2400 14.38325559965383
1 25116U 97084E   16153.11516684  .00000175  00000-0  10334-3 0  9998,2 25116  45.0172 235.7121 0007333 169.5070 190.5933 14.38325910965445
1 25116U 97084E   16154.22649148  .00000210  00000-0  11465-3 0  9999,2 25116  45.0170 230.4416 0007420 175.3685 184.7233 14.38326797965606
1 25116U 97084E   16155.40727321  .00000227  00000-0  12036-3 0  9993,2 25116  45.0168 224.8418 0007524 181.4617 178.6210 14.38327681965778
1 25116U 97084E   16156.51859652  .00000218  00000-0  11735-3 0  9994,2 25116  45.0167 219.5714 0007607 187.1420 172.9321 14.38328417965930
1 25116U 97084E   16156.65751190 +.00000215 +00000-0 +11624-3 0  9991,2 25116 045.0167 218.9126 0007613 187.8180 172.2551 14.38328509965960
1 25116U 97084E   16157.62991934  .00000188  00000-0  10762-3 0  9992,2 25116  45.0166 214.3010 0007685 192.7101 167.3555 14.38329028966099
1 25116U 97084E   16159.15798716  .00000175  00000-0  10324-3 0  9995,2 25116  45.0166 207.0541 0007807 200.3225 159.7314 14.38329974966319
1 25116U 97084E   16159.50527526 +.00000179 +00000-0 +10466-3 0  9994,2 25116 045.0166 205.4072 0007834 201.9605 158.0909 14.38330201966372
1 25116U 97084E   16160.54713910  .00000164  00000-0  99599-4 0  9993,2 25116  45.0164 200.4662 0007902 207.1004 152.9433 14.38330778966517
1 25116U 97084E   16160.89442687 +.00000155 +00000-0 +96733-4 0  9998,2 25116 045.0164 198.8191 0007926 208.8307 151.2104 14.38330981966573
1 25116U 97084E   16162.14466273  .00000125  00000-0  87104-4 0  9994,2 25116  45.0162 192.8898 0008009 214.8452 145.1873 14.38331650966748
1 25116U 97084E   16163.46435546  .00000147  00000-0  94039-4 0  9998,2 25116  45.0161 186.6311 0008085 221.1065 138.9175 14.38332634966932
1 25116U 97084E   16163.88110036 +.00000142 +00000-0 +92502-4 0  9996,2 25116 045.0161 184.6547 0008111 223.0642 136.9572 14.38332881967005
1 25116U 97084E   16164.50621772  .00000156  00000-0  97149-4 0  9997,2 25116  45.0160 181.6901 0008132 225.9879 134.0299 14.38333320967083
1 25116U 97084E   16165.82590932  .00000195  00000-0  10989-3 0  9995,2 25116  45.0160 175.4312 0008196 232.1981 127.8126 14.38334300967273
1 25116U 97084E   16165.89536674 +.00000201 +00000-0 +11162-3 0  9997,2 25116 045.0160 175.1018 0008201 232.5250 127.4853 14.38334367967291
1 25116U 97084E   16167.14560014  .00000215  00000-0  11626-3 0  9992,2 25116  45.0161 169.1723 0008264 238.1700 121.8344 14.38335295967462
1 25116U 97084E   16168.39583280  .00000240  00000-0  12429-3 0  9990,2 25116  45.0161 163.2431 0008292 243.9192 116.0803 14.38336391967647
1 25116U 97084E   16168.88203418 +.00000218 +00000-0 +11719-3 0  9992,2 25116 045.0162 160.9372 0008310 246.1800 113.8178 14.38336669967725
1 25116U 97084E   16169.78497949  .00000187  00000-0  10721-3 0  9993,2 25116  45.0164 156.6549 0008338 250.2261 109.7689 14.38337191967847
1 25116U 97084E   16169.85443684 +.00000191 +00000-0 +10840-3 0  9995,2 25116 045.0163 156.3255 0008339 250.5470 109.4478 14.38337247967860
1 25116U 97084E   16170.82683928  .00000201  00000-0  11165-3 0  9994,2 25116  45.0164 151.7139 0008338 255.0398 104.9528 14.38337971967993
1 25116U 97084E   16170.96575385 +.00000203 +00000-0 +11237-3 0  9998,2 25116 045.0164 151.0551 0008336 255.6669 104.3254 14.38338084968020
1 25116U 97084E   16172.14652772  .00000184  00000-0  10616-3 0  9994,2 25116  45.0165 145.4552 0008331 260.9541  99.0365 14.38338781968186
1 25116U 97084E   16173.32730116  .00000151  00000-0  95510-4 0  9995,2 25116  45.0165 139.8553 0008323 266.2500  93.7397 14.38339415968359
1 25116U 97084E   16173.95241632 +.00000137 +00000-0 +90881-4 0  9994,2 25116 045.0166 136.8905 0008318 269.0346 090.9550 14.38339751968455
1 25116U 97084E   16175.06373216  .00000112  00000-0  82876-4 0  9990,2 25116  45.0167 131.6201 0008293 274.0842  85.9059 14.38340268968607
1 25116U 97084E   16176.24450498  .00000124  00000-0  86747-4 0  9993,2 25116  45.0169 126.0203 0008247 279.4267  80.5649 14.38340911968777
1 25116U 97084E   16177.28636301  .00000131  00000-0  88957-4 0  9990,2 25116  45.0171 121.0792 0008224 284.1270  75.8665 14.38341452968923
1 25116U 97084E   16177.91147764 +.00000127 +00000-0 +87598-4 0  9995,2 25116 045.0172 118.1144 0008204 286.9048 073.0900 14.38341761969020
1 25116U 97084E   16178.81442089  .00000118  00000-0  84611-4 0  9996,2 25116  45.0174 113.8322 0008167 290.9771  69.0203 14.38342199969148
1 25116U 97084E   16178.88387802 +.00000119 +00000-0 +85063-4 0  9997,2 25116 045.0174 113.5028 0008160 291.2685 068.7292 14.38342262969166
1 25116U 97084E   16179.85627820  .00000098  00000-0  78262-4 0  9991,2 25116  45.0176 108.8912 0008110 295.6866  64.3145 14.38342709969290
1 25116U 97084E   16181.17596394  .00000073  00000-0  70101-4 0  9997,2 25116  45.0178 102.6328 0008036 301.6379  58.3685 14.38343252969486
1 25116U 97084E   16182.21782094  .00000072  00000-0  69894-4 0  9993,2 25116  45.0179  97.6919 0007974 306.3929  53.6184 14.38343693969637
1 25116U 97084E   16182.91239219 +.00000061 +00000-0 +66102-4 0  9993,2 25116 045.0179 094.3977 0007914 309.5625 050.4524 14.38343906969749
1 25116U 97084E   16183.81533468  .00000064  00000-0  67081-4 0  9996,2 25116  45.0179  90.1155 0007843 313.7235  46.2963 14.38344274969868
1 25116U 97084E   16183.88479183 +.00000051 +00000-0 +62837-4 0  9996,2 25116 045.0179 089.7862 0007838 314.0541 045.9662 14.38344227969887
1 25116U 97084E   16185.13501968  .00000041  00000-0  59785-4 0  9990,2 25116  45.0180  83.8570 0007738 319.9448  40.0830 14.38344661970055
1 25116U 97084E   16185.89904770 +.00000024 +00000-0 +54294-4 0  9992,2 25116 045.0181 080.2335 0007667 323.5579 036.4747 14.38344854970176
1 25116U 97084E   16186.80198980  .00000019  00000-0  52488-4 0  9999,2 25116  45.0181  75.9512 0007584 327.8784  32.1601 14.38345118970296
1 25116U 97084E   16186.87144689 +.00000017 +00000-0 +51831-4 0  9992,2 25116 045.0182 075.6219 0007579 328.2257 031.8134 14.38345131970317
1 25116U 97084E   16188.12167403  .00000057  00000-0  64931-4 0  9990,2 25116  45.0183  69.6928 0007473 334.2840  25.7636 14.38345753970483
1 25116U 97084E   16188.74678741 +.00000081 +00000-0 +72707-4 0  9997,2 25116 045.0183 066.7281 0007417 337.2133 022.8385 14.38346098970582
1 25116U 97084E   16189.71918574  .00000093  00000-0  76677-4 0  9999,2 25116  45.0183  62.1166 0007324 341.9075  18.1512 14.38346576970714
1 25116U 97084E   16189.78864275 +.00000094 +00000-0 +76850-4 0  9998,2 25116 045.0183 061.7872 0007318 342.2551 017.8041 14.38346613970736
1 25116U 97084E   16190.76104067  .00000096  00000-0  77632-4 0  9995,2 25116  45.0183  57.1757 0007221 347.0757  12.9905 14.38347136970861
1 25116U 97084E   16191.80289520  .00000108  00000-0  81631-4 0  9997,2 25116  45.0183  52.2347 0007124 352.2651   7.8087 14.38347759971018
1 25116U 97084E   16191.94180913 +.00000111 +00000-0 +82670-4 0  9996,2 25116 045.0183 051.5760 0007109 352.9757 007.0991 14.38347841971047
1 25116U 97084E   16193.12257715  .00000112  00000-0  82997-4 0  9996,2 25116  45.0183  45.9761 0007004 358.8797   1.2035 14.38348427971202
1 25116U 97084E   16194.44225841  .00000156  00000-0  97289-4 0  9995,2 25116  45.0183  39.7174 0006860   5.5243 354.5681 14.38349270971390
1 25116U 97084E   16194.92845652 +.00000161 +00000-0 +98835-4 0  9990,2 25116 045.0183 037.4116 0006802 008.0807 352.0150 14.38349564971470
1 25116U 97084E   16195.69248185  .00000165  00000-0  10006-3 0  9990,2 25116  45.0183  33.7879 0006714  12.0333 348.0674 14.38350043971577
1 25116U 97084E   16196.94270459  .00000174  00000-0  10315-3 0  9991,2 25116  45.0183  27.8586 0006597  18.6728 341.4361 14.38350866971758
1 25116U 97084E   16197.98455642  .00000114  00000-0  83620-4 0  9999,2 25116  45.0184  22.9175 0006505  24.2997 335.8157 14.38351182971908
1 25116U 97084E   16199.44314824  .00000140  00000-0  91998-4 0  9994,2 25116  45.0185  16.0001 0006360  32.1484 327.9751 14.38352077972119
1 25116U 97084E   16200.48499894  .00000127  00000-0  87893-4 0  9996,2 25116  45.0186  11.0590 0006263  37.8977 322.2312 14.38352556972268
1 25116U 97084E   16200.90173909 +.00000085 +00000-0 +74159-4 0  9993,2 25116 045.0186 009.0827 0006234 040.2602 319.8707 14.38352573972336
1 25116U 97084E   16201.80467580  .00000101  00000-0  79396-4 0  9991,2 25116  45.0186   4.8005 0006162  45.3161 314.8189 14.38353147972453
1 25116U 97084E   16201.87413242 +.00000080 +00000-0 +72409-4 0  9998,2 25116 045.0186 004.4711 0006155 045.7433 314.3920 14.38353089972476
1 25116U 97084E   16203.47163483  .00000067  00000-0  68101-4 0  9994,2 25116  45.0186 356.8947 0006065  54.6870 305.4545 14.38353884972696
1 25116U 97084E   16203.88837446 +.00000074 +00000-0 +70344-4 0  9996,2 25116 045.0186 354.9184 0006044 057.0717 303.0712 14.38354125972769
1 25116U 97084E   16204.79131009  .00000077  00000-0  71365-4 0  9996,2 25116  45.0186 350.6361 0005988  62.2534 297.8921 14.38354513972886
1 25116U 97084E   16204.86076665 +.00000074 +00000-0 +70509-4 0  9996,2 25116 045.0186 350.3067 0005985 062.6474 297.4983 14.38354535972901
1 25116U 97084E   16205.83315841  .00000079  00000-0  71987-4 0  9992,2 25116  45.0186 345.6950 0005933  68.2943 291.8536 14.38354965973039
1 25116U 97084E   16207.50011451  .00000090  00000-0  75623-4 0  9992,2 25116  45.0187 337.7891 0005856  78.1333 282.0172 14.38355839973278
1 25116U 97084E   16207.84739689 +.00000093 +00000-0 +76833-4 0  9996,2 25116 045.0187 336.1423 0005852 080.1452 280.0057 14.38356049973334
1 25116U 97084E   16208.81978758  .00000039  00000-0  59152-4 0  9991,2 25116  45.0187 331.5307 0005826  85.9001 274.2513 14.38356162973460
1 25116U 97084E   16210.34782945  .00000018  00000-0  52352-4 0  9995,2 25116  45.0187 324.2839 0005793  94.9064 265.2446 14.38356564973686
1 25116U 97084E   16211.45913217  .00000011  00000-0  50150-4 0  9993,2 25116  45.0186 319.0135 0005784 101.5018 258.6481 14.38356845973845
1 25116U 97084E   16212.50097794  .00000018  00000-0  52335-4 0  9997,2 25116  45.0185 314.0726 0005784 107.6817 252.4663 14.38357222973999
1 25116U 97084E   16212.77880339 +.00000024 +00000-0 +54346-4 0  9992,2 25116 045.0184 312.7551 0005796 109.2621 250.8855 14.38357363974041
1 25116U 97084E   16213.75119226  .00000028  00000-0  55540-4 0  9992,2 25116  45.0182 308.1434 0005809 114.9829 245.1623 14.38357754974174
1 25116U 97084E   16215.20977504  .00000032  00000-0  56955-4 0  9991,2 25116  45.0180 301.2258 0005834 123.4858 236.6549 14.38358272974386
1 25116U 97084E   16216.45998835  .00000054  00000-0  64058-4 0  9996,2 25116  45.0179 295.2965 0005879 130.6824 229.4536 14.38358780974563
1 25116U 97084E   16216.66835719 +.00000052 +00000-0 +63180-4 0  9993,2 25116 045.0178 294.3083 0005886 131.8553 228.2798 14.38358824974604
1 25116U 97084E   16217.71020088  .00000080  00000-0  72575-4 0  9994,2 25116  45.0177 289.3672 0005933 137.7469 222.3838 14.38359379974746
1 25116U 97084E   16219.16878098  .00000102  00000-0  79710-4 0  9990,2 25116  45.0175 282.4495 0006008 146.0133 214.1101 14.38360229974957
1 25116U 97084E   16220.48844794  .00000105  00000-0  80485-4 0  9997,2 25116  45.0173 276.1909 0006086 153.2204 206.8960 14.38360991975149
1 25116U 97084E   16220.62736023 +.00000107 +00000-0 +81267-4 0  9999,2 25116 045.0173 275.5321 0006091 153.9567 206.1589 14.38361081975179
1 25116U 97084E   16221.59974578  .00000123  00000-0  86324-4 0  9992,2 25116  45.0172 270.9205 0006145 159.2581 200.8518 14.38361715975305
1 25116U 97084E   16223.19723531  .00000179  00000-0  10444-3 0  9991,2 25116  45.0169 263.3438 0006251 167.8329 192.2671 14.38362909975533
1 25116U 97084E   16224.30853154  .00000204  00000-0  11262-3 0  9998,2 25116  45.0167 258.0732 0006332 173.6151 186.4779 14.38363744975696
1 25116U 97084E   16224.58635557 +.00000207 +00000-0 +11363-3 0  9998,2 25116 045.0166 256.7556 0006347 175.0181 185.0732 14.38363927975742
1 25116U 97084E   16225.55873910 +.00000229 +00000-0 +12068-3 0  9990,2 25116 045.0165 252.1437 0006413 179.9811 180.1038 14.38364721975889
1 25116U 97084E   16226.53112226 +.00000227 +00000-0 +12028-3 0  9999,2 25116 045.0164 247.5318 0006478 184.8556 175.2231 14.38365374976017
1 25116U 97084E   16227.50350500 +.00000206 +00000-0 +11318-3 0  9994,2 25116 045.0164 242.9200 0006541 189.6971 170.3753 14.38365889976163
1 25116U 97084E   16228.05915204  .00000210  00000-0  11456-3 0  9991,2 25116  45.0164 240.2845 0006579 192.4969 167.5718 14.38366264976234
1 25116U 97084E   16229.10098996  .00000210  00000-0  11473-3 0  9997,2 25116  45.0164 235.3432 0006639 197.5786 162.4833 14.38366949976389
1 25116U 97084E   16230.14282736  .00000194  00000-0  10939-3 0  9997,2 25116  45.0164 230.4020 0006705 202.5767 157.4787 14.38367581976530
1 25116U 97084E   16231.39303166  .00000155  00000-0  96689-4 0  9990,2 25116  45.0164 224.4726 0006776 208.4427 151.6052 14.38368258976715
1 25116U 97084E   16232.43486823  .00000130  00000-0  88765-4 0  9997,2 25116  45.0164 219.5313 0006832 213.3174 146.7245 14.38368785976869
1 25116U 97084E   16232.92105844 +.00000127 +00000-0 +87710-4 0  9997,2 25116 045.0164 217.2253 0006868 215.6289 144.4102 14.38369050976940
1 25116U 97084E   16234.10180602  .00000138  00000-0  91136-4 0  9993,2 25116  45.0164 211.6251 0006923 221.0238 139.0091 14.38369734977108
1 25116U 97084E   16235.14364177  .00000140  00000-0  91929-4 0  9992,2 25116  45.0164 206.6837 0006968 225.7619 134.2658 14.38370285977250
1 25116U 97084E   16236.18547719  .00000129  00000-0  88363-4 0  9997,2 25116  45.0165 201.7424 0007007 230.4229 129.6001 14.38370790977402
1 25116U 97084E   16237.36622330  .00000144  00000-0  93028-4 0  9992,2 25116  45.0166 196.1423 0007040 235.7071 124.3111 14.38371618977571
1 25116U 97084E   16237.92186839 +.00000136 +00000-0 +90603-4 0  9990,2 25116 045.0167 193.5069 0007060 238.1959 121.8203 14.38371914977666
1 25116U 97084E   16239.10261405  .00000142  00000-0  92374-4 0  9999,2 25116  45.0170 187.9069 0007068 243.4131 116.5994 14.38372631977829
1 25116U 97084E   16240.14444801  .00000165  00000-0  99821-4 0  9997,2 25116  45.0171 182.9657 0007080 247.9737 112.0360 14.38373357977973
1 25116U 97084E   16241.18628163  .00000172  00000-0  10209-3 0  9997,2 25116  45.0171 178.0246 0007082 252.5302 107.4772 14.38374044978122
1 25116U 97084E   16242.22811481  .00000190  00000-0  10817-3 0  9995,2 25116  45.0171 173.0835 0007088 257.0611 102.9446 14.38374837978274
1 25116U 97084E   16243.26994769  .00000164  00000-0  99724-4 0  9997,2 25116  45.0171 168.1423 0007087 261.6312  98.3733 14.38375369978425
1 25116U 97084E   16243.82559182 +.00000156 +00000-0 +97082-4 0  9991,2 25116 045.0171 165.5069 0007080 264.0586 095.9456 14.38375638978519
1 25116U 97084E   16244.79796889  .00000167  00000-0  10065-3 0  9992,2 25116  45.0172 160.8952 0007075 268.2430  91.7608 14.38376186978643
1 25116U 97084E   16245.83980114  .00000195  00000-0  10962-3 0  9991,2 25116  45.0172 155.9538 0007053 272.6952  87.3089 14.38376853978793
1 25116U 97084E   16247.22891012  .00000228  00000-0  12055-3 0  9996,2 25116  45.0172 149.3656 0007008 278.7165  81.2890 14.38377851978998
1 25116U 97084E   16247.85400887 +.00000212 +00000-0 +11521-3 0  9991,2 25116 045.0173 146.4008 0006987 281.3900 078.6164 14.38378190979093
1 25116U 97084E   16248.82638411  .00000227  00000-0  12005-3 0  9999,2 25116  45.0173 141.7891 0006942 285.6114  74.3968 14.38379057979229
1 25116U 97084E   16248.89583946 +.00000228 +00000-0 +12058-3 0  9997,2 25116 045.0173 141.4597 0006939 285.9052 074.1032 14.38379125979247
1 25116U 97084E   16250.14603580  .00000221  00000-0  11829-3 0  9993,2 25116  45.0173 135.5304 0006877 291.4413  68.5702 14.38380038979416
1 25116U 97084E   16251.46568669  .00000207  00000-0  11355-3 0  9995,2 25116  45.0173 129.2716 0006815 297.2063  62.8091 14.38380951979603
1 25116U 97084E   16251.74350789 +.00000195 +00000-0 +10961-3 0  9996,2 25116 045.0173 127.9539 0006792 298.3796 061.6367 14.38381081979653
1 25116U 97084E   16252.71588166  .00000198  00000-0  11077-3 0  9998,2 25116  45.0172 123.3420 0006728 302.6420  57.3779 14.38381832979780
1 25116U 97084E   16254.10498628  .00000201  00000-0  11172-3 0  9997,2 25116  45.0171 116.7537 0006632 308.8336  51.1920 14.38382907979988
1 25116U 97084E   16254.93844882 +.00000171 +00000-0 +10189-3 0  9998,2 25116 045.0170 112.8007 0006572 312.5366 047.4927 14.38383298980110
1 25116U 97084E   16255.77191105  .00000184  00000-0  10624-3 0  9992,2 25116  45.0170 108.8475 0006515 316.2651  43.7681 14.38383901980228
1 25116U 97084E   16255.91082141 +.00000189 +00000-0 +10765-3 0  9998,2 25116 045.0170 108.1887 0006505 316.8901 043.1437 14.38384003980251
1 25116U 97084E   16256.95264882  .00000203  00000-0  11226-3 0  9997,2 25116  45.0170 103.2472 0006426 321.6300  38.4091 14.38384693980399
1 25116U 97084E   16258.41120638  .00000183  00000-0  10571-3 0  9999,2 25116  45.0171  96.3292 0006305 328.2177  31.8291 14.38385502980606
1 25116U 97084E   16258.89739200 +.00000188 +00000-0 +10757-3 0  9993,2 25116 045.0171 094.0232 0006252 330.4423 029.6071 14.38385870980682
1 25116U 97084E   16259.59194257  .00000189  00000-0  10794-3 0  9990,2 25116  45.0171  90.7289 0006193 333.5820  26.4713 14.38386396980778
1 25116U 97084E   16259.93921788 +.00000183 +00000-0 +10590-3 0  9993,2 25116 045.0172 089.0819 0006164 335.2672 024.7880 14.38386608980830
1 25116U 97084E   16260.84213334  .00000176  00000-0  10354-3 0  9996,2 25116  45.0173  84.7994 0006077 339.4989  20.5615 14.38387209980958
1 25116U 97084E   16260.91158836 +.00000181 +00000-0 +10509-3 0  9997,2 25116 045.0173 084.4699 0006074 339.8657 020.1951 14.38387284980974
1 25116U 97084E   16261.95341356  .00000177  00000-0  10378-3 0  9992,2 25116  45.0173  79.5286 0005982 344.7982  15.2686 14.38387920981118
1 25116U 97084E   16262.99523815  .00000183  00000-0  10592-3 0  9994,2 25116  45.0174  74.5872 0005871 349.6990  10.3738 14.38388621981264
1 25116U 97084E   16264.52324632  .00000248  00000-0  12696-3 0  9990,2 25116  45.0174  67.3394 0005705 357.0130   3.0684 14.38390051981481
1 25116U 97084E   16264.87052081 +.00000217 +00000-0 +11677-3 0  9998,2 25116 045.0175 065.6924 0005678 358.8195 001.2639 14.38390138981544
1 25116U 97084E   16265.84288913  .00000196  00000-0  11012-3 0  9990,2 25116  45.0176  61.0804 0005594   3.6921 356.3968 14.38390686981672
1 25116U 97084E   16267.85707907  .00000193  00000-0  10915-3 0  9990,2 25116  45.0180  51.5270 0005402  13.8369 346.2627 14.38391982981967
1 25116U 97084E   16269.38508386  .00000233  00000-0  12227-3 0  9993,2 25116  45.0183  44.2796 0005257  21.7173 338.3897 14.38393175982183
1 25116U 97084E   16270.49635916  .00000216  00000-0  11673-3 0  9992,2 25116  45.0185  39.0090 0005144  27.5207 332.5913 14.38393921982343
1 25116U 97084E   16271.81599773  .00000236  00000-0  12300-3 0  9999,2 25116  45.0186  32.7504 0005044  34.5774 325.5402 14.38395022982530
