1 25113U 97084B   15001.65426620  .00000738  00000-0  29178-3 0  9996,2 25113 045.0171 163.8636 0007078 109.6012 250.5600 14.37419478891101
1 25113U 97084B   15002.90529688  .00000803  00000-0  31318-3 0  9995,2 25113 045.0173 157.9393 0007145 116.4136 243.7447 14.37420804891282
1 25113U 97084B   15004.50383312  .00000847  00000-0  32794-3 0  9992,2 25113 045.0174 150.3695 0007210 125.4318 234.7204 14.37425039891512
1 25113U 97084B   15005.54635348  .00001001  00000-0  37889-3 0  9999,2 25113 045.0174 145.4328 0007236 131.3572 228.7899 14.37427664891661
1 25113U 97084B   15007.49238749  .00001059  00000-0  39788-3 0  9992,2 25113 045.0175 136.2174 0007338 141.9668 218.1700 14.37433951891946
1 25113U 97084B   15008.53490285  .00001157  00000-0  43035-3 0  9992,2 25113 045.0177 131.2806 0007409 147.3563 212.7744 14.37438779892096
1 25113U 97084B   15009.78591556  .00000960  00000-0  36499-3 0  9990,2 25113 045.0179 125.3566 0007521 153.6636 206.4595 14.37441368892273
1 25113U 97084B   15011.66242965  .00001101  00000-0  41173-3 0  9990,2 25113 045.0179 116.4704 0007635 163.4058 196.7041 14.37447990892545
1 25113U 97084B   15012.77443435  .00000960  00000-0  36487-3 0  9992,2 25113 045.0180 111.2044 0007719 169.0207 191.0811 14.37451924892701
1 25113U 97084B   15014.30343620  .00001015  00000-0  38329-3 0  9997,2 25113 045.0181 103.9634 0007827 176.7122 183.3779 14.37457100892929
1 25113U 97084B   15015.48493361  .00000973  00000-0  36930-3 0  9993,2 25113 045.0182 098.3682 0007899 182.4622 177.6188 14.37460291893092
1 25113U 97084B   15016.52742876  .00000914  00000-0  34975-3 0  9999,2 25113 045.0182 093.4313 0007971 187.4989 172.5741 14.37463163893248
1 25113U 97084B   15017.63942098  .00000668  00000-0  26805-3 0  9999,2 25113 045.0182 088.1651 0008047 192.9046 167.1597 14.37465087893408
1 25113U 97084B   15018.75141187  .00000560  00000-0  23241-3 0  9995,2 25113 045.0182 082.8989 0008115 198.0848 161.9712 14.37467986893564
1 25113U 97084B   15019.79390118  .00000479  00000-0  20576-3 0  9997,2 25113 045.0182 077.9618 0008151 203.3416 156.7063 14.37470760893711
1 25113U 97084B   15021.11438371  .00000524  00000-0  22058-3 0  9998,2 25113 045.0183 071.7080 0008217 209.5723 150.4661 14.37473796893907
1 25113U 97084B   15022.15686860  .00000775  00000-0  30354-3 0  9997,2 25113 045.0185 066.7707 0008298 213.4361 146.5964 14.37476933894055
1 25113U 97084B   15023.68584178  .00000650  00000-0  26203-3 0  9995,2 25113 045.0188 059.5297 0008281 221.1507 138.8717 14.37480848894276
1 25113U 97084B   15025.35380961  .00000630  00000-0  25544-3 0  9990,2 25113 045.0186 051.6305 0008319 228.9012 131.1118 14.37483879894510
1 25113U 97084B   15026.39628634  .00000701  00000-0  27898-3 0  9990,2 25113 045.0188 046.6934 0008353 233.5526 126.4552 14.37486774894666
1 25113U 97084B   15027.57775871  .00000792  00000-0  30895-3 0  9998,2 25113 045.0190 041.0980 0008354 238.9866 121.0162 14.37490923894834
1 25113U 97084B   15029.17621664  .00000981  00000-0  37145-3 0  9991,2 25113 045.0190 033.5277 0008359 246.2272 113.7700 14.37496392895065
1 25113U 97084B   15030.56617548  .00001186  00000-0  43920-3 0  9998,2 25113 045.0190 026.9453 0008300 252.8378 107.1562 14.37501931895264
1 25113U 97084B   15032.16462305  .00001238  00000-0  45654-3 0  9999,2 25113 045.0192 019.3752 0008207 260.4406 099.5515 14.37509848895499
1 25113U 97084B   15033.20708479  .00001355  00000-0  49516-3 0  9991,2 25113 045.0192 014.4383 0008153 265.3004 094.6913 14.37515630895644
1 25113U 97084B   15034.52752835  .00001309  00000-0  47990-3 0  9995,2 25113 045.0188 008.1802 0008193 272.3537 087.6373 14.37519758895836
1 25113U 97084B   15035.98696136  .00001664  00000-0  59708-3 0  9991,2 25113 045.0189 001.2683 0008137 278.7042 081.2885 14.37524693896043
1 25113U 97084B   15037.02941037  .00001931  00000-0  68527-3 0  9997,2 25113 045.0189 356.3314 0008082 283.4124 076.5823 14.37529212896198
1 25113U 97084B   15038.41933766  .00001867  00000-0  66389-3 0  9993,2 25113 045.0188 349.7488 0008017 289.6207 070.3776 14.37535149896390
1 25113U 97084B   15039.46177947  .00001570  00000-0  56589-3 0  9992,2 25113 045.0186 344.8117 0007922 294.5500 065.4523 14.37542423896543
1 25113U 97084B   15040.85169450  .00001276  00000-0  46854-3 0  9994,2 25113 045.0184 338.2285 0007818 300.7595 059.2483 14.37548742896740
1 25113U 97084B   15042.17210791  .00001601  00000-0  57601-3 0  9990,2 25113 045.0184 331.9747 0007699 307.1584 052.8561 14.37552897896932
1 25113U 97084B   15043.21453754  .00001472  00000-0  53330-3 0  9995,2 25113 045.0183 327.0376 0007621 312.0312 047.9887 14.37554956897085
1 25113U 97084B   15045.02141377  .00000570  00000-0  23549-3 0  9998,2 25113 045.0180 318.4841 0007232 320.8453 039.1872 14.37560989897343
1 25113U 97084B   15046.20282864  .00000753  00000-0  29578-3 0  9997,2 25113 045.0177 312.8885 0007136 326.6174 033.4224 14.37562044897513
1 25113U 97084B   15049.12161225  .00000768  00000-0  30078-3 0  9991,2 25113 045.0172 299.0635 0006867 341.3157 018.7438 14.37569424897930
1 25113U 97084B   15051.06745997  .00000668  00000-0  26770-3 0  9994,2 25113 045.0170 289.8467 0006663 351.6307 008.4429 14.37571592898210
1 25113U 97084B   15052.52684301  .00000650  00000-0  26174-3 0  9996,2 25113 045.0168 282.9340 0006517 359.3266 000.7572 14.37574307898422
1 25113U 97084B   15053.84723449  .00000695  00000-0  27666-3 0  9995,2 25113 045.0167 276.6797 0006394 006.5876 353.5055 14.37575283898618
1 25113U 97084B   15055.02863718  .00000752  00000-0  29545-3 0  9993,2 25113 045.0166 271.0837 0006283 013.1423 346.9588 14.37579150898782
1 25113U 97084B   15056.55750642  .00000701  00000-0  27850-3 0  9994,2 25113 045.0167 263.8408 0006187 021.4555 338.6552 14.37581763899005
1 25113U 97084B   15057.94738401  .00000703  00000-0  27928-3 0  9995,2 25113 045.0172 257.2498 0006443 027.1861 332.9324 14.37583707899201
1 25113U 97084B   15059.54574131  .00000864  00000-0  33232-3 0  9994,2 25113 045.0172 249.6785 0006283 035.9645 324.1625 14.37587474899431
1 25113U 97084B   15060.58814551  .00001072  00000-0  40091-3 0  9996,2 25113 045.0172 244.7408 0006189 041.8278 318.3042 14.37590777899586
1 25113U 97084B   15061.90852172  .00001275  00000-0  46795-3 0  9996,2 25113 045.0173 238.4864 0006105 049.1313 311.0064 14.37594745899776
1 25113U 97084B   15062.18650230  .00001172  00000-0  43403-3 0  9997,2 25113 045.0169 237.1707 0006431 049.8652 310.2759 14.37581273899817
1 25113U 97084B   15064.47980222  .00001220  00000-0  44986-3 0  9999,2 25113 045.0177 226.3068 0005977 064.6199 295.5268 14.37585012900145
1 25113U 97084B   15065.52220835  .00001151  00000-0  42714-3 0  9993,2 25113 045.0174 221.3691 0005869 070.7120 289.4362 14.37587150900299
1 25113U 97084B   15066.84258656  .00001115  00000-0  41530-3 0  9996,2 25113 045.0174 215.1149 0005797 078.4510 281.6989 14.37590409900487
1 25113U 97084B   15068.44093420  .00001276  00000-0  46821-3 0  9996,2 25113 045.0174 207.5437 0005789 087.3585 272.7926 14.37595563900718
1 25113U 97084B   15069.48333280  .00001072  00000-0  40091-3 0  9999,2 25113 045.0174 202.6060 0005759 093.3239 266.8268 14.37597102900866
1 25113U 97084B   15070.73420881  .00000957  00000-0  36304-3 0  9996,2 25113 045.0175 196.6809 0005737 100.7822 259.3672 14.37599428901047
1 25113U 97084B   15071.77660346  .00000992  00000-0  37452-3 0  9997,2 25113 045.0176 191.7433 0005730 106.8698 253.2779 14.37602000901196
1 25113U 97084B   15073.44443217  .00000850  00000-0  32776-3 0  9996,2 25113 045.0176 183.8431 0005753 116.8519 243.2917 14.37604660901438
1 25113U 97084B   15074.48682317  .00000763  00000-0  29892-3 0  9995,2 25113 045.0176 178.9055 0005779 122.9752 237.1652 14.37606210901587
1 25113U 97084B   15076.08515384  .00000610  00000-0  24828-3 0  9997,2 25113 045.0176 171.3345 0005837 132.1015 228.0330 14.37608155901814
1 25113U 97084B   15077.40550697  .00001232  00000-0  45363-3 0  9998,2 25113 045.0175 165.0800 0005899 139.4767 220.6521 14.37615031902004
1 25113U 97084B   15079.21230320  .00001072  00000-0  40090-3 0  9991,2 25113 045.0174 156.5210 0006030 149.3638 210.7563 14.37618655902267
1 25113U 97084B   15080.46315802  .00001045  00000-0  39170-3 0  9996,2 25113 045.0174 150.5958 0006106 156.4117 203.7012 14.37621974902444
1 25113U 97084B   15081.50553409  .00001027  00000-0  38586-3 0  9999,2 25113 045.0176 145.6585 0006091 162.1655 197.9408 14.37625096902599
1 25113U 97084B   15082.61739933  .00001114  00000-0  41441-3 0  9991,2 25113 045.0176 140.3916 0006145 168.0666 192.0329 14.37628936902758
1 25113U 97084B   15083.52076939  .00000950  00000-0  36006-3 0  9990,2 25113 045.0175 136.1120 0006227 174.4188 185.6731 14.37667185902886
1 25113U 97084B   15084.56311370  .00001198  00000-0  44183-3 0  9996,2 25113 045.0174 131.1738 0006292 179.8514 180.2337 14.37670768903031
1 25113U 97084B   15085.95290280  .00001217  00000-0  44814-3 0  9999,2 25113 045.0173 124.5897 0006375 187.0364 173.0396 14.37674265903231
1 25113U 97084B   15086.16136787  .00001368  00000-0  49765-3 0  9991,2 25113 045.0172 123.6017 0006428 188.0370 172.0376 14.37687404903260
1 25113U 97084B   15087.48165250  .00001440  00000-0  52152-3 0  9999,2 25113 045.0172 117.3471 0006450 195.0751 164.9906 14.37691677903457
1 25113U 97084B   15089.07988619  .00001610  00000-0  57742-3 0  9997,2 25113 045.0173 109.7754 0006506 203.0300 157.0257 14.37697121903686
1 25113U 97084B   15090.12220942  .00001552  00000-0  55813-3 0  9995,2 25113 045.0173 104.8372 0006570 208.0492 152.0003 14.37699988903830
1 25113U 97084B   15091.44248151  .00001593  00000-0  57170-3 0  9996,2 25113 045.0174 098.5821 0006639 214.2717 145.7703 14.37704591904029
1 25113U 97084B   15092.83223648  .00001645  00000-0  58878-3 0  9998,2 25113 045.0175 091.9978 0006742 220.6403 139.3943 14.37709904904228
1 25113U 97084B   15094.01352493  .00001520  00000-0  54764-3 0  9993,2 25113 045.0177 086.4013 0006777 226.1575 133.8714 14.37713452904394
1 25113U 97084B   15095.12532273  .00001441  00000-0  52147-3 0  9997,2 25113 045.0178 081.1338 0006814 231.1345 128.8896 14.37716957904556
1 25113U 97084B   15096.37609189  .00001400  00000-0  50777-3 0  9998,2 25113 045.0179 075.2081 0006860 236.8371 123.1820 14.37721091904738
1 25113U 97084B   15098.11326574  .00001315  00000-0  47982-3 0  9995,2 25113 045.0181 066.9776 0006907 244.5463 115.4671 14.37726583904985
1 25113U 97084B   15099.15556750  .00001147  00000-0  42452-3 0  9991,2 25113 045.0183 062.0393 0006912 249.1474 110.8634 14.37729031905135
1 25113U 97084B   15100.19786683  .00001109  00000-0  41203-3 0  9999,2 25113 045.0185 057.1011 0006911 253.6635 106.3453 14.37732085905285
1 25113U 97084B   15101.30964954  .00001225  00000-0  45005-3 0  9995,2 25113 045.0187 051.8337 0006901 258.4644 101.5430 14.37736346905445
1 25113U 97084B   15103.18577819  .00001161  00000-0  42914-3 0  9998,2 25113 045.0189 042.9451 0006884 266.5066 093.4995 14.37741827905718
1 25113U 97084B   15104.29755443  .00001167  00000-0  43085-3 0  9998,2 25113 045.0190 037.6779 0006853 271.2840 088.7224 14.37745442905879
1 25113U 97084B   15105.82624101  .00001460  00000-0  52746-3 0  9994,2 25113 045.0191 030.4352 0006822 277.8909 082.1165 14.37752391906090
1 25113U 97084B   15107.14646498  .00001667  00000-0  59533-3 0  9994,2 25113 045.0192 024.1801 0006772 283.6760 076.3334 14.37758467906288
1 25113U 97084B   15108.53616551  .00001628  00000-0  58226-3 0  9990,2 25113 045.0190 017.5961 0006690 289.6316 070.3810 14.37772558906483
1 25113U 97084B   15109.78688751  .00001553  00000-0  55764-3 0  9990,2 25113 045.0192 011.6697 0006598 295.0690 064.9474 14.37777659906661
1 25113U 97084B   15111.10708934  .00001870  00000-0  66195-3 0  9997,2 25113 045.0193 005.4148 0006545 301.1246 058.8960 14.37784341906851
1 25113U 97084B   15112.14935060  .00001909  00000-0  67442-3 0  9993,2 25113 045.0193 000.4765 0006477 305.6661 054.3584 14.37788581907006
1 25113U 97084B   15113.74747951  .00001725  00000-0  61392-3 0  9994,2 25113 045.0194 352.9042 0006363 312.6327 047.3984 14.37793692907231
1 25113U 97084B   15114.78973452  .00001640  00000-0  58604-3 0  9994,2 25113 045.0192 347.9659 0006276 317.2859 042.7501 14.37797000907388
1 25113U 97084B   15115.83198737  .00001356  00000-0  49280-3 0  9990,2 25113 045.0190 343.0274 0006181 321.8815 038.1596 14.37799108907535
1 25113U 97084B   15117.43010470  .00000951  00000-0  35946-3 0  9999,2 25113 045.0190 335.4549 0006040 329.0357 031.0135 14.37801956907761
1 25113U 97084B   15118.54183685  .00000786  00000-0  30530-3 0  9991,2 25113 045.0189 330.1871 0005936 334.1081 025.9469 14.37803858907926
1 25113U 97084B   15119.79253375  .00000677  00000-0  26945-3 0  9997,2 25113 045.0188 324.2608 0005817 340.0003 020.0616 14.37805950908101
1 25113U 97084B   15120.97374623  .00000586  00000-0  23941-3 0  9991,2 25113 045.0187 318.6638 0005702 345.6811 014.3875 14.37807611908278
1 25113U 97084B   15122.50237199  .00000462  00000-0  19887-3 0  9995,2 25113 045.0187 311.4207 0005527 353.0504 007.0267 14.37809481908493
1 25113U 97084B   15123.54461580  .00000430  00000-0  18828-3 0  9992,2 25113 045.0186 306.4821 0005414 358.1189 001.9638 14.37810803908640
1 25113U 97084B   15124.58685874  .00000450  00000-0  19470-3 0  9997,2 25113 045.0186 301.5436 0005284 003.2252 356.8630 14.37812239908797
1 25113U 97084B   15125.83754923  .00000473  00000-0  20227-3 0  9995,2 25113 045.0184 295.6173 0005146 009.6431 350.4515 14.37813802908971
1 25113U 97084B   15126.87978957  .00000595  00000-0  24232-3 0  9990,2 25113 045.0183 290.6786 0005028 014.9620 345.1376 14.37815860909123
1 25113U 97084B   15128.47788926  .00000661  00000-0  26429-3 0  9997,2 25113 045.0182 283.1058 0004901 023.3507 336.7563 14.37818483909351
1 25113U 97084B   15129.79805616  .00000733  00000-0  28795-3 0  9997,2 25113 045.0182 276.8502 0004806 030.4945 329.6182 14.37820917909547
1 25113U 97084B   15130.84029105  .00000973  00000-0  36655-3 0  9996,2 25113 045.0182 271.9114 0004706 036.2138 323.9028 14.37824017909696
1 25113U 97084B   15132.16045192  .00001297  00000-0  47321-3 0  9999,2 25113 045.0182 265.6557 0004586 043.5398 316.5811 14.37828594909885
1 25113U 97084B   15133.48060840  .00001381  00000-0  50055-3 0  9994,2 25113 045.0181 259.4001 0004501 051.0588 309.0661 14.37832580910074
1 25113U 97084B   15134.73127848  .00001624  00000-0  58037-3 0  9993,2 25113 045.0180 253.4739 0004431 058.1677 301.9602 14.37837784910251
1 25113U 97084B   15135.84298276  .00001431  00000-0  51692-3 0  9996,2 25113 045.0179 248.2059 0004361 064.7117 295.4183 14.37840242910412
1 25113U 97084B   15137.09364635  .00001417  00000-0  51241-3 0  9992,2 25113 045.0178 242.2794 0004281 072.2933 287.8383 14.37844262910594
1 25113U 97084B   15138.41378763  .00001189  00000-0  43744-3 0  9991,2 25113 045.0177 236.0237 0004219 080.2339 279.8985 14.37847272910780
1 25113U 97084B   15139.45600118  .00001195  00000-0  43954-3 0  9998,2 25113 045.0176 231.0849 0004179 086.4978 273.6348 14.37850763910936
1 25113U 97084B   15140.70665559  .00000938  00000-0  35483-3 0  9990,2 25113 045.0176 225.1585 0004178 094.1326 266.0000 14.37852995911110
1 25113U 97084B   15142.51315190  .00000723  00000-0  28441-3 0  9992,2 25113 045.0176 216.5981 0004124 105.0763 255.0542 14.37856515911371
1 25113U 97084B   15143.62483986  .00000574  00000-0  23542-3 0  9995,2 25113 045.0174 211.3301 0004132 112.0431 248.0856 14.37858176911530
1 25113U 97084B   15145.15340846  .00000443  00000-0  19238-3 0  9994,2 25113 045.0171 204.0864 0004139 121.4794 238.6460 14.37860421911759
1 25113U 97084B   15146.47353385  .00000350  00000-0  16174-3 0  9995,2 25113 045.0170 197.8307 0004179 129.2693 230.8527 14.37862161911949
1 25113U 97084B   15147.51573718  .00000399  00000-0  17783-3 0  9995,2 25113 045.0168 192.8919 0004223 135.4745 224.6443 14.37863830912096
1 25113U 97084B   15148.90534033  .00000413  00000-0  18234-3 0  9995,2 25113 045.0167 186.3065 0004276 143.5640 216.5500 14.37865565912290
1 25113U 97084B   15150.15598167  .00000379  00000-0  17118-3 0  9994,2 25113 045.0166 180.3797 0004344 150.6260 209.4833 14.37866884912473
1 25113U 97084B   15151.47610171  .00000460  00000-0  19791-3 0  9990,2 25113 045.0166 174.1238 0004409 157.7397 202.3644 14.37868895912662
1 25113U 97084B   15154.11633721  .00000303  00000-0  14631-3 0  9994,2 25113 045.0167 161.6118 0004583 171.7517 188.3408 14.37871180913049
1 25113U 97084B   15155.43645299  .00000415  00000-0  18309-3 0  9993,2 25113 045.0167 155.3559 0004657 178.3915 181.6949 14.37873220913239
1 25113U 97084B   15157.03448563  .00000502  00000-0  21150-3 0  9991,2 25113 045.0167 147.7826 0004758 186.2908 173.7881 14.37875616913466
1 25113U 97084B   15158.14615900  .00000564  00000-0  23207-3 0  9998,2 25113 045.0168 142.5144 0004843 191.5821 168.4916 14.37877394913624
1 25113U 97084B   15159.39678934  .00000811  00000-0  31292-3 0  9990,2 25113 045.0169 136.5877 0004905 197.2900 162.7782 14.37880586913806
1 25113U 97084B   15161.13377171  .00000954  00000-0  35997-3 0  9998,2 25113 045.0172 128.3559 0005035 205.4084 154.6517 14.37884533914056
1 25113U 97084B   15162.31491719  .00001025  00000-0  38326-3 0  9993,2 25113 045.0174 122.7585 0005092 210.4554 149.5999 14.37887399914225
1 25113U 97084B   15165.16355123  .00001074  00000-0  39914-3 0  9995,2 25113 045.0179 109.2588 0005232 222.8567 137.1874 14.37894801914636
1 25113U 97084B   15166.20573077  .00000961  00000-0  36208-3 0  9998,2 25113 045.0180 104.3199 0005287 227.2836 132.7568 14.37896894914781
1 25113U 97084B   15166.27520934 +.00000960 +00000-0 +36173-3 0  9999,2 25113 045.0180 103.9906 0005285 227.5124 132.5279 14.37897070089780
1 25113U 97084B   15167.80373627  .00000857  00000-0  32811-3 0  9994,2 25113 045.0181 096.7467 0005343 233.7528 126.2827 14.37900294915010
1 25113U 97084B   15168.84591141  .00000776  00000-0  30140-3 0  9995,2 25113 045.0182 091.8076 0005380 238.0926 121.9399 14.37902475915169
1 25113U 97084B   15170.16599711  .00000530  00000-0  22075-3 0  9990,2 25113 045.0183 085.5519 0005405 243.1839 116.8457 14.37905808915352
1 25113U 97084B   15171.34712473  .00000511  00000-0  21428-3 0  9993,2 25113 045.0187 079.9543 0005434 247.9387 112.0885 14.37908395915528
1 25113U 97084B   15172.73668490  .00000528  00000-0  22014-3 0  9996,2 25113 045.0188 073.3692 0005421 253.5014 106.5238 14.37910434915727
1 25113U 97084B   15173.77885339  .00000452  00000-0  19503-3 0  9999,2 25113 045.0190 068.4307 0005413 258.0457 101.9785 14.37912583915879
1 25113U 97084B   15175.09892882  .00000773  00000-0  30046-3 0  9998,2 25113 045.0188 062.1745 0005429 262.7405 097.2826 14.37917405916068
1 25113U 97084B   15176.21057324  .00000464  00000-0  19904-3 0  9994,2 25113 045.0188 056.9063 0005412 267.0757 092.9472 14.37917038916221
1 25113U 97084B   15177.46117059  .00000437  00000-0  18996-3 0  9994,2 25113 045.0188 050.9795 0005391 271.8956 088.1275 14.37918681916400
1 25113U 97084B   15178.50333492  .00000335  00000-0  15649-3 0  9990,2 25113 045.0188 046.0406 0005379 276.1365 083.8870 14.37919339916553
1 25113U 97084B   15179.75393181  .00000174  00000-0  10377-3 0  9993,2 25113 045.0188 040.1135 0005373 281.0780 078.9465 14.37919638916734
1 25113U 97084B   15181.00452897 -.00000020  00000-0  40156-4 0  9994,2 25113 045.0188 034.1868 0005304 286.4643 073.5622 14.37919335916911
1 25113U 97084B   15182.04668144 -.00000056  00000-0  28496-4 0  9995,2 25113 045.0188 029.2479 0005258 290.6458 069.3826 14.37919494917065
1 25113U 97084B   15183.50571099 -.00000049  00000-0  30571-4 0  9998,2 25113 045.0190 022.3332 0005196 296.2516 063.7798 14.37919791917277
1 25113U 97084B   15184.82578527 -.00000033  00000-0  36013-4 0  9997,2 25113 045.0189 016.0772 0005115 301.4314 058.6034 14.37920086917465
1 25113U 97084B   15185.86794890 -.00000008  00000-0  44099-4 0  9990,2 25113 045.0189 011.1382 0005051 305.5788 054.4589 14.37920465917614
1 25113U 97084B   15186.91011184  .00000083  00000-0  74114-4 0  9998,2 25113 045.0189 006.1991 0005006 310.2048 049.8362 14.37921393917760
1 25113U 97084B   15187.95227394  .00000141  00000-0  93170-4 0  9993,2 25113 045.0190 001.2601 0004932 314.3022 045.7421 14.37922335917915
1 25113U 97084B   15189.48077762  .00000288  00000-0  14133-3 0  9998,2 25113 045.0190 354.0159 0004813 320.1540 039.8954 14.37924070918138
1 25113U 97084B   15190.80084755  .00000380  00000-0  17141-3 0  9991,2 25113 045.0191 347.7597 0004720 325.7993 034.2551 14.37925678918322
1 25113U 97084B   15191.98196165  .00000421  00000-0  18476-3 0  9998,2 25113 045.0191 342.1621 0004628 330.6481 029.4107 14.37927083918496
1 25113U 97084B   15193.44098341  .00000370  00000-0  16822-3 0  9994,2 25113 045.0191 335.2475 0004515 337.2626 022.8021 14.37928407918702
1 25113U 97084B   15194.48314105  .00000328  00000-0  15432-3 0  9997,2 25113 045.0191 330.3084 0004422 341.8520 018.2170 14.37929253918855
1 25113U 97084B   15195.73372875  .00000398  00000-0  17733-3 0  9997,2 25113 045.0191 324.3818 0004332 347.6110 012.4631 14.37930983919033
1 25113U 97084B   15196.77588483  .00000315  00000-0  15003-3 0  9993,2 25113 045.0189 319.4428 0004246 352.4293 007.6491 14.37931594919187
1 25113U 97084B   15198.44333258  .00000204  00000-0  11383-3 0  9991,2 25113 045.0189 311.5400 0004090 000.0895 359.9954 14.37932788919421
1 25113U 97084B   15199.48548590  .00000230  00000-0  12210-3 0  9992,2 25113 045.0188 306.6009 0003983 004.7900 355.2986 14.37934094919570
1 25113U 97084B   15200.73606889  .00000280  00000-0  13863-3 0  9999,2 25113 045.0188 300.6743 0003900 011.2424 348.8511 14.37935719919759
1 25113U 97084B   15202.05612777  .00000213  00000-0  11670-3 0  9999,2 25113 045.0187 294.4181 0003763 017.4614 342.6363 14.37936646919948
1 25113U 97084B   15203.37618549  .00000201  00000-0  11277-3 0  9998,2 25113 045.0184 288.1619 0003669 024.4838 335.6184 14.37937910920133
1 25113U 97084B   15204.41833313  .00000170  00000-0  10266-3 0  9994,2 25113 045.0184 283.2229 0003573 030.2375 329.8679 14.37940646920281
1 25113U 97084B   15205.46048121  .00000178  00000-0  10510-3 0  9995,2 25113 045.0182 278.2839 0003501 035.8013 324.3070 14.37941697920430
1 25113U 97084B   15206.64158150  .00000176  00000-0  10464-3 0  9996,2 25113 045.0180 272.6862 0003425 042.6110 317.5003 14.37942667920608
1 25113U 97084B   15207.96163349  .00000162  00000-0  99969-4 0  9991,2 25113 045.0176 266.4301 0003345 049.2432 310.8706 14.37944025920799
1 25113U 97084B   15209.21220776  .00000221  00000-0  11924-3 0  9999,2 25113 045.0174 260.5028 0003270 057.1174 302.9988 14.37945360920973
1 25113U 97084B   15210.46278298  .00000239  00000-0  12525-3 0  9997,2 25113 045.0175 254.5757 0003154 064.8467 295.2709 14.37942375921156
1 25113U 97084B   15211.50493079  .00000230  00000-0  12211-3 0  9992,2 25113 045.0172 249.6367 0003113 070.1228 289.9955 14.37942234921309
1 25113U 97084B   15212.54707757  .00000221  00000-0  11937-3 0  9992,2 25113 045.0171 244.6972 0003087 076.8603 283.2589 14.37943225921452
1 25113U 97084B   15214.14503436  .00000277  00000-0  13768-3 0  9993,2 25113 045.0169 237.1235 0003050 086.6984 273.4213 14.37944728921688
1 25113U 97084B   15215.18717902  .00000275  00000-0  13704-3 0  9991,2 25113 045.0168 232.1840 0003045 093.2907 266.8290 14.37945628921835
1 25113U 97084B   15216.43775141  .00000264  00000-0  13347-3 0  9990,2 25113 045.0166 226.2569 0003067 100.9662 259.1532 14.37946809922010
1 25113U 97084B   15217.47989380  .00000303  00000-0  14600-3 0  9994,2 25113 045.0166 221.3176 0003081 107.1321 252.9865 14.37948160922165
1 25113U 97084B   15218.59151126  .00000251  00000-0  12900-3 0  9990,2 25113 045.0168 216.0491 0003106 113.5029 246.6146 14.37949949922328
1 25113U 97084B   15219.77260368  .00000344  00000-0  15944-3 0  9994,2 25113 045.0165 210.4511 0003127 120.9547 239.1609 14.37951500922491
1 25113U 97084B   15221.16212198  .00000444  00000-0  19221-3 0  9991,2 25113 045.0167 203.8652 0003188 129.2835 230.8297 14.37953640922694
1 25113U 97084B   15222.41268721  .00000408  00000-0  18063-3 0  9996,2 25113 045.0169 197.9381 0003274 135.7076 224.4035 14.37954968922876
1 25113U 97084B   15223.73272635  .00000336  00000-0  15684-3 0  9997,2 25113 045.0171 191.6817 0003356 143.2741 216.8338 14.37956347923064
1 25113U 97084B   15225.05276419  .00000266  00000-0  13390-3 0  9992,2 25113 045.0175 185.4249 0003455 149.9593 210.1454 14.37957519923255
1 25113U 97084B   15226.30332875  .00000185  00000-0  10726-3 0  9990,2 25113 045.0174 179.4981 0003543 156.4320 203.6692 14.37955254923434
1 25113U 97084B   15228.17917219  .00000316  00000-0  15033-3 0  9990,2 25113 045.0174 170.6072 0003677 166.5044 193.5904 14.37958828923704
1 25113U 97084B   15229.29078168  .00000281  00000-0  13878-3 0  9991,2 25113 045.0177 165.3385 0003807 171.1871 188.9045 14.37960068923860
1 25113U 97084B   15230.81924278  .00000249  00000-0  12847-3 0  9992,2 25113 045.0178 158.0942 0003934 179.3132 180.7723 14.37961817924081
1 25113U 97084B   15231.86137443  .00000234  00000-0  12331-3 0  9990,2 25113 045.0180 153.1552 0004000 182.8864 177.1961 14.37962808924235
1 25113U 97084B   15232.90350363  .00000221  00000-0  11917-3 0  9999,2 25113 045.0181 148.2161 0004061 187.9668 172.1117 14.37965457924389
1 25113U 97084B   15235.82146165  .00000526  00000-0  21895-3 0  9990,2 25113 045.0180 134.3862 0004307 201.1714 158.8957 14.37969563924808
1 25113U 97084B   15235.89093706 +.00000489 +00000-0 +20681-3 0  9999,2 25113 045.0180 134.0569 0004308 201.4091 158.6577 14.37969373099809
1 25113U 97084B   15237.14149015  .00000493  00000-0  20823-3 0  9997,2 25113 045.0179 128.1301 0004367 207.1101 152.9520 14.37969584924991
1 25113U 97084B   15238.18362132  .00000037  00000-0  58895-4 0  9994,2 25113 045.0176 123.1912 0004434 210.9476 149.1112 14.37954874925142
1 25113U 97084B   15241.10160365  .00000187  00000-0  10808-3 0  9991,2 25113 045.0178 109.3607 0004615 222.7330 137.3160 14.37956677925563
1 25113U 97084B   15242.14373930  .00000172  00000-0  10319-3 0  9991,2 25113 045.0179 104.4214 0004680 227.0407 133.0049 14.37957305925714
1 25113U 97084B   15243.46377734  .00000148  00000-0  95324-4 0  9996,2 25113 045.0179 098.1650 0004764 232.2563 127.7854 14.37958006925905
1 25113U 97084B   15243.67220436 +.00000138 +00000-0 +91801-4 0  9990,2 25113 045.0179 097.1770 0004782 232.8908 127.1504 14.37958078100928
1 25113U 97084B   15244.50591233  .00000114  00000-0  83969-4 0  9999,2 25113  45.0179  93.2256 0004820 236.1640 123.8750 14.37958458926055
1 25113U 97084B   15244.71433932 +.00000099 +00000-0 +79323-4 0  9994,2 25113 045.0179 092.2377 0004829 236.8230 123.2155 14.37958507101074
1 25113U 97084B   15245.68699857 +.00000004 +00000-0 +48111-4 0  9998,2 25113 045.0179 087.6276 0004873 240.9214 119.1147 14.37958506926223
1 25113U 97084B   15246.93756023 -.00000020 +00000-0 +40098-4 0  9991,2 25113 045.0179 081.7005 0004925 245.8265 114.2069 14.37958785101397
1 25113U 97084B   15248.39654844  .00000005  00000-0  48184-4 0  9997,2 25113  45.0179  74.7854 0004996 251.1445 108.8862 14.37959305926618
1 25113U 97084B   15248.88287069  .00000011  00000-0  50226-4 0  9999,2 25113  45.0184  72.4804 0005066 253.1811 106.8482 14.37968681926682
1 25113U 97084B   15249.92499835  .00000050  00000-0  63035-4 0  9996,2 25113  45.0181  67.5405 0005032 256.5525 103.4763 14.37968839926830
1 25113U 97084B   15251.45345156  .00000030  00000-0  56425-4 0  9996,2 25113  45.0183  60.2959 0005064 262.6803  97.3470 14.37969501927056
1 25113U 97084B   15251.87030212 +.00000100 +00000-0 +79603-4 0  9997,2 25113 045.0183 058.3203 0005070 264.2444 095.7826 14.37970008102104
1 25113U 97084B   15252.49557814  .00000104  00000-0  80747-4 0  9993,2 25113  45.0185  55.3566 0005068 267.0286  92.9982 14.37970341927205
1 25113U 97084B   15252.77347858 +.00000102 +00000-0 +80072-4 0  9998,2 25113 045.0186 054.0396 0005066 268.0875 091.9393 14.37970485102238
1 25113U 97084B   15253.81560462  .00000124  00000-0  87457-4 0  9990,2 25113  45.0187  49.1003 0005090 271.9796  88.0470 14.37971232927397
1 25113U 97084B   15253.88507969 +.00000123 +00000-0 +87062-4 0  9991,2 25113 045.0187 048.7711 0005091 272.2552 087.7713 14.37971266102391
1 25113U 97084B   15254.85773050  .00000132  00000-0  90071-4 0  9999,2 25113  45.0188  44.1612 0005101 276.0059  84.0208 14.37971858927546
1 25113U 97084B   15256.45565637  .00000062  00000-0  67156-4 0  9997,2 25113  45.0190  36.5875 0005114 282.0546  77.9729 14.37972349927777
1 25113U 97084B   15257.49778175  .00000024  00000-0  54521-4 0  9995,2 25113  45.0190  31.6482 0005116 286.0174  74.0111 14.37972637927920
1 25113U 97084B   15257.77568189 +.00000003 +00000-0 +47765-4 0  9997,2 25113 045.0190 030.3311 0005118 287.1040 072.9247 14.37972636102957
1 25113U 97084B   15258.81780720 -.00000003  00000-0  45803-4 0  9992,2 25113  45.0191  25.3918 0005095 291.2855  68.7450 14.37972928928116
1 25113U 97084B   15260.41573242  .00000016  00000-0  52032-4 0  9995,2 25113  45.0192  17.8183 0005078 297.8679  62.1655 14.37973438928341
1 25113U 97084B   15260.76310736 +.00000032 +00000-0 +57357-4 0  9993,2 25113 045.0192 016.1720 0005063 299.2670 060.7672 14.37973632103389
1 25113U 97084B   15261.45785711  .00000048  00000-0  62454-4 0  9990,2 25113  45.0193  12.8790 0005047 301.9297  58.1061 14.37973954928495
1 25113U 97084B   15262.49998140  .00000077  00000-0  72071-4 0  9995,2 25113  45.0193   7.9398 0005020 306.0848  53.9535 14.37974577928641
1 25113U 97084B   15262.77788116 +.00000085 +00000-0 +74540-4 0  9998,2 25113 045.0193 006.6228 0005005 307.3572 052.6820 14.37974762103677
1 25113U 97084B   15263.75053020  .00000097  00000-0  78341-4 0  9992,2 25113  45.0194   2.0130 0004965 311.3627  48.6794 14.37975291928825
1 25113U 97084B   15265.20950326  .00000091  00000-0  76587-4 0  9993,2 25113  45.0194 355.0981 0004913 317.4559  42.5909 14.37975912929039
1 25113U 97084B   15266.25162500  .00000105  00000-0  80974-4 0  9999,2 25113  45.0192 350.1587 0004870 321.6018  38.4483 14.37977649929180
1 25113U 97084B   15267.36322062  .00000306  00000-0  14684-3 0  9990,2 25113  45.0191 344.8902 0004794 326.6663  33.3883 14.37979577929344
1 25113U 97084B   15268.47481515  .00000324  00000-0  15298-3 0  9994,2 25113  45.0190 339.6217 0004762 331.1669  28.8916 14.37980903929505
1 25113U 97084B   15268.68323896 +.00000336 +00000-0 +15666-3 0  9996,2 25113 045.0190 338.6340 0004729 332.3524 027.7073 14.37981243104524
1 25113U 97084B   15269.65588284  .00000322  00000-0  15216-3 0  9994,2 25113  45.0189 334.0242 0004697 336.6370  23.4264 14.37983300929675
1 25113U 97084B   15271.18432144  .00000324  00000-0  15298-3 0  9990,2 25113  45.0189 326.7796 0004622 343.5801  16.4897 14.37985289929897
1 25113U 97084B   15272.43485941  .00000344  00000-0  15944-3 0  9992,2 25113  45.0184 320.8519 0004560 347.6502  12.4234 14.37988707930075
1 25113U 97084B   15273.54644771  .00000373  00000-0  16902-3 0  9990,2 25113  45.0184 315.5836 0004468 354.3550   5.7247 14.37989862930233
1 25113U 97084B   15275.14435293  .00000422  00000-0  18481-3 0  9994,2 25113  45.0183 308.0097 0004377   1.8708 358.2156 14.37992362930465
1 25113U 97084B   15276.46435882  .00000828  00000-0  31806-3 0  9990,2 25113  45.0181 301.7533 0004320   8.4883 351.6038 14.37995994930654
1 25113U 97084B   15277.50646721  .00000798  00000-0  30793-3 0  9992,2 25113  45.0180 296.8137 0004248  13.8128 346.2836 14.37997701930809
1 25113U 97084B   15278.47909558  .00000737  00000-0  28801-3 0  9999,2 25113  45.0180 292.2034 0004272  18.7205 341.3800 14.38015764930945
1 25113U 97084B   15279.38224104  .00002284  00000-0  79436-3 0  9996,2 25113  45.0179 287.9188 0003378  33.6003 326.5168 14.38022833931074
1 25113U 97084B   15279.86854761 +.00000581 +00000-0 +23675-3 0  9999,2 25113 045.0180 285.6171 0004238 025.7899 334.3160 14.38028218106137
1 25113U 97084B   15281.18852057  .00000651  00000-0  25983-3 0  9995,2 25113  45.0179 279.3600 0004182  33.0549 327.0560 14.38030951931332
1 25113U 97084B   15282.43901977  .00000571  00000-0  23353-3 0  9990,2 25113  45.0179 273.4325 0004138  39.9871 320.1282 14.38032572931511
1 25113U 97084B   15282.92532466 +.00000528 +00000-0 +21964-3 0  9995,2 25113 045.0179 271.1273 0004116 042.6249 317.4918 14.38033056106577
1 25113U 97084B   15284.17582155  .00000524  00000-0  21822-3 0  9993,2 25113  45.0179 265.1997 0004065  49.7821 310.3382 14.38034940931767
1 25113U 97084B   15285.35684469  .00000533  00000-0  22114-3 0  9990,2 25113  45.0179 259.6016 0004040  56.6334 303.4901 14.38036849931935
1 25113U 97084B   15285.91261964 +.00000538 +00000-0 +22281-3 0  9993,2 25113 045.0179 256.9670 0004031 059.7871 300.3377 14.38037774107005
1 25113U 97084B   15287.16311182  .00000657  00000-0  26162-3 0  9994,2 25113  45.0179 251.0394 0004013  67.2190 292.9082 14.38040475932199
1 25113U 97084B   15288.20518739  .00000649  00000-0  25907-3 0  9994,2 25113  45.0179 246.0998 0004015  73.3695 286.7594 14.38042053932343
1 25113U 97084B   15289.31673290  .00000766  00000-0  29735-3 0  9994,2 25113  45.0179 240.8308 0004020  79.9671 280.1631 14.38044494932501
1 25113U 97084B   15290.15039487  .00000799  00000-0  30827-3 0  9992,2 25113  45.0178 236.8790 0004078  84.6319 275.4994 14.38029763932629
1 25113U 97084B   15291.19247712  .00000898  00000-0  34051-3 0  9992,2 25113  45.0178 231.9394 0004096  90.5870 269.5448 14.38032753932770
1 25113U 97084B   15292.30402943  .00000976  00000-0  36603-3 0  9997,2 25113  45.0179 226.6706 0004111  97.3357 262.7958 14.38035526932932
1 25113U 97084B   15292.85980491 +.00000981 +00000-0 +36787-3 0  9995,2 25113 045.0179 224.0360 0004133 100.5319 259.5995 14.38036753108000
1 25113U 97084B   15293.83241057  .00001048  00000-0  38972-3 0  9995,2 25113  45.0179 219.4259 0004173 106.1825 253.9483 14.38039299933153
1 25113U 97084B   15293.90188222 +.00001047 +00000-0 +38944-3 0  9995,2 25113 045.0179 219.0966 0004177 106.6811 253.4497 14.38039499108154
1 25113U 97084B   15295.22184434  .00001056  00000-0  39233-3 0  9995,2 25113  45.0178 212.8399 0004230 114.4942 245.6348 14.38042565933350
1 25113U 97084B   15296.26391805  .00001094  00000-0  40477-3 0  9996,2 25113  45.0177 207.9003 0004286 120.6931 239.4341 14.38045046933502
1 25113U 97084B   15296.88916173 +.00000988 +00000-0 +36985-3 0  9995,2 25113 045.0176 204.9364 0004325 124.3225 235.8033 14.38045760108582
1 25113U 97084B   15297.79228977  .00001028  00000-0  38302-3 0  9995,2 25113  45.0175 200.6553 0004388 129.5641 230.5596 14.38048009933729
1 25113U 97084B   15297.86176153 +.00000957 +00000-0 +35987-3 0  9997,2 25113 045.0175 200.3260 0004397 129.9075 230.2161 14.38047668108725
1 25113U 97084B   15299.11224603  .00000646  00000-0  25817-3 0  9997,2 25113  45.0174 194.3984 0004501 136.9082 223.2119 14.38048266933919
1 25113U 97084B   15300.15431544  .00000523  00000-0  21792-3 0  9990,2 25113  45.0174 189.4587 0004577 142.5875 217.5292 14.38049161934069
1 25113U 97084B   15300.91849889 +.00000502 +00000-0 +21080-3 0  9996,2 25113 045.0174 185.8361 0004654 146.7936 213.3205 14.38050096109161
1 25113U 97084B   15301.75215305  .00000461  00000-0  19738-3 0  9990,2 25113  45.0173 181.8843 0004718 151.3589 208.7519 14.38050969934293
1 25113U 97084B   15301.89109546 +.00000447 +00000-0 +19299-3 0  9990,2 25113 045.0174 181.2257 0004734 152.0743 208.0360 14.38051047109306
1 25113U 97084B   15302.79421999  .00000428  00000-0  18677-3 0  9997,2 25113  45.0173 176.9446 0004810 156.8481 203.2585 14.38052104934444
1 25113U 97084B   15302.86369111 +.00000433 +00000-0 +18841-3 0  9991,2 25113 045.0173 176.6153 0004817 157.2163 202.8900 14.38052207109449
1 25113U 97084B   15304.11417011  .00000392  00000-0  17494-3 0  9991,2 25113  45.0172 170.6878 0004933 163.6820 196.4188 14.38053502934638
1 25113U 97084B   15305.43411935  .00000409  00000-0  18055-3 0  9999,2 25113  45.0170 164.4308 0005048 170.4936 189.6009 14.38054883934827
1 25113U 97084B   15305.85094518 +.00000409 +00000-0 +18030-3 0  9992,2 25113 045.0170 162.4549 0005086 172.6091 187.4833 14.38055265109875
1 25113U 97084B   15306.82353824  .00000432  00000-0  18795-3 0  9992,2 25113  45.0168 157.8445 0005192 177.3249 182.7628 14.38056288935020
1 25113U 97084B   15306.89300921 +.00000336 +00000-0 +15657-3 0  9996,2 25113 045.0168 157.5152 0005203 177.6391 182.4483 14.38055825110023
1 25113U 97084B   15308.00454325  .00000384  00000-0  17234-3 0  9995,2 25113  45.0166 152.2461 0005316 182.9525 177.1293 14.38057140935194
1 25113U 97084B   15309.39395928  .00000358  00000-0  16381-3 0  9994,2 25113  45.0166 145.6595 0005443 189.7010 170.3734 14.38058444935398
1 25113U 97084B   15310.50549087  .00000381  00000-0  17133-3 0  9998,2 25113  45.0165 140.3902 0005555 194.9340 165.1345 14.38059795935557
1 25113U 97084B   15311.54755080  .00000467  00000-0  19922-3 0  9998,2 25113  45.0166 135.4503 0005643 199.8211 160.2419 14.38061442935706
1 25113U 97084B   15311.89490375 +.00000456 +00000-0 +19562-3 0  9997,2 25113 045.0167 133.8038 0005687 201.3351 158.7261 14.38061844110746
1 25113U 97084B   15312.86749170  .00000464  00000-0  19826-3 0  9997,2 25113  45.0168 129.1932 0005777 205.9026 154.1534 14.38063087935892
1 25113U 97084B   15314.46531214  .00000558  00000-0  22921-3 0  9997,2 25113  45.0169 121.6187 0005933 213.3078 146.7397 14.38065919936123
1 25113U 97084B   15315.50736759  .00000588  00000-0  23880-3 0  9992,2 25113  45.0170 116.6788 0006015 218.0449 141.9975 14.38067680936274
1 25113U 97084B   15315.85471938 +.00000530 +00000-0 +22003-3 0  9998,2 25113 045.0171 115.0323 0006038 219.5808 140.4600 14.38067856111317
1 25113U 97084B   15316.82730343  .00000534  00000-0  22136-3 0  9995,2 25113  45.0172 110.4218 0006113 224.0021 136.0342 14.38069302936465
1 25113U 97084B   15316.89677373 +.00000452 +00000-0 +19427-3 0  9993,2 25113 045.0172 110.0925 0006120 224.3155 135.7204 14.38068952111463
1 25113U 97084B   15317.86935679  .00000508  00000-0  21270-3 0  9998,2 25113  45.0173 105.4819 0006199 228.7421 131.2894 14.38070635936613
1 25113U 97084B   15319.18928974  .00000477  00000-0  20251-3 0  9998,2 25113  45.0174  99.2246 0006303 234.6878 125.3381 14.38072251936809
1 25113U 97084B   15320.50922046  .00000578  00000-0  23557-3 0  9994,2 25113  45.0176  92.9674 0006398 240.5535 119.4676 14.38074812936992
1 25113U 97084B   15320.78710048 +.00000576 +00000-0 +23486-3 0  9990,2 25113 045.0176 091.6502 0006410 241.7985 118.2217 14.38075213112029
1 25113U 97084B   15321.69020966  .00000635  00000-0  25407-3 0  9995,2 25113  45.0178  87.3690 0006463 245.8363 114.1810 14.38076970937169
1 25113U 97084B   15321.82914941 +.00000650 +00000-0 +25912-3 0  9993,2 25113 045.0179 086.7104 0006468 246.4563 113.5606 14.38077296112171
1 25113U 97084B   15322.80172748  .00000680  00000-0  26877-3 0  9997,2 25113  45.0181  82.1000 0006511 250.7937 109.2207 14.38079033937323
1 25113U 97084B   15324.12165325  .00000583  00000-0  23707-3 0  9998,2 25113  45.0184  75.8430 0006579 256.6496 103.3619 14.38080685937519
1 25113U 97084B   15325.51104685  .00000595  00000-0  24117-3 0  9993,2 25113  45.0186  69.2567 0006637 262.6202  97.3892 14.38083055937717
1 25113U 97084B   15325.78892551 +.00000550 +00000-0 +22631-3 0  9998,2 25113 045.0186 067.9395 0006637 263.8565 096.1527 14.38083239112740
1 25113U 97084B   15326.76149984  .00000527  00000-0  21897-3 0  9999,2 25113  45.0187  63.3291 0006669 268.1103  91.8982 14.38084663937897
1 25113U 97084B   15328.22036016  .00000426  00000-0  18599-3 0  9996,2 25113  45.0188  56.4133 0006713 274.4715  85.5367 14.38086165938106
1 25113U 97084B   15329.47081100  .00000404  00000-0  17854-3 0  9997,2 25113  45.0190  50.4856 0006737 279.9042  80.1045 14.38087516938288
1 25113U 97084B   15330.51285278  .00000373  00000-0  16839-3 0  9993,2 25113  45.0190  45.5458 0006739 284.4197  75.5904 14.38088417938435
1 25113U 97084B   15330.65179157 +.00000372 +00000-0 +16818-3 0  9992,2 25113 045.0190 044.8872 0006735 285.0174 074.9929 14.38088579113440
1 25113U 97084B   15331.62436313  .00000354  00000-0  16222-3 0  9999,2 25113  45.0191  40.2767 0006726 289.2897  70.7223 14.38089501938590
1 25113U 97084B   15332.66640289  .00000408  00000-0  17996-3 0  9992,2 25113  45.0192  35.3370 0006697 293.9042  66.1104 14.38091065938749
1 25113U 97084B   15334.19472496  .00000364  00000-0  16543-3 0  9993,2 25113  45.0194  28.0922 0006704 300.7277  59.2911 14.38094610938961
1 25113U 97084B   15335.51463682  .00000400  00000-0  17738-3 0  9995,2 25113  45.0187  21.8341 0006828 307.2021  52.8203 14.38098954939155
1 25113U 97084B   15335.58410589 +.00000396 +00000-0 +17599-3 0  9999,2 25113 045.0194 021.5060 0006673 307.0882 052.9356 14.38098110114158
1 25113U 97084B   15336.55667107  .00000361  00000-0  16448-3 0  9991,2 25113  45.0194  16.8954 0006659 311.5163  48.5113 14.38099512939304
1 25113U 97084B   15336.90401548 +.00000355 +00000-0 +16253-3 0  9992,2 25113 045.0194 015.2488 0006646 312.9742 047.0549 14.38099962114348
1 25113U 97084B   15337.52923525 +.00000346 +00000-0 +15954-3 0  9992,2 25113 045.0193 012.2847 0006668 315.8536 044.1780 14.38100643114434
1 25113U 97084B   15339.19648451  .00000721  00000-0  28232-3 0  9999,2 25113  45.0192   4.3810 0006581 323.7052  36.3350 14.38104694939688
1 25113U 97084B   15340.44691921  .00000909  00000-0  34355-3 0  9990,2 25113  45.0192 358.4532 0006524 329.6264  30.4206 14.38108178939865
1 25113U 97084B   15342.18363053  .00000978  00000-0  36602-3 0  9998,2 25113  45.0192 350.2199 0006441 337.8576  22.1994 14.38111968940112
1 25113U 97084B   15343.43406084  .00000929  00000-0  35028-3 0  9996,2 25113  45.0192 344.2922 0006362 343.8994  16.1652 14.38114031940299
1 25113U 97084B   15343.98980661 +.00000828 +00000-0 +31717-3 0  9993,2 25113 045.0192 341.6575 0006330 346.5558 013.5121 14.38114653115369
1 25113U 97084B   15344.82342428  .00001056  00000-0  39144-3 0  9996,2 25113  45.0192 337.7056 0006294 350.7647   9.3085 14.38117700940492
1 25113U 97084B   15344.96236091 +.00000840 +00000-0 +32120-3 0  9996,2 25113 045.0192 337.0469 0006285 351.4506 008.6234 14.38116722115502
1 25113U 97084B   15346.07384973  .00000937  00000-0  35278-3 0  9997,2 25113  45.0192 331.7778 0006242 357.1378   2.9434 14.38119572940678
1 25113U 97084B   15347.39374018  .00000956  00000-0  35883-3 0  9995,2 25113  45.0191 325.5207 0006159   3.8659 356.2236 14.38122456940860
1 25113U 97084B   15347.94948313 +.00000904 +00000-0 +34176-3 0  9998,2 25113 045.0191 322.8859 0006131 006.7242 353.3687 14.38123220115933
1 25113U 97084B   15348.78309637  .00000998  00000-0  37276-3 0  9998,2 25113  45.0190 318.9339 0006091  11.0717 349.0265 14.38125441941064
1 25113U 97084B   15348.85256379 +.00001062 +00000-0 +39352-3 0  9990,2 25113 045.0190 318.6046 0006076 011.4186 348.6799 14.38126008116064
1 25113U 97084B   15349.82511080  .00001075  00000-0  39769-3 0  9997,2 25113  45.0190 313.9939 0006009  16.5166 343.5877 14.38128220941215
1 25113U 97084B   15349.96404590 +.00001085 +00000-0 +40109-3 0  9990,2 25113 045.0190 313.3351 0005993 017.2798 342.8253 14.38128603116227
1 25113U 97084B   15350.86712403  .00000989  00000-0  36954-3 0  9991,2 25113  45.0190 309.0538 0005959  22.1033 338.0072 14.38130030941369
1 25113U 97084B   15350.93659168 +.00000888 +00000-0 +33670-3 0  9997,2 25113 045.0190 308.7245 0005952 022.5068 337.6041 14.38129599116368
1 25113U 97084B   15352.04807051  .00000891  00000-0  33763-3 0  9994,2 25113  45.0190 303.4552 0005904  28.5431 331.5740 14.38131997941537
1 25113U 97084B   15353.15954773  .00000833  00000-0  31853-3 0  9995,2 25113  45.0190 298.1859 0005846  34.6258 325.4970 14.38133917941695
1 25113U 97084B   15354.20155607  .00000846  00000-0  32289-3 0  9999,2 25113  45.0189 293.2461 0005804  40.4005 319.7274 14.38136059941847
1 25113U 97084B   15355.24356080  .00001201  00000-0  43893-3 0  9991,2 25113  45.0188 288.3061 0005756  46.2879 313.8446 14.38140640941999
1 25113U 97084B   15356.28556601  .00000980  00000-0  36669-3 0  9993,2 25113  45.0186 283.3662 0005717  52.2057 307.9308 14.38141489942142
1 25113U 97084B   15356.84130086 +.00000977 +00000-0 +36577-3 0  9994,2 25113 045.0185 280.7314 0005713 055.4261 304.7126 14.38142726117214
1 25113U 97084B   15358.16117157  .00000597  00000-0  24164-3 0  9992,2 25113  45.0184 274.4742 0005687  63.1016 297.0413 14.38142922942411
1 25113U 97084B   15359.20317290  .00000566  00000-0  23148-3 0  9995,2 25113  45.0182 269.5341 0005673  69.1229 291.0227 14.38144478942567
1 25113U 97084B   15359.89784002 +.00000436 +00000-0 +18890-3 0  9993,2 25113 045.0181 266.2405 0005671 073.2695 286.8775 14.38144806117651
1 25113U 97084B   15360.80090660  .00000369  00000-0  16723-3 0  9994,2 25113  45.0180 261.9591 0005670  78.5385 281.6100 14.38145690942799
1 25113U 97084B   15360.87037332 +.00000353 +00000-0 +16180-3 0  9998,2 25113 045.0180 261.6298 0005676 078.9543 281.1944 14.38145674117793
1 25113U 97084B   15361.84290612  .00000270  00000-0  13473-3 0  9998,2 25113  45.0179 257.0191 0005689  84.6550 275.4948 14.38146306942944
1 25113U 97084B   15361.91237284 +.00000224 +00000-0 +11974-3 0  9995,2 25113 045.0179 256.6897 0005689 085.1021 275.0477 14.38146096117944
1 25113U 97084B   15363.09330524  .00000131  00000-0  89286-4 0  9996,2 25113  45.0178 251.0911 0005724  91.9494 268.2010 14.38146495943125
1 25113U 97084B   15364.13530398  .00000085  00000-0  74465-4 0  9994,2 25113  45.0176 246.1511 0005757  98.0327 262.1175 14.38146846943274
1 25113U 97084B   15365.17730241  .00000088  00000-0  75359-4 0  9994,2 25113  45.0174 241.2111 0005791 104.1004 256.0488 14.38147308943423
1 25113U 97084B   15365.87196767 +.00000076 +00000-0 +71307-4 0  9996,2 25113 045.0173 237.9176 0005821 108.1856 251.9627 14.38147546118515
1 25113U 97084B   16001.77503218  .00000054  00000-0  64250-4 0  9991,2 25113  45.0171 233.6361 0005873 113.3902 246.7565 14.38147853943654
1 25113U 97084B   16001.91396514 +.00000038 +00000-0 +58970-4 0  9990,2 25113 045.0171 232.9775 0005883 114.1798 245.9665 14.38147838118668
1 25113U 97084B   16002.81702860  .00000090  00000-0  75986-4 0  9999,2 25113  45.0170 228.6960 0005936 119.4046 240.7395 14.38148712943805
1 25113U 97084B   16002.88649504 +.00000082 +00000-0 +73302-4 0  9992,2 25113 045.0169 228.3667 0005942 119.7662 240.3778 14.38148706118806
1 25113U 97084B   16004.06742338  .00000140  00000-0  92439-4 0  9990,2 25113  45.0168 222.7677 0006009 126.4902 233.6501 14.38149820943983
1 25113U 97084B   16004.90101963 +.00000172 +00000-0 +10289-3 0  9993,2 25113 045.0167 218.8155 0006065 131.1994 228.9378 14.38150500119098
1 25113U 97084B   16005.80408191  .00000182  00000-0  10609-3 0  9993,2 25113  45.0167 214.5338 0006132 136.2870 223.8464 14.38151091944236
1 25113U 97084B   16005.94301455 +.00000162 +00000-0 +99415-4 0  9994,2 25113 045.0166 213.8752 0006145 137.0623 223.0706 14.38151058119245
1 25113U 97084B   16006.84607620  .00000182  00000-0  10588-3 0  9992,2 25113  45.0166 209.5935 0006216 142.0669 218.0618 14.38151767944389
1 25113U 97084B   16007.95753604  .00000165  00000-0  10038-3 0  9990,2 25113  45.0166 204.3240 0006308 148.1160 212.0071 14.38152463944545
1 25113U 97084B   16009.48579210  .00000160  00000-0  98827-4 0  9997,2 25113  45.0167 197.0782 0006442 156.4790 203.6354 14.38153495944765
1 25113U 97084B   16010.52778413  .00000165  00000-0  10043-3 0  9998,2 25113  45.0167 192.1379 0006534 162.0166 198.0915 14.38154242944913
1 25113U 97084B   16010.87511465 +.00000178 +00000-0 +10451-3 0  9995,2 25113 045.0167 190.4912 0006572 163.8581 196.2478 14.38154561119955
1 25113U 97084B   16011.84763971  .00000216  00000-0  11704-3 0  9999,2 25113  45.0167 185.8803 0006655 168.9910 191.1085 14.38155470945108
1 25113U 97084B   16011.91710572 +.00000225 +00000-0 +12003-3 0  9999,2 25113 045.0167 185.5510 0006660 169.3397 190.7593 14.38155593120100
1 25113U 97084B   16012.88962998  .00000284  00000-0  13940-3 0  9993,2 25113  45.0167 180.9400 0006749 174.4354 185.6570 14.38156715945251
1 25113U 97084B   16013.86215352 +.00000297 +00000-0 +14354-3 0  9991,2 25113 045.0167 176.3290 0006840 179.4930 180.5927 14.38157668120381
1 25113U 97084B   16014.83467651  .00000295  00000-0  14292-3 0  9999,2 25113  45.0168 171.7181 0006929 184.4624 175.6163 14.38158539945531
1 25113U 97084B   16015.45986949 +.00000284 +00000-0 +13917-3 0  9995,2 25113 045.0169 168.7538 0006989 187.7247 172.3495 14.38159050120612
1 25113U 97084B   16016.01559662  .00000276  00000-0  13675-3 0  9998,2 25113  45.0170 166.1190 0007036 190.5917 169.4784 14.38159458945705
1 25113U 97084B   16017.47437932  .00000294  00000-0  14264-3 0  9999,2 25113  45.0173 159.2026 0007176 197.9666 162.0929 14.38160713945915
1 25113U 97084B   16018.51636630  .00000278  00000-0  13737-3 0  9997,2 25113  45.0174 154.2624 0007268 203.1512 156.9009 14.38161474946060
1 25113U 97084B   16018.86369518 +.00000234 +00000-0 +12283-3 0  9990,2 25113 045.0175 152.6158 0007297 204.8840 155.1657 14.38161525121106
1 25113U 97084B   16019.83621580  .00000250  00000-0  12808-3 0  9999,2 25113  45.0176 148.0050 0007385 209.6818 150.3613 14.38162359946259
1 25113U 97084B   16021.43392690  .00000226  00000-0  12022-3 0  9996,2 25113  45.0177 140.4300 0007520 217.4365 142.5961 14.38163543946489
1 25113U 97084B   16022.47591167  .00000250  00000-0  12814-3 0  9997,2 25113  45.0178 135.4899 0007598 222.4153 137.6108 14.38164513946636
1 25113U 97084B   16023.51789617  .00000240  00000-0  12475-3 0  9994,2 25113  45.0179 130.5497 0007667 227.2215 132.7989 14.38165223946784
1 25113U 97084B   16023.65682743 +.00000247 +00000-0 +12720-3 0  9991,2 25113 045.0179 129.8911 0007675 227.9311 132.0885 14.38165354121798
1 25113U 97084B   16024.76827711  .00000197  00000-0  11087-3 0  9999,2 25113  45.0179 124.6215 0007751 233.1164 126.8975 14.38165902946962
1 25113U 97084B   16026.29651968  .00000138  00000-0  91500-4 0  9992,2 25113  45.0181 117.3757 0007849 240.2170 119.7898 14.38166669947180
1 25113U 97084B   16027.54690023  .00000076  00000-0  71253-4 0  9990,2 25113  45.0182 111.4476 0007905 246.0028 113.9994 14.38166900947364
1 25113U 97084B   16027.68583139 +.00000064 +00000-0 +67444-4 0  9998,2 25113 045.0182 110.7890 0007917 246.6357 113.3659 14.38166890122376
1 25113U 97084B   16028.65834946  .00000035  00000-0  57776-4 0  9996,2 25113  45.0183 106.1782 0007972 251.1909 108.8075 14.38167024947524
1 25113U 97084B   16029.97819485  .00000033  00000-0  57260-4 0  9999,2 25113  45.0184  99.9207 0008058 257.5566 102.4381 14.38167504947715
1 25113U 97084B   16031.22857048  .00000019  00000-0  52744-4 0  9993,2 25113  45.0184  93.9924 0008068 263.1075  96.8856 14.38171266947896
1 25113U 97084B   16032.47894536  .00000049  00000-0  62446-4 0  9997,2 25113  45.0183  88.0643 0008083 268.7650  91.2272 14.38174029948077
1 25113U 97084B   16033.52092337  .00000046  00000-0  61656-4 0  9992,2 25113  45.0183  83.1241 0008108 273.7103  86.2818 14.38175607948224
1 25113U 97084B   16034.35450009  .00000064  00000-0  67428-4 0  9991,2 25113  45.0194  79.1772 0008535 281.8971  78.0921 14.38187534948346
1 25113U 97084B   16035.18807004  .00000043  00000-0  60543-4 0  9992,2 25113  45.0184  75.2193 0008186 281.1054  78.8874 14.38193783948467
1 25113U 97084B   16036.50789027  .00000331  00000-0  15434-3 0  9991,2 25113  45.0184  68.9616 0008169 287.1578  72.8376 14.38196467948658
1 25113U 97084B   16036.92467520 +.00000360 +00000-0 +16380-3 0  9991,2 25113 045.0184 066.9854 0008167 288.9963 071.0000 14.38197126123704
1 25113U 97084B   16037.54985211  .00000377  00000-0  16929-3 0  9999,2 25113  45.0184  64.0212 0008155 292.0214  67.9768 14.38198580948809
1 25113U 97084B   16037.89717252 +.00000362 +00000-0 +16449-3 0  9996,2 25113 045.0185 062.3744 0008152 293.5746 066.4246 14.38198918123843
1 25113U 97084B   16038.86966860  .00000420  00000-0  18344-3 0  9996,2 25113  45.0186  57.7633 0008125 297.9869  62.0157 14.38201070948991
1 25113U 97084B   16040.18948246  .00000436  00000-0  18874-3 0  9997,2 25113  45.0188  51.5056 0008106 304.2870  55.7211 14.38204130949189
1 25113U 97084B   16041.37036702  .00000544  00000-0  22405-3 0  9999,2 25113  45.0188  45.9064 0008044 309.6999  50.3140 14.38206393949351
1 25113U 97084B   16042.41232157  .00000508  00000-0  21226-3 0  9997,2 25113  45.0187  40.9659 0008010 314.6975  45.3220 14.38209152949504
1 25113U 97084B   16043.45427510  .00000694  00000-0  27291-3 0  9995,2 25113  45.0188  36.0256 0007967 320.0142  40.0119 14.38210851949654
1 25113U 97084B   16043.94051984 +.00000646 +00000-0 +25713-3 0  9991,2 25113 045.0189 033.7199 0007948 322.3574 037.6717 14.38211495124711
1 25113U 97084B   16044.91300719  .00000574  00000-0  23366-3 0  9994,2 25113  45.0190  29.1088 0007889 326.9376  33.0979 14.38214295949865
1 25113U 97084B   16046.09388265  .00000571  00000-0  23269-3 0  9996,2 25113  45.0191  23.5098 0007830 332.7280  27.3157 14.38217416950033
1 25113U 97084B   16047.34422008  .00000657  00000-0  26060-3 0  9996,2 25113  45.0191  17.5814 0007781 339.2523  20.8009 14.38219877950216
1 25113U 97084B   16047.89992493 +.00000669 +00000-0 +26447-3 0  9998,2 25113 045.0192 014.9463 0007741 342.0154 018.0420 14.38220858125284
1 25113U 97084B   16048.80294273  .00000744  00000-0  28894-3 0  9993,2 25113  45.0193  10.6648 0007663 346.3445  13.7195 14.38223356950425
1 25113U 97084B   16048.87240583 +.00000676 +00000-0 +26673-3 0  9992,2 25113 045.0193 010.3355 0007658 346.7882 013.2765 14.38223090125427
1 25113U 97084B   16050.19220050  .00000630  00000-0  25196-3 0  9996,2 25113  45.0195   4.0778 0007553 353.3983   6.6765 14.38225547950621
1 25113U 97084B   16051.30360471  .00000609  00000-0  24517-3 0  9994,2 25113  45.0195 358.8081 0007472 359.2222   0.8613 14.38227682950786
1 25113U 97084B   16051.85930668 +.00000539 +00000-0 +22232-3 0  9999,2 25113 045.0194 356.1731 0007423 002.0291 358.0586 14.38228256125850
1 25113U 97084B   16052.83178282  .00000397  00000-0  17600-3 0  9999,2 25113  45.0194 351.5620 0007337   6.7815 353.3132 14.38230706951005
1 25113U 97084B   16052.90124541 +.00000357 +00000-0 +16280-3 0  9995,2 25113 045.0193 351.2327 0007343 007.1670 352.9283 14.38230639126007
1 25113U 97084B   16054.15157087  .00000317  00000-0  14998-3 0  9995,2 25113  45.0193 345.3044 0007259  14.0506 346.0543 14.38233029951193
1 25113U 97084B   16055.19350781  .00000280  00000-0  13788-3 0  9991,2 25113  45.0193 340.3640 0007183  19.5647 340.5476 14.38234103951347
1 25113U 97084B   16055.88813195 +.00000288 +00000-0 +14028-3 0  9996,2 25113 045.0193 337.0703 0007123 023.2596 336.8574 14.38234854126433
1 25113U 97084B   16056.72168087  .00000339  00000-0  15708-3 0  9996,2 25113  45.0193 333.1180 0007085  27.9238 332.1989 14.38235751951566
1 25113U 97084B   16056.86060571 +.00000260 +00000-0 +13115-3 0  9993,2 25113 045.0193 332.4592 0007067 028.7437 331.3800 14.38235467126577
1 25113U 97084B   16057.83307902  .00000250  00000-0  12797-3 0  9997,2 25113  45.0192 327.8482 0007020  34.2485 325.8816 14.38236131951723
1 25113U 97084B   16059.15286322  .00000204  00000-0  11307-3 0  9991,2 25113  45.0191 321.5906 0006942  41.5244 318.6131 14.38236849951917
1 25113U 97084B   16059.84748605 +.00000218 +00000-0 +11768-3 0  9990,2 25113 045.0190 318.2969 0006900 045.4504 314.6907 14.38237436127009
1 25113U 97084B   16060.81995781  .00000146  00000-0  94089-4 0  9996,2 25113  45.0189 313.6859 0006862  50.9776 309.1682 14.38237690952156
1 25113U 97084B   16062.07027813  .00000120  00000-0  85499-4 0  9995,2 25113  45.0187 307.7575 0006836  58.1280 302.0233 14.38238224952332
1 25113U 97084B   16063.11221125  .00000123  00000-0  86708-4 0  9990,2 25113  45.0185 302.8169 0006799  64.0620 296.0929 14.38238687952480
1 25113U 97084B   16064.43199233  .00000144  00000-0  93596-4 0  9996,2 25113  45.0182 296.5589 0006771  71.7109 288.4476 14.38239405952671
1 25113U 97084B   16065.47392409  .00000148  00000-0  94830-4 0  9997,2 25113  45.0180 291.6182 0006761  77.9286 282.2320 14.38239945952823
1 25113U 97084B   16066.51585491  .00000175  00000-0  10352-3 0  9994,2 25113  45.0179 286.6776 0006766  84.0538 276.1082 14.38240765952973
1 25113U 97084B   16067.55778464  .00000249  00000-0  12768-3 0  9998,2 25113  45.0177 281.7368 0006764  90.0773 270.0850 14.38241978953121
1 25113U 97084B   16067.69670856 +.00000247 +00000-0 +12716-3 0  9990,2 25113 045.0178 281.0781 0006774 091.0288 269.1336 14.38242094128130
1 25113U 97084B   16069.01648481  .00000271  00000-0  13482-3 0  9995,2 25113  45.0176 274.8199 0006799  98.6457 261.5162 14.38243365953332
1 25113U 97084B   16070.40572145  .00000293  00000-0  14210-3 0  9997,2 25113  45.0174 268.2323 0006828 106.9229 253.2368 14.38244783953532
1 25113U 97084B   16070.89195389 +.00000292 +00000-0 +14165-3 0  9999,2 25113 045.0174 265.9267 0006845 109.8353 250.3234 14.38245262128595
1 25113U 97084B   16072.55903477  .00000332  00000-0  15458-3 0  9990,2 25113  45.0172 258.0213 0006909 119.5165 240.6373 14.38247272953840
1 25113U 97084B   16072.90634313 +.00000300 +00000-0 +14425-3 0  9997,2 25113 045.0172 256.3744 0006933 121.5701 238.5825 14.38247435128883
1 25113U 97084B   16073.80934435  .00000319  00000-0  15052-3 0  9992,2 25113  45.0172 252.0924 0006983 126.8691 233.2799 14.38248364954024
1 25113U 97084B   16073.87880593 +.00000303 +00000-0 +14516-3 0  9991,2 25113 045.0172 251.7630 0006987 127.2582 232.8905 14.38248350129025
1 25113U 97084B   16074.92072983  .00000311  00000-0  14786-3 0  9992,2 25113  45.0171 246.8222 0007042 133.1006 227.0432 14.38249225954182
1 25113U 97084B   16076.44888294  .00000385  00000-0  17200-3 0  9996,2 25113  45.0172 239.5757 0007132 141.7072 218.4284 14.38251033954407
1 25113U 97084B   16077.49080458  .00000358  00000-0  16321-3 0  9991,2 25113  45.0173 234.6349 0007209 147.4894 212.6400 14.38251909954555
1 25113U 97084B   16077.83811188 +.00000270 +00000-0 +13443-3 0  9996,2 25113 045.0174 232.9881 0007243 149.4430 210.6841 14.38251714129593
1 25113U 97084B   16078.81057139  .00000246  00000-0  12669-3 0  9995,2 25113  45.0175 228.3769 0007317 154.7584 205.3623 14.38252445954743
1 25113U 97084B   16079.85249176  .00000223  00000-0  11906-3 0  9992,2 25113  45.0176 223.4363 0007398 160.4217 199.6917 14.38253143954899
1 25113U 97084B   16081.17225678  .00000214  00000-0  11608-3 0  9990,2 25113  45.0176 217.1781 0007502 167.5496 192.5539 14.38254053955082
1 25113U 97084B   16081.51956334 +.00000183 +00000-0 +10611-3 0  9996,2 25113 045.0176 215.5312 0007543 169.4462 190.6546 14.38254095955132
1 25113U 97084B   16082.76986639  .00000115  00000-0  83863-4 0  9990,2 25113  45.0175 209.6026 0007655 175.9973 184.0938 14.38254495955316
1 25113U 97084B   16084.15909153  .00000089  00000-0  75530-4 0  9993,2 25113  45.0176 203.0150 0007771 183.1901 176.8899 14.38255050955519
1 25113U 97084B   16085.47885531  .00000023  00000-0  53990-4 0  9996,2 25113  45.0176 196.7567 0007897 190.1375 169.9316 14.38255090955703
1 25113U 97084B   16085.54831656 +.00000022 +00000-0 +53770-4 0  9998,2 25113 045.0176 196.4274 0007904 190.4940 169.5745 14.38255101130705
1 25113U 97084B   16086.52077390  .00000012  00000-0  50410-4 0  9991,2 25113  45.0176 191.8161 0008007 195.3587 164.7020 14.38255254955858
1 25113U 97084B   16086.72915761 +.00000015 +00000-0 +51470-4 0  9996,2 25113 045.0176 190.8281 0008019 196.4116 163.6474 14.38255321130876
1 25113U 97084B   16087.70161458  .00000019  00000-0  52531-4 0  9994,2 25113  45.0176 186.2168 0008105 201.2177 158.8336 14.38255628956023
1 25113U 97084B   16089.09083796  .00000041  00000-0  59853-4 0  9995,2 25113  45.0177 179.6295 0008223 208.2123 151.8281 14.38256388956228
1 25113U 97084B   16090.20221361  .00000043  00000-0  60410-4 0  9995,2 25113  45.0177 174.3597 0008281 213.8776 146.1544 14.38260271956387
1 25113U 97084B   16091.52197220  .00000052  00000-0  63328-4 0  9998,2 25113  45.0177 168.1018 0008416 219.7912 140.2320 14.38261399956573
1 25113U 97084B   16091.66089408 +.00000053 +00000-0 +63592-4 0  9995,2 25113 045.0178 167.4431 0008427 220.4157 139.6066 14.38261470131582
1 25113U 97084B   16092.70280709  .00000051  00000-0  62964-4 0  9998,2 25113  45.0174 162.5020 0008505 225.3608 134.6548 14.38262912956745
1 25113U 97084B   16094.16148396  .00000054  00000-0  64030-4 0  9994,2 25113  45.0173 155.5849 0008595 232.4408 127.5660 14.38264597956951
1 25113U 97084B   16095.20339470  .00000279  00000-0  13744-3 0  9999,2 25113  45.0172 150.6442 0008640 237.2830 122.7185 14.38266460957106
1 25113U 97084B   16096.45368672  .00000305  00000-0  14565-3 0  9995,2 25113  45.0172 144.7154 0008695 243.2518 116.7441 14.38267863957285
1 25113U 97084B   16097.49559565  .00000291  00000-0  14115-3 0  9998,2 25113  45.0172 139.7747 0008735 248.1171 111.8749 14.38269502957437
1 25113U 97084B   16097.56505621 +.00000291 +00000-0 +14117-3 0  9992,2 25113 045.0172 139.4451 0008739 248.4070 111.5848 14.38269563132430
1 25113U 97084B   16098.53750378  .00000329  00000-0  15340-3 0  9992,2 25113  45.0172 134.8338 0008777 252.9861 107.0026 14.38270739957589
1 25113U 97084B   16100.13509484  .00000320  00000-0  15072-3 0  9995,2 25113  45.0172 127.2579 0008820 260.5578  99.4274 14.38272464957813
1 25113U 97084B   16101.45484216  .00000314  00000-0  14873-3 0  9997,2 25113  45.0172 120.9995 0008838 266.6333  93.3504 14.38274141958005
1 25113U 97084B   16102.49674725  .00000316  00000-0  14936-3 0  9990,2 25113  45.0172 116.0587 0008839 271.4454  88.5382 14.38275442958158
1 25113U 97084B   16104.16379357  .00000351  00000-0  16059-3 0  9996,2 25113  45.0172 108.1531 0008837 279.1456  80.8392 14.38278373958392
1 25113U 97084B   16104.99731602 +.00000365 +00000-0 +16519-3 0  9998,2 25113 045.0172 104.2004 0008827 282.9016 077.0847 14.38279306133505
1 25113U 97084B   16105.41407679  .00000334  00000-0  15526-3 0  9993,2 25113  45.0173 102.2241 0008811 284.8985  75.0888 14.38280253958574
1 25113U 97084B   16105.83083758 +.00000345 +00000-0 +15858-3 0  9997,2 25113 045.0173 100.2477 0008809 286.7904 073.1978 14.38280709133628
1 25113U 97084B   16107.42841936  .00000284  00000-0  13903-3 0  9995,2 25113  45.0175  92.6716 0008744 294.2242  65.7693 14.38282738958863
1 25113U 97084B   16107.91463949 +.00000319 +00000-0 +15020-3 0  9994,2 25113 045.0176 090.3658 0008738 296.3950 063.6001 14.38283402133927
1 25113U 97084B   16108.81761934  .00000340  00000-0  15723-3 0  9993,2 25113  45.0178  86.0841 0008705 300.5914  59.4075 14.38284519959062
1 25113U 97084B   16110.13735758  .00000329  00000-0  15350-3 0  9999,2 25113  45.0181  79.8257 0008614 306.9270  53.0789 14.38286774959259
1 25113U 97084B   16111.17925538  .00000260  00000-0  13096-3 0  9990,2 25113  45.0181  74.8851 0008571 311.8180  48.1936 14.38287608959404
1 25113U 97084B   16112.36007156  .00000231  00000-0  12166-3 0  9994,2 25113  45.0183  69.2856 0008480 317.4966  42.5226 14.38289159959573
1 25113U 97084B   16114.16602406  .00000239  00000-0  12410-3 0  9993,2 25113  45.0185  60.7216 0008341 326.5376  33.4945 14.38291428959831
1 25113U 97084B   16115.20791843  .00000230  00000-0  12124-3 0  9996,2 25113  45.0187  55.7809 0008268 331.5634  28.4762 14.38293050959986
1 25113U 97084B   16115.27737803 +.00000230 +00000-0 +12147-3 0  9994,2 25113 045.0187 055.4514 0008258 331.9361 028.1041 14.38293114134989
1 25113U 97084B   16116.66656914  .00000219  00000-0  11787-3 0  9997,2 25113  45.0188  48.8638 0008138 338.4252  21.6253 14.38294557960196
1 25113U 97084B   16116.87494768 +.00000212 +00000-0 +11555-3 0  9993,2 25113 045.0189 047.8757 0008116 339.4888 020.5633 14.38294742135213
1 25113U 97084B   16118.19467706  .00000223  00000-0  11910-3 0  9999,2 25113  45.0189  41.6176 0008002 346.4129  13.6503 14.38297107960415
1 25113U 97084B   16119.23656759  .00000228  00000-0  12072-3 0  9998,2 25113  45.0191  36.6769 0007895 351.6216   8.4499 14.38298357960564
1 25113U 97084B   16119.86170150 +.00000238 +00000-0 +12392-3 0  9999,2 25113 045.0193 033.7125 0007835 354.8390 005.2377 14.38299125135649
1 25113U 97084B   16120.76467189  .00000260  00000-0  13106-3 0  9990,2 25113  45.0193  29.4309 0007767 359.3704   0.7133 14.38300564960789
1 25113U 97084B   16122.15385574  .00000325  00000-0  15223-3 0  9996,2 25113  45.0192  22.8436 0007679   6.7129 353.3821 14.38302637960988
1 25113U 97084B   16122.84844673 +.00000328 +00000-0 +15334-3 0  9998,2 25113 045.0192 019.5498 0007611 010.2724 349.8279 14.38303439136079
1 25113U 97084B   16123.82087334  .00000324  00000-0  15205-3 0  9993,2 25113  45.0191  14.9383 0007499  15.7347 344.3733 14.38304699961222
1 25113U 97084B   16125.07113557  .00000324  00000-0  15193-3 0  9995,2 25113  45.0191   9.0093 0007397  22.6956 337.4218 14.38305917961400
1 25113U 97084B   16126.11302407  .00000281  00000-0  13796-3 0  9994,2 25113  45.0191   4.0685 0007306  28.3494 331.7751 14.38300904961558
1 25113U 97084B   16127.50220804  .00000023  00000-0  53867-4 0  9996,2 25113  45.0189 357.4808 0007209  35.9887 324.1446 14.38301393961751
1 25113U 97084B   16127.71058547 +.00000055 +00000-0 +64425-4 0  9999,2 25113 045.0190 356.4925 0007175 037.3312 322.8034 14.38301570136774
1 25113U 97084B   16128.75247264  .00000073  00000-0  70339-4 0  9991,2 25113  45.0189 351.5517 0007097  43.2889 316.8516 14.38302135961933
1 25113U 97084B   16130.48895008  .00000058  00000-0  65345-4 0  9993,2 25113  45.0189 343.3171 0006996  53.1386 307.0104 14.38302985962183
1 25113U 97084B   16130.90570445 +.00000090 +00000-0 +75813-4 0  9992,2 25113 045.0188 341.3408 0006981 055.5612 304.5895 14.38303389137233
1 25113U 97084B   16131.94759011 +.00000093 +00000-0 +76680-4 0  9991,2 25113 045.0187 336.4000 0006933 061.6048 298.5499 14.38303893137381
1 25113U 97084B   16132.98947526  .00000086  00000-0  74432-4 0  9991,2 25113  45.0186 331.4592 0006889  67.7790 292.3789 14.38304349962547
1 25113U 97084B   16133.54514703 +.00000083 +00000-0 +73338-4 0  9992,2 25113 045.0185 328.8239 0006859 071.2000 288.9593 14.38304613137615
1 25113U 97084B   16134.93432604  .00000063  00000-0  66998-4 0  9997,2 25113  45.0185 322.2362 0006818  79.7951 280.3666 14.38305210962823
1 25113U 97084B   16135.97621121  .00000018  00000-0  52283-4 0  9998,2 25113  45.0185 317.2952 0006811  85.2234 274.9392 14.38305096962974
1 25113U 97084B   16137.50430735  .00000016  00000-0  51697-4 0  9994,2 25113  45.0185 310.0484 0006797  94.7965 265.3659 14.38305481963197
1 25113U 97084B   16137.57376629 +.00000007 +00000-0 +48865-4 0  9995,2 25113 045.0185 309.7190 0006797 095.2637 264.8987 14.38305428138191
1 25113U 97084B   16138.54619086  .00000009  00000-0  49265-4 0  9997,2 25113  45.0185 305.1077 0006799 101.0392 259.1221 14.38305653963342
1 25113U 97084B   16139.65753278 -.00000008  00000-0  43824-4 0  9997,2 25113  45.0185 299.8375 0006819 107.6123 252.5471 14.38305868963509
1 25113U 97084B   16141.46346271 -.00000025  00000-0  38212-4 0  9994,2 25113  45.0184 291.2735 0006883 117.3997 242.7552 14.38306314963768
1 25113U 97084B   16142.50534502 -.00000039  00000-0  33671-4 0  9995,2 25113  45.0183 286.3328 0006926 123.3181 236.8332 14.38306481963912
1 25113U 97084B   16143.82506229 -.00000035  00000-0  34989-4 0  9995,2 25113  45.0183 280.0746 0006986 130.9149 229.2305 14.38306673964102
1 25113U 97084B   16145.14477928 -.00000058  00000-0  27413-4 0  9994,2 25113  45.0181 273.8159 0007085 138.3342 221.8047 14.38306666964299
1 25113U 97084B   16146.46449588 -.00000079  00000-0  20575-4 0  9996,2 25113  45.0180 267.5573 0007171 145.7590 214.3722 14.38306755964488
1 25113U 97084B   16147.50637699 -.00000077  00000-0  21539-4 0  9993,2 25113  45.0181 262.6165 0007248 151.5190 208.6056 14.38306973964633
1 25113U 97084B   16148.54825765 -.00000040  00000-0  33476-4 0  9994,2 25113  45.0180 257.6756 0007335 157.0908 203.0269 14.38307427964783
1 25113U 97084B   16149.72905472 -.00000014  00000-0  41945-4 0  9990,2 25113  45.0179 252.0759 0007456 163.5028 196.6064 14.38308517964952
1 25113U 97084B   16151.11822670  .00000015  00000-0  51400-4 0  9991,2 25113  45.0179 245.4883 0007551 171.0660 189.0324 14.38309650965155
1 25113U 97084B   16152.22956271  .00000006  00000-0  48432-4 0  9990,2 25113  45.0176 240.2183 0007591 176.8659 183.2238 14.38311557965310
1 25113U 97084B   16152.64631351 +.00000003 +00000-0 +47354-4 0  9994,2 25113 045.0177 238.2422 0007620 179.0725 181.0139 14.38311898140360
1 25113U 97084B   16153.47981443  .00000002  00000-0  47176-4 0  9997,2 25113  45.0176 234.2895 0007692 183.4343 176.6454 14.38313193965492
1 25113U 97084B   16153.61873128 +.00000004 +00000-0 +47714-4 0  9993,2 25113 045.0176 233.6308 0007697 184.1233 175.9553 14.38313270140500
1 25113U 97084B   16154.66060683  .00000019  00000-0  52739-4 0  9992,2 25113  45.0174 228.6900 0007775 189.4656 170.6047 14.38314383965662
1 25113U 97084B   16156.18868935  .00000046  00000-0  61221-4 0  9993,2 25113  45.0174 221.4427 0007924 197.1615 162.8966 14.38316243965888
1 25113U 97084B   16157.36947945  .00000109  00000-0  81883-4 0  9999,2 25113  45.0172 215.8430 0008027 203.0414 157.0075 14.38317125966053
1 25113U 97084B   16158.48081049  .00000142  00000-0  92517-4 0  9990,2 25113  45.0171 210.5731 0008067 208.6074 151.4333 14.38318265966214
1 25113U 97084B   16158.55026866 +.00000141 +00000-0 +92159-4 0  9995,2 25113 045.0171 210.2436 0008071 208.9160 151.1242 14.38318307141215
1 25113U 97084B   16159.45322435 +.00000117 +00000-0 +84599-4 0  9998,2 25113 045.0172 205.9616 0008168 213.4719 146.5614 14.38318919141349
1 25113U 97084B   16160.49509595  .00000104  00000-0  80196-4 0  9993,2 25113  45.0169 201.0207 0008196 218.3000 141.7267 14.38320032966509
1 25113U 97084B   16160.91184445 +.00000093 +00000-0 +76697-4 0  9991,2 25113 045.0169 199.0442 0008224 220.3807 139.6431 14.38320279141558
1 25113U 97084B   16162.16208934  .00000083  00000-0  73410-4 0  9999,2 25113  45.0167 193.1150 0008329 226.2742 133.7417 14.38321441966743
1 25113U 97084B   16163.48179168  .00000087  00000-0  74577-4 0  9990,2 25113  45.0165 186.8564 0008385 232.5289 127.4797 14.38322320966936
1 25113U 97084B   16163.62070753 +.00000078 +00000-0 +71738-4 0  9992,2 25113 045.0166 186.1976 0008412 233.0449 126.9630 14.38322451141943
1 25113U 97084B   16165.07932512  .00000078  00000-0  71800-4 0  9993,2 25113  45.0165 179.2800 0008458 240.0237 119.9773 14.38323254967166
1 25113U 97084B   16166.39902602  .00000106  00000-0  80694-4 0  9999,2 25113  45.0164 173.0212 0008475 246.2927 113.7032 14.38324348967353
1 25113U 97084B   16167.02414723 +.00000116 +00000-0 +84169-4 0  9994,2 25113 045.0165 170.0565 0008498 249.2945 110.6993 14.38324766142430
1 25113U 97084B   16168.06601510  .00000126  00000-0  87198-4 0  9997,2 25113  45.0167 165.1158 0008517 253.9528 106.0383 14.38326001967594
1 25113U 97084B   16169.38571392  .00000097  00000-0  77829-4 0  9994,2 25113  45.0169 158.8572 0008548 259.9029 100.0856 14.38326898967785
1 25113U 97084B   16169.94137618 +.00000080 +00000-0 +72314-4 0  9991,2 25113 045.0170 156.2219 0008584 262.2899 097.6974 14.38327346142853
1 25113U 97084B   16170.77486970  .00000081  00000-0  72794-4 0  9995,2 25113  45.0171 152.2691 0008566 266.0736  93.9133 14.38327943967984
1 25113U 97084B   16170.84432749 +.00000081 +00000-0 +72874-4 0  9997,2 25113 045.0171 151.9397 0008565 266.3484 093.6385 14.38327969142984
1 25113U 97084B   16171.95565151  .00000070  00000-0  69030-4 0  9992,2 25113  45.0170 146.6695 0008559 271.2654  88.7214 14.38328830968151
1 25113U 97084B   16173.06697480  .00000063  00000-0  66819-4 0  9991,2 25113  45.0171 141.3988 0008525 276.4421  83.5457 14.38329945968319
1 25113U 97084B   16174.10884004 -.00000348  00000-0 -66951-4 0  9992,2 25113  45.0173 136.4582 0008490 281.2526  78.7368 14.38330674968461
1 25113U 97084B   16175.22016271  .00000019  00000-0  52707-4 0  9996,2 25113  45.0187 131.1858 0008383 286.9711  73.0219 14.38331879968622
1 25113U 97084B   16175.91473910 -.00000002 +00000-0 +45594-4 0  9998,2 25113 045.0174 127.8935 0008395 289.4941 070.5001 14.38332153143714
1 25113U 97084B   16176.74823077  .00000004  00000-0  47674-4 0  9995,2 25113  45.0176 123.9408 0008357 293.3314  66.6655 14.38332516968847
1 25113U 97084B   16176.88714590 +.00000005 +00000-0 +48018-4 0  9993,2 25113 045.0181 123.2833 0008529 294.9483 065.0479 14.38333315143854
1 25113U 97084B   16177.85955157  .00000010  00000-0  49542-4 0  9996,2 25113  45.0177 118.6705 0008285 298.4785  61.5229 14.38334231969003
1 25113U 97084B   16178.90141493  .00000020  00000-0  52925-4 0  9993,2 25113  45.0179 113.7295 0008213 303.3295  56.6767 14.38334710969158
1 25113U 97084B   16180.15165009  .00000011  00000-0  49812-4 0  9993,2 25113  45.0181 107.8006 0008150 308.8986  51.1135 14.38335430969331
1 25113U 97084B   16180.84622496 -.00000001 +00000-0 +45942-4 0  9997,2 25113 045.0182 104.5065 0008086 312.1874 047.8288 14.38335895144424
1 25113U 97084B   16181.74917225 -.00000009  00000-0  43332-4 0  9993,2 25113  45.0183 100.2244 0008038 316.3723  43.6489 14.38336269969566
1 25113U 97084B   16181.88808680 -.00000012 +00000-0 +42371-4 0  9998,2 25113 045.0182 099.5655 0008007 316.8928 043.1293 14.38336554144570
1 25113U 97084B   16182.86049089 -.00000015  00000-0  41539-4 0  9995,2 25113  45.0184  94.9543 0007957 322.0701  37.9587 14.38337936969722
1 25113U 97084B   16184.11072379  .00000030  00000-0  56227-4 0  9999,2 25113  45.0185  89.0255 0007875 327.8339  32.2028 14.38339079969905
1 25113U 97084B   16185.15258358  .00000044  00000-0  60597-4 0  9997,2 25113  45.0185  84.0840 0007695 332.8344  27.2101 14.38340219970054
1 25113U 97084B   16185.84715663 +.00000034 +00000-0 +57457-4 0  9990,2 25113 045.0187 080.7898 0007619 336.1524 023.8971 14.38340510145140
1 25113U 97084B   16186.81955833  .00000014  00000-0  50875-4 0  9998,2 25113  45.0187  76.1782 0007539 340.8825  19.1740 14.38341215970295
1 25113U 97084B   16186.88901555 +.00000014 +00000-0 +50923-4 0  9991,2 25113 045.0187 075.8489 0007547 341.1506 018.9063 14.38341278145292
1 25113U 97084B   16188.48653234  .00000028  00000-0  55561-4 0  9995,2 25113  45.0188  68.2729 0007410 348.9694  11.0991 14.38341967970530
1 25113U 97084B   16188.76436130 +.00000031 +00000-0 +56545-4 0  9997,2 25113 045.0188 066.9553 0007374 350.3685 009.7021 14.38342077145564
1 25113U 97084B   16189.73676248  .00000072  00000-0  69840-4 0  9998,2 25113  45.0189  62.3439 0007285 355.2694   4.8085 14.38342597970719
1 25113U 97084B   16189.87567701 +.00000057 +00000-0 +64860-4 0  9996,2 25113 045.0188 061.6851 0007258 356.0198 004.0592 14.38342551145726
1 25113U 97084B   16190.77862076  .00000053  00000-0  63621-4 0  9990,2 25113  45.0188  57.4030 0007157   0.7009 359.3848 14.38342856970869
1 25113U 97084B   16190.91753511 +.00000063 +00000-0 +66781-4 0  9990,2 25113 045.0188 056.7443 0007143 001.4353 358.6515 14.38342974145873
1 25113U 97084B   16191.82047855  .00000053  00000-0  63757-4 0  9997,2 25113  45.0188  52.4620 0007034   6.1739 353.9195 14.38343279971016
1 25113U 97084B   16191.88993577 +.00000046 +00000-0 +61418-4 0  9998,2 25113 045.0188 052.1326 0007022 006.5328 353.5611 14.38343244146016
1 25113U 97084B   16193.00125083 -.00000008  00000-0  43792-4 0  9997,2 25113  45.0187  46.8623 0006938  12.3042 347.7975 14.38343288971188
1 25113U 97084B   16194.52930909 -.00000051  00000-0  29693-4 0  9998,2 25113  45.0188  39.6155 0006799  20.4375 339.6745 14.38343266971409
1 25113U 97084B   16194.66822354 -.00000067 +00000-0 +24780-4 0  9996,2 25113 045.0188 038.9566 0006783 021.0733 339.0394 14.38343165146412
1 25113U 97084B   16195.64062419 -.00000089  00000-0  17532-4 0  9994,2 25113  45.0188  34.3449 0006664  26.4763 333.6424 14.38343053971564
1 25113U 97084B   16196.96031069 -.00000121  00000-0  71920-5 0  9996,2 25113  45.0188  28.0863 0006536  33.8968 326.2297 14.38342883971758
1 25113U 97084B   16198.00216800 -.00000124  00000-0  59978-5 0  9993,2 25113  45.0188  23.1453 0006447  39.7418 320.3901 14.38342985971902
1 25113U 97084B   16199.46076808 -.00000123  00000-0  65260-5 0  9996,2 25113  45.0190  16.2279 0006327  47.9741 312.1646 14.38343121972113
1 25113U 97084B   16199.87751104 -.00000129 +00000-0 +44057-5 0  9997,2 25113 045.0190 014.2516 0006298 050.4135 309.7269 14.38343071147164
1 25113U 97084B   16200.78045399 -.00000136  00000-0  22123-5 0  9990,2 25113  45.0190   9.9695 0006230  55.6131 304.5306 14.38343003972304
1 25113U 97084B   16200.84991116 -.00000138 +00000-0 +16483-5 0  9998,2 25113 045.0190 009.6401 0006226 055.9959 304.1481 14.38342985147304
1 25113U 97084B   16202.03068270 -.00000169  00000-0 -85725-5 0  9997,2 25113  45.0203   4.0385 0006292  62.4049 297.7438 14.38342838972486
1 25113U 97084B   16203.41982571 -.00000194  00000-0 -16716-4 0  9990,2 25113  45.0204 357.4505 0006229  70.2150 289.9369 14.38342602972683
1 25113U 97084B   16204.46168287 -.00000194  00000-0 -16489-4 0  9993,2 25113  45.0204 352.5096 0006183  76.2197 283.9339 14.38342504972839
1 25113U 97084B   16204.73951143 -.00000195 +00000-0 -16900-4 0  9993,2 25113 045.0204 351.1920 0006173 077.8355 282.3185 14.38342462147864
1 25113U 97084B   16205.78136855 -.00000193  00000-0 -16215-4 0  9991,2 25113  45.0204 346.2512 0006138  83.8943 276.2605 14.38342347973023
1 25113U 97084B   16206.82322570 -.00000200  00000-0 -18545-4 0  9995,2 25113  45.0204 341.3102 0006110  90.0149 270.1399 14.38342159973172
1 25113U 97084B   16208.42074019 -.00000236  00000-0 -30393-4 0  9999,2 25113  45.0204 333.7340 0006081  99.3681 260.7855 14.38341666973401
1 25113U 97084B   16208.76802585 -.00000230 +00000-0 -28448-4 0  9995,2 25113 045.0203 332.0871 0006080 101.4860 258.6672 14.38341659148447
1 25113U 97084B   16209.74042563 -.00000203  00000-0 -19679-4 0  9992,2 25113  45.0203 327.4755 0006071 107.1950 252.9564 14.38341699973592
1 25113U 97084B   16209.80988273 -.00000197 +00000-0 -17506-4 0  9995,2 25113 045.0203 327.1461 0006076 107.5807 252.5706 14.38341723148599
1 25113U 97084B   16210.50445401 -.00000190 +00000-0 -15321-4 0  9991,2 25113 045.0203 323.8521 0006073 111.6233 248.5263 14.38341693148695
1 25113U 97084B   16211.33793819 -.00000186  00000-0 -14122-4 0  9995,2 25113  45.0204 319.8995 0006067 116.3612 243.7860 14.38343216973826
1 25113U 97084B   16211.75468013 -.00000184 +00000-0 -13526-4 0  9991,2 25113 045.0202 317.9231 0006089 118.9890 241.1569 14.38344166148878
1 25113U 97084B   16212.44924983 -.00000182  00000-0 -12783-4 0  9993,2 25113  45.0201 314.6290 0006079 123.0832 237.0601 14.38344473973988
1 25113U 97084B   16212.72707765 -.00000181 +00000-0 -12297-4 0  9990,2 25113 045.0200 313.3115 0006091 124.6433 235.4991 14.38344618149011
1 25113U 97084B   16213.69947441 -.00000176  00000-0 -10812-4 0  9999,2 25113  45.0202 308.7000 0006123 130.0891 230.0495 14.38345660974169
1 25113U 97084B   16215.08861124 -.00000176  00000-0 -10697-4 0  9998,2 25113  45.0200 302.1116 0006167 138.2270 221.9050 14.38346736974365
1 25113U 97084B   16216.54720311 -.00000173  00000-0 -98824-5 0  9998,2 25113  45.0199 295.1944 0006217 146.2610 213.8635 14.38348660974575
1 25113U 97084B   16216.68611661 -.00000173 +00000-0 -99809-5 0  9994,2 25113 045.0199 294.5356 0006227 147.0296 213.0941 14.38348667149589
1 25113U 97084B   16217.65850997 -.00000174  00000-0 -10327-4 0  9997,2 25113  45.0197 289.9240 0006279 152.5891 207.5290 14.38349890974733
1 25113U 97084B   16219.32546848 -.00000147  00000-0 -14023-5 0  9998,2 25113  45.0196 282.0185 0006335 161.8123 198.2953 14.38351723974974
1 25113U 97084B   16219.60329474 -.00000147 +00000-0 -15458-5 0  9996,2 25113 045.0195 280.7008 0006357 163.2874 196.8185 14.38351833150008
1 25113U 97084B   16220.57568609 -.00000147  00000-0 -14859-5 0  9993,2 25113  45.0193 276.0891 0006413 168.5951 191.5044 14.38352785975155
1 25113U 97084B   16222.17318523 -.00000148  00000-0 -18024-5 0  9998,2 25113  45.0190 268.5125 0006518 177.1067 182.9820 14.38353654975385
1 25113U 97084B   16222.52046732 -.00000145 +00000-0 -65646-6 0  9997,2 25113 045.0191 266.8655 0006544 178.8384 181.2481 14.38353995150427
1 25113U 97084B   16223.56231322 -.00000148  00000-0 -18268-5 0  9993,2 25113  45.0190 261.9247 0006588 184.2049 175.8745 14.38355906975584
1 25113U 97084B   16224.53470211 -.00000147 +00000-0 -13232-5 0  9998,2 25113 045.0189 257.3129 0006656 189.3347 170.7378 14.38356840150717
1 25113U 97084B   16225.50709070 +.00000106 +00000-0 +80746-4 0  9990,2 25113 045.0170 252.7032 0006823 194.8661 165.1988 14.38357228150856
1 25113U 97084B   16226.89621622 +.00000095 +00000-0 +77297-4 0  9993,2 25113 045.0170 246.1148 0006921 201.6465 158.4092 14.38358076151055
1 25113U 97084B   16227.93805960 +.00000084 +00000-0 +73672-4 0  9999,2 25113 045.0170 241.1737 0006979 206.7745 153.2744 14.38358867151206
1 25113U 97084B   16228.84099013  .00000074  00000-0  70290-4 0  9996,2 25113  45.0169 236.8914 0006967 211.1348 148.9089 14.38359914976345
1 25113U 97084B   16228.91044633 +.00000076 +00000-0 +70991-4 0  9992,2 25113 045.0169 236.5620 0006971 211.4769 148.5663 14.38359935151343
1 25113U 97084B   16230.16065696  .00000079  00000-0  71948-4 0  9990,2 25113  45.0170 230.6325 0007068 217.4169 142.6188 14.38360869976531
1 25113U 97084B   16231.20249839  .00000283  00000-0  13826-3 0  9996,2 25113  45.0169 225.6913 0007121 222.1499 137.8802 14.38362194976683
1 25113U 97084B   16232.45270757  .00000255  00000-0  12922-3 0  9992,2 25113  45.0168 219.7619 0007151 227.9441 132.0800 14.38363152976862
1 25113U 97084B   16232.93889980 +.00000237 +00000-0 +12328-3 0  9999,2 25113 045.0168 217.4559 0007165 230.2067 129.8151 14.38363476151920
1 25113U 97084B   16234.18910803  .00000226  00000-0  11990-3 0  9999,2 25113  45.0169 211.5264 0007197 235.8645 124.1521 14.38364434977118
1 25113U 97084B   16235.36985948  .00000264  00000-0  13218-3 0  9999,2 25113  45.0169 205.9263 0007223 241.1836 118.8288 14.38365554977288
1 25113U 97084B   16235.92550703 +.00000270 +00000-0 +13404-3 0  9992,2 25113 045.0170 203.2909 0007237 243.7077 116.3028 14.38365998152358
1 25113U 97084B   16237.17571327  .00000292  00000-0  14137-3 0  9994,2 25113  45.0171 197.3614 0007251 249.2294 110.7778 14.38367192977547
1 25113U 97084B   16238.21755118  .00000274  00000-0  13539-3 0  9997,2 25113  45.0173 192.4202 0007243 253.8432 106.1620 14.38368051977690
1 25113U 97084B   16239.25938846  .00000280  00000-0  13750-3 0  9995,2 25113  45.0174 187.4791 0007231 258.4731 101.5306 14.38369072977849
1 25113U 97084B   16240.30122510  .00000312  00000-0  14776-3 0  9991,2 25113  45.0176 182.5380 0007220 263.1108  96.8919 14.38370241977992
1 25113U 97084B   16240.92632685 +.00000305 +00000-0 +14561-3 0  9992,2 25113 045.0176 179.5733 0007211 265.8575 094.1450 14.38370779153079
1 25113U 97084B   16241.89870673  .00000358  00000-0  16259-3 0  9994,2 25113  45.0176 174.9616 0007195 270.1183  89.8842 14.38372009978229
1 25113U 97084B   16243.14890828  .00000464  00000-0  19726-3 0  9998,2 25113  45.0176 169.0325 0007161 275.6444  84.3588 14.38373980978400
1 25113U 97084B   16244.19074268  .00000441  00000-0  18982-3 0  9994,2 25113  45.0176 164.0913 0007128 280.2196  79.7849 14.38374871978551
1 25113U 97084B   16244.81584292 +.00000424 +00000-0 +18414-3 0  9997,2 25113 045.0176 161.1266 0007108 282.9825 077.0230 14.38375401153635
1 25113U 97084B   16245.23257617  .00000455  00000-0  19429-3 0  9993,2 25113  45.0176 159.1502 0007088 284.8407  75.1657 14.38376021978703
1 25113U 97084B   16245.78822031 +.00000473 +00000-0 +20015-3 0  9994,2 25113 045.0177 156.5148 0007063 287.3088 072.6987 14.38376708153779
1 25113U 97084B   16246.20495321 +.00000559 +00000-0 +22788-3 0  9994,2 25113 045.0177 154.5384 0007045 289.1710 070.8376 14.38377628153832
1 25113U 97084B   16247.87188230  .00000527  00000-0  21749-3 0  9997,2 25113  45.0215 146.6274 0006864 297.1311  62.8743 14.38379077979081
1 25113U 97084B   16247.87188456 +.00000458 +00000-0 +19510-3 0  9993,2 25113 045.0178 146.6323 0006945 296.3977 063.6158 14.38378723154073
1 25113U 97084B   16249.12208283  .00000338  00000-0  15618-3 0  9996,2 25113  45.0177 140.7029 0006874 301.7486  58.2692 14.38378752979268
1 25113U 97084B   16250.16391390  .00000242  00000-0  12513-3 0  9999,2 25113  45.0178 135.7619 0006789 306.5188  53.5035 14.38379418979411
1 25113U 97084B   16251.48356612  .00000154  00000-0  96548-4 0  9996,2 25113  45.0178 129.5031 0006682 312.5354  47.4930 14.38379991979607
1 25113U 97084B   16251.76138772 +.00000121 +00000-0 +85838-4 0  9996,2 25113 045.0177 128.1854 0006663 313.7084 046.3212 14.38379959154639
1 25113U 97084B   16252.66430739  .00000126  00000-0  87220-4 0  9996,2 25113  45.0177 123.9031 0006602 317.8320  42.2020 14.38380467979778
1 25113U 97084B   16254.05341442  .00000100  00000-0  79000-4 0  9992,2 25113  45.0176 117.3148 0006478 324.2375  35.8039 14.38380961979975
1 25113U 97084B   16255.09524456  .00000038  00000-0  58623-4 0  9993,2 25113  45.0175 112.3736 0006369 329.1382  30.9092 14.38381029980123
1 25113U 97084B   16256.55380653 -.00000001  00000-0  45931-4 0  9993,2 25113  45.0175 105.4556 0006253 335.9832  24.0724 14.38381228980333
1 25113U 97084B   16256.90108323 -.00000011 +00000-0 +42662-4 0  9993,2 25113 045.0175 103.8086 0006210 337.6852 022.3726 14.38381245155377
1 25113U 97084B   16257.59563645 -.00000017  00000-0  40816-4 0  9996,2 25113  45.0175 100.5143 0006151 340.9425  19.1193 14.38381341980489
1 25113U 97084B   16257.94291312 -.00000016 +00000-0 +41248-4 0  9993,2 25113 045.0175 098.8673 0006120 342.6580 017.4059 14.38381393155521
1 25113U 97084B   16258.63746636 -.00000035  00000-0  35066-4 0  9996,2 25113  45.0176  95.5730 0006023 345.9225  14.1455 14.38381385980637
1 25113U 97084B   16258.91528767 -.00000032 +00000-0 +35943-4 0  9991,2 25113 045.0176 094.2553 0005999 347.3236 012.7461 14.38381428155661
1 25113U 97084B   16259.95711710 -.00000033  00000-0  35669-4 0  9994,2 25113  45.0176  89.3141 0005874 352.3847   7.6912 14.38381675980827
1 25113U 97084B   16261.55458828 -.00000035  00000-0  35050-4 0  9997,2 25113  45.0178  81.7373 0005703   0.2580 359.8271 14.38382179981052
1 25113U 97084B   16261.90186444 -.00000024 +00000-0 +38528-4 0  9999,2 25113 045.0178 080.0903 0005659 002.0283 358.0588 14.38382384156091
1 25113U 97084B   16262.87423797 -.00000022  00000-0  39303-4 0  9991,2 25113  45.0179  75.4784 0005570   6.9640 353.1285 14.38382658981246
1 25113U 97084B   16263.91606653  .00000001  00000-0  46727-4 0  9995,2 25113  45.0179  70.5370 0005449  12.3052 347.7929 14.38383018981397
1 25113U 97084B   16265.51353639  .00000010  00000-0  49554-4 0  9997,2 25113  45.0180  62.9601 0005307  20.6077 339.4984 14.38383488981629
1 25113U 97084B   16265.86081243 -.00000001 +00000-0 +46031-4 0  9992,2 25113 045.0181 061.3131 0005285 022.5052 337.6028 14.38383523156667
1 25113U 97084B   16266.76372975  .00000005  00000-0  48003-4 0  9991,2 25113  45.0182  57.0305 0005195  27.3197 332.7924 14.38383844981805
1 25113U 97084B   16266.83318492 -.00000001 +00000-0 +46160-4 0  9992,2 25113 045.0182 056.7011 0005189 027.6957 332.4167 14.38383842156803
1 25113U 97084B   16267.80555730 -.00000015  00000-0  41484-4 0  9997,2 25113  45.0184  52.0892 0005093  32.9334 327.1831 14.38384037981951
1 25113U 97084B   16268.84738480 -.00000017  00000-0  40726-4 0  9997,2 25113  45.0186  47.1480 0005010  38.6508 321.4699 14.38384241982100
1 25113U 97084B   16270.16703267 -.00000037  00000-0  34383-4 0  9994,2 25113  45.0189  40.8891 0004881  45.9391 314.1859 14.38384340982292
1 25113U 97084B   16272.45907286 -.00000154  00000-0 -37532-5 0  9996,2 25113  45.0189  30.0188 0004648  60.1564 299.9746 14.38365830982629
