1 25159U 98007C   14364.91223650  .00000699  00000-0  32850-3 0  9997,2 25159 107.9658 255.1033 0044790 032.6758 039.9544 14.28330003877981
1 25159U 98007C   15001.25105437  .00000746  00000-0  34686-3 0  9997,2 25159 107.9657 257.8260 0044897 030.3792 084.1219 14.28332488878174
1 25159U 98007C   15002.70473940  .00000708  00000-0  33198-3 0  9990,2 25159 107.9655 260.7824 0044981 027.8279 359.0043 14.28335058878384
1 25159U 98007C   15003.82737856  .00000785  00000-0  36237-3 0  9995,2 25159 107.9654 263.0655 0045060 025.8947 011.6168 14.28336788878548
1 25159U 98007C   15005.31084257  .00000656  00000-0  31119-3 0  9992,2 25159 107.9652 266.0825 0045146 023.3208 079.6185 14.28342340878753
1 25159U 98007C   15007.67800968  .00000933  00000-0  42064-3 0  9997,2 25159 107.9650 270.8966 0045289 019.2316 011.6752 14.28348052879092
1 25159U 98007C   15008.80049056  .00001034  00000-0  46044-3 0  9991,2 25159 107.9651 273.1793 0045341 017.2935 023.5311 14.28352665879257
1 25159U 98007C   15010.42860019  .00000884  00000-0  40126-3 0  9999,2 25159 107.9652 276.4903 0045480 014.5369 115.3268 14.28357302879481
1 25159U 98007C   15011.67467278  .00001029  00000-0  45825-3 0  9990,2 25159 107.9654 279.0242 0045578 012.4360 042.6859 14.28361049879665
1 25159U 98007C   15012.79064956  .00000931  00000-0  41950-3 0  9996,2 25159 107.9657 281.2936 0045627 010.4918 021.1645 14.28364817879824
1 25159U 98007C   15014.27855801  .00000992  00000-0  44343-3 0  9994,2 25159 107.9658 284.3194 0045732 007.9993 112.0783 14.28369703880033
1 25159U 98007C   15015.53137225  .00001025  00000-0  45670-3 0  9999,2 25159 107.9659 286.8673 0045798 005.8362 074.2104 14.28373193880216
1 25159U 98007C   15016.57907154  .00000849  00000-0  38705-3 0  9994,2 25159 107.9659 288.9980 0045859 004.0334 061.6199 14.28375968880360
1 25159U 98007C   15017.69756567  .00000618  00000-0  29609-3 0  9995,2 25159 107.9658 291.2728 0045933 002.0989 053.0878 14.28377973880528
1 25159U 98007C   15019.45609255  .00000834  00000-0  38122-3 0  9992,2 25159 107.9657 294.8494 0046037 359.1652 095.6138 14.28381010880770
1 25159U 98007C   15020.84697361  .00000556  00000-0  27147-3 0  9998,2 25159 107.9656 297.6782 0046133 356.8369 047.6892 14.28383673880979
1 25159U 98007C   15022.53562461  .00000672  00000-0  31723-3 0  9992,2 25159 107.9655 301.1126 0046220 353.9783 090.9814 14.28387852881212
1 25159U 98007C   15023.58303634  .00000607  00000-0  29141-3 0  9992,2 25159 107.9655 303.2427 0046291 352.2580 076.8859 14.28389899881365
1 25159U 98007C   15024.76423034  .00000603  00000-0  28996-3 0  9993,2 25159 107.9657 305.6450 0046353 350.2397 030.8030 14.28390988881533
1 25159U 98007C   15026.45967243  .00000659  00000-0  31205-3 0  9994,2 25159 107.9660 309.0929 0046438 347.4310 109.0010 14.28394003881778
1 25159U 98007C   15027.57601947  .00000747  00000-0  34675-3 0  9996,2 25159 107.9662 311.3631 0046479 345.5978 089.4069 14.28397370881933
1 25159U 98007C   15028.75692958  .00000986  00000-0  44099-3 0  9995,2 25159 107.9665 313.7648 0046533 343.5882 041.8921 14.28399066882106
1 25159U 98007C   15030.78576236  .00000979  00000-0  43821-3 0  9995,2 25159 107.9669 317.8910 0046613 340.0925 034.6354 14.28406300882397
1 25159U 98007C   15032.55154034  .00001065  00000-0  47197-3 0  9997,2 25159 107.9670 321.4825 0046660 337.1632 114.6132 14.28413411882641
1 25159U 98007C   15034.09772219  .00001075  00000-0  47585-3 0  9991,2 25159 107.9670 324.6275 0046679 334.6415 145.3766 14.28421257882861
1 25159U 98007C   15035.35579773  .00001085  00000-0  47946-3 0  9993,2 25159 107.9669 327.1865 0046708 332.5361 134.7239 14.28426109883041
1 25159U 98007C   15036.54385295  .00001615  00000-0  68831-3 0  9994,2 25159 107.9667 329.6010 0046680 330.4115 124.1728 14.28428448883214
1 25159U 98007C   15037.59162024  .00001259  00000-0  54818-3 0  9997,2 25159 107.9668 331.7343 0046786 328.7327 112.0170 14.28435209883366
1 25159U 98007C   15038.77824240  .00001189  00000-0  52061-3 0  9993,2 25159 107.9668 334.1479 0046867 326.6600 094.0785 14.28440522883538
1 25159U 98007C   15039.81920127  .00001421  00000-0  61185-3 0  9996,2 25159 107.9661 336.2633 0046821 324.8833 047.0692 14.28442872883685
1 25159U 98007C   15041.85497635  .00001420  00000-0  61138-3 0  9993,2 25159 107.9660 340.4045 0046813 321.5899 075.6265 14.28451372883975
1 25159U 98007C   15043.13133065  .00001400  00000-0  60345-3 0  9997,2 25159 107.9661 343.0006 0046794 319.5215 159.0511 14.28455445884156
1 25159U 98007C   15045.57705362  .00000751  00000-0  34753-3 0  9994,2 25159 107.9682 347.9770 0046911 315.4981 135.8514 14.28463617884500
1 25159U 98007C   15046.76185075  .00000866  00000-0  39281-3 0  9997,2 25159 107.9685 350.3871 0046976 313.4664 108.6187 14.28465750884672
1 25159U 98007C   15047.87757154  .00000940  00000-0  42227-3 0  9990,2 25159 107.9686 352.6568 0046981 311.6171 086.1078 14.28468552884830
1 25159U 98007C   15049.43201249  .00001090  00000-0  48123-3 0  9991,2 25159 107.9687 355.8191 0046943 309.0782 159.6591 14.28474718885057
1 25159U 98007C   15050.82508913  .00000902  00000-0  40714-3 0  9993,2 25159 107.9687 358.6532 0046967 306.7728 123.4681 14.28476474885259
1 25159U 98007C   15052.58014576  .00000903  00000-0  40733-3 0  9997,2 25159 107.9686 002.2237 0046938 303.8748 148.7453 14.28481951885501
1 25159U 98007C   15053.69532774  .00000923  00000-0  41533-3 0  9996,2 25159 107.9687 004.4924 0046946 302.0149 123.5402 14.28484800885662
1 25159U 98007C   15054.74483635  .00001069  00000-0  47267-3 0  9996,2 25159 107.9687 006.6274 0046915 300.2770 120.6095 14.28487024885814
1 25159U 98007C   15056.30705229  .00000838  00000-0  38198-3 0  9992,2 25159 107.9691 009.8050 0046888 297.6463 234.3272 14.28492257886032
1 25159U 98007C   15057.55323362  .00000878  00000-0  39734-3 0  9995,2 25159 107.9695 012.3403 0046964 295.5323 162.8667 14.28494195886210
1 25159U 98007C   15058.86839380  .00000937  00000-0  42061-3 0  9995,2 25159 107.9696 015.0123 0046990 293.0899 086.3509 14.28496660886405
1 25159U 98007C   15060.42655315  .00001226  00000-0  53430-3 0  9998,2 25159 107.9698 018.1824 0046982 290.4810 179.2524 14.28502310886627
1 25159U 98007C   15061.54527896  .00001427  00000-0  61341-3 0  9997,2 25159 107.9700 020.4587 0046980 288.6036 172.3699 14.28506522886783
1 25159U 98007C   15063.51307235  .00001404  00000-0  60445-3 0  9998,2 25159 107.9704 024.4624 0046954 285.3310 211.8673 14.28511788887066
1 25159U 98007C   15064.82297278  .00001184  00000-0  51772-3 0  9996,2 25159 107.9707 027.1276 0046931 283.1547 108.1299 14.28514349887254
1 25159U 98007C   15065.87237067  .00001139  00000-0  50021-3 0  9998,2 25159 107.9708 029.2629 0046928 281.3790 104.7861 14.28517280887407
1 25159U 98007C   15067.49797751  .00001203  00000-0  52502-3 0  9997,2 25159 107.9712 032.5706 0046908 278.6675 184.6509 14.28522501887637
1 25159U 98007C   15068.88290602  .00001260  00000-0  54765-3 0  9990,2 25159 107.9713 035.3886 0046903 276.3569 106.8207 14.28526749887831
1 25159U 98007C   15070.44114072  .00001069  00000-0  47247-3 0  9995,2 25159 107.9714 038.5594 0046873 273.7559 200.2598 14.28529912888051
1 25159U 98007C   15071.82555689  .00001064  00000-0  47055-3 0  9993,2 25159 107.9716 041.3765 0046838 271.4390 119.8383 14.28533514888256
1 25159U 98007C   15072.87519313  .00001044  00000-0  46255-3 0  9992,2 25159 107.9717 043.5124 0046826 269.6732 117.7777 14.28536008888408
1 25159U 98007C   15073.99836306  .00000924  00000-0  41521-3 0  9997,2 25159 107.9719 045.7980 0046807 267.7921 133.8752 14.28537840888566
1 25159U 98007C   15075.55063314  .00000831  00000-0  37891-3 0  9994,2 25159 107.9720 048.9568 0046754 265.1964 196.7098 14.28540799888787
1 25159U 98007C   15076.86724912  .00000984  00000-0  43894-3 0  9996,2 25159 107.9722 051.6362 0046733 262.9974 127.6663 14.28544782888973
1 25159U 98007C   15077.98975691  .00001303  00000-0  56408-3 0  9993,2 25159 107.9724 053.9205 0046691 261.0893 140.4415 14.28549998889130
1 25159U 98007C   15079.04419069  .00001176  00000-0  51415-3 0  9995,2 25159 107.9726 056.0664 0046683 259.3244 163.1048 14.28552209889285
1 25159U 98007C   15080.52304763  .00000859  00000-0  38972-3 0  9994,2 25159 107.9728 059.0760 0046617 256.8408 208.4747 14.28553992889490
1 25159U 98007C   15081.84442035  .00000830  00000-0  37820-3 0  9995,2 25159 107.9730 061.7652 0046581 254.6108 163.9774 14.28557163889686
1 25159U 98007C   15082.88932014  .00000852  00000-0  38699-3 0  9990,2 25159 107.9732 063.8918 0046553 252.8568 137.6472 14.28559811889837
1 25159U 98007C   15083.93686863  .00000838  00000-0  38154-3 0  9995,2 25159 107.9732 066.0237 0046528 251.1078 124.9375 14.28562046889987
1 25159U 98007C   15085.13549388  .00001026  00000-0  45538-3 0  9993,2 25159 107.9733 068.4631 0046512 249.1010 169.1925 14.28565417890156
1 25159U 98007C   15086.88542352  .00001151  00000-0  50423-3 0  9998,2 25159 107.9733 072.0246 0046464 246.1353 168.7442 14.28570199890402
1 25159U 98007C   15087.92907855  .00001203  00000-0  52466-3 0  9994,2 25159 107.9733 074.1488 0046447 244.4159 136.0261 14.28573121890550
1 25159U 98007C   15089.55666691  .00001302  00000-0  56377-3 0  9990,2 25159 107.9732 077.4613 0046387 241.5825 226.5216 14.28578152890785
1 25159U 98007C   15090.87851516  .00001229  00000-0  53482-3 0  9991,2 25159 107.9731 080.1516 0046343 239.3590 184.5731 14.28581510890971
1 25159U 98007C   15091.92734586  .00001212  00000-0  52804-3 0  9994,2 25159 107.9731 082.2864 0046300 237.5833 178.5627 14.28584344891126
1 25159U 98007C   15092.97045747  .00001215  00000-0  52942-3 0  9990,2 25159 107.9732 084.4095 0046273 235.8169 143.1540 14.28587446891273
1 25159U 98007C   15094.52850973  .00001045  00000-0  46246-3 0  9999,2 25159 107.9733 087.5806 0046225 233.1468 236.0695 14.28590919891494
1 25159U 98007C   15095.85004100  .00000958  00000-0  42815-3 0  9999,2 25159 107.9733 090.2708 0046201 230.9305 192.5483 14.28593956891681
1 25159U 98007C   15096.96271234  .00000903  00000-0  40685-3 0  9999,2 25159 107.9734 092.5354 0046169 229.0289 154.9310 14.28596421891846
1 25159U 98007C   15098.52038744  .00000771  00000-0  35490-3 0  9991,2 25159 107.9735 095.7059 0046104 226.4130 245.9029 14.28599340892065
1 25159U 98007C   15099.91114529  .00000706  00000-0  32937-3 0  9992,2 25159 107.9735 098.5367 0046066 224.0397 198.4878 14.28601950892261
1 25159U 98007C   15100.96151089  .00000727  00000-0  33743-3 0  9991,2 25159 107.9736 100.6748 0046032 222.2553 200.4588 14.28604326892416
1 25159U 98007C   15102.00176084  .00000755  00000-0  34846-3 0  9996,2 25159 107.9736 102.7922 0046004 220.4417 150.4595 14.28606681892565
1 25159U 98007C   15103.49955036  .00000708  00000-0  32993-3 0  9991,2 25159 107.9736 105.8411 0045946 217.9225 293.5050 14.28609499892772
1 25159U 98007C   15104.54224404  .00000721  00000-0  33520-3 0  9998,2 25159 107.9736 107.9636 0045906 216.1511 256.0459 14.28611704892925
1 25159U 98007C   15105.86343267  .00000914  00000-0  41083-3 0  9990,2 25159 107.9735 110.6529 0045871 213.8647 210.9362 14.28615774893116
1 25159U 98007C   15107.49142831  .00000995  00000-0  44279-3 0  9994,2 25159 107.9736 113.9670 0045838 211.0985 303.7105 14.28620146893348
1 25159U 98007C   15108.54079618  .00001016  00000-0  45102-3 0  9994,2 25159 107.9735 116.1031 0045802 209.2992 300.6330 14.28622821893495
1 25159U 98007C   15109.78189905  .00001022  00000-0  45324-3 0  9995,2 25159 107.9735 118.6296 0045750 207.1871 203.6499 14.28625971893677
1 25159U 98007C   15110.97325940  .00001238  00000-0  53787-3 0  9990,2 25159 107.9734 121.0547 0045725 205.1565 210.8593 14.28630335893847
1 25159U 98007C   15112.01688712  .00001364  00000-0  58741-3 0  9991,2 25159 107.9734 123.1790 0045681 203.3789 178.2890 14.28634163893995
1 25159U 98007C   15113.84653419  .00001203  00000-0  52431-3 0  9991,2 25159 107.9733 126.9034 0045649 200.2549 228.2830 14.28638342894253
1 25159U 98007C   15115.53727045  .00001079  00000-0  47536-3 0  9997,2 25159 107.9732 130.3450 0045615 197.3665 283.8833 14.28642535894496
1 25159U 98007C   15116.85727346  .00000911  00000-0  40955-3 0  9999,2 25159 107.9729 133.0318 0045595 195.1263 232.7729 14.28645213894686
1 25159U 98007C   15118.03893980  .00000769  00000-0  35392-3 0  9999,2 25159 107.9728 135.4372 0045464 193.1205 190.1965 14.28647443894855
1 25159U 98007C   15119.09321568  .00000681  00000-0  31910-3 0  9999,2 25159 107.9726 137.5831 0045429 191.3175 212.4608 14.28649389895004
1 25159U 98007C   15120.14445167  .00000605  00000-0  28947-3 0  9991,2 25159 107.9726 139.7231 0045372 189.4923 219.1253 14.28651189895155
1 25159U 98007C   15121.49707280  .00000537  00000-0  26273-3 0  9991,2 25159 107.9725 142.4765 0045318 187.1348 335.8765 14.28653404895340
1 25159U 98007C   15122.54536036  .00000477  00000-0  23889-3 0  9990,2 25159 107.9724 144.6105 0045271 185.3599 327.3439 14.28654832895493
1 25159U 98007C   15123.86009462  .00000474  00000-0  23784-3 0  9995,2 25159 107.9722 147.2865 0045269 183.1117 249.2120 14.28657067895685
1 25159U 98007C   15125.04126455  .00000485  00000-0  24231-3 0  9999,2 25159 107.9722 149.6910 0045208 181.0875 204.1505 14.28658980895854
1 25159U 98007C   15126.53829019  .00000545  00000-0  26571-3 0  9996,2 25159 107.9721 152.7384 0045106 178.5006 343.6147 14.28661528896064
1 25159U 98007C   15128.05199390  .00000657  00000-0  30958-3 0  9995,2 25159 107.9720 155.8195 0045074 175.9362 208.8255 14.28664773896288
1 25159U 98007C   15129.88174561  .00000710  00000-0  33050-3 0  9996,2 25159 107.9719 159.5442 0044983 172.7827 259.5897 14.28668215896540
1 25159U 98007C   15131.13707678  .00000903  00000-0  40608-3 0  9999,2 25159 107.9718 162.0994 0044944 170.6488 235.9864 14.28671753896720
1 25159U 98007C   15132.47930767  .00001160  00000-0  50725-3 0  9991,2 25159 107.9716 164.8316 0044851 168.2892 299.4193 14.28676178896912
1 25159U 98007C   15133.80736972  .00001181  00000-0  51554-3 0  9995,2 25159 107.9715 167.5349 0044793 165.9760 289.9757 14.28679623897100
1 25159U 98007C   15135.05461159  .00001253  00000-0  54375-3 0  9990,2 25159 107.9713 170.0736 0044717 163.8031 224.8742 14.28683619897282
1 25159U 98007C   15136.10162590  .00001110  00000-0  48727-3 0  9990,2 25159 107.9712 172.2048 0044682 162.0235 209.9135 14.28685820897432
1 25159U 98007C   15137.86627230  .00000954  00000-0  42634-3 0  9997,2 25159 107.9710 175.7966 0044627 159.0237 285.9275 14.28689942897689
1 25159U 98007C   15139.05097664  .00000836  00000-0  37989-3 0  9998,2 25159 107.9708 178.2081 0044590 157.0310 259.1493 14.28692452897855
1 25159U 98007C   15140.09484528  .00000755  00000-0  34815-3 0  9998,2 25159 107.9707 180.3329 0044520 155.1428 228.1611 14.28694619898008
1 25159U 98007C   15141.72184315  .00000650  00000-0  30686-3 0  9996,2 25159 107.9705 183.6446 0044422 152.2703 316.3696 14.28697609898237
1 25159U 98007C   15142.83911319  .00000533  00000-0  26107-3 0  9994,2 25159 107.9704 185.9187 0044320 150.2980 302.8818 14.28699196898391
1 25159U 98007C   15144.08667671  .00000424  00000-0  21821-3 0  9999,2 25159 107.9703 188.4583 0044265 148.1053 239.5360 14.28700772898574
1 25159U 98007C   15145.85004690  .00000338  00000-0  18448-3 0  9996,2 25159 107.9704 192.0477 0044216 144.9955 309.1865 14.28702909898825
1 25159U 98007C   15147.10557730  .00000314  00000-0  17502-3 0  9998,2 25159 107.9703 194.6033 0044171 142.8672 286.7550 14.28704387899007
1 25159U 98007C   15148.65497741  .00000335  00000-0  18321-3 0  9997,2 25159 107.9703 197.7571 0044102 140.0973 335.9332 14.28706201899222
1 25159U 98007C   15149.84133234  .00000366  00000-0  19540-3 0  9991,2 25159 107.9702 200.1718 0044037 138.0342 317.7775 14.28707766899391
1 25159U 98007C   15151.09395082  .00000341  00000-0  18560-3 0  9996,2 25159 107.9700 202.7213 0043962 135.8406 280.4580 14.28709036899571
1 25159U 98007C   15151.80260465  .00000394  00000-0  20635-3 0  9995,2 25159 107.9723 204.1541 0044756 136.7966 323.1547 14.28717936899676
1 25159U 98007C   15152.41114486  .00000355  00000-0  19100-3 0  9996,2 25159 107.9701 205.4024 0044011 133.5246 215.3337 14.28729326899756
1 25159U 98007C   15153.83280801  .00000294  00000-0  16693-3 0  9994,2 25159 107.9698 208.2960 0043972 130.9906 327.6259 14.28730348899969
1 25159U 98007C   15155.07609645  .00000349  00000-0  18862-3 0  9994,2 25159 107.9698 210.8267 0043905 128.8976 242.3371 14.28732030900148
1 25159U 98007C   15156.12922602  .00000385  00000-0  20262-3 0  9999,2 25159 107.9697 212.9704 0043868 126.9826 259.1335 14.28733219900299
1 25159U 98007C   15157.17755831  .00000474  00000-0  23761-3 0  9999,2 25159 107.9697 215.1043 0043812 125.1464 251.1905 14.28734816900444
1 25159U 98007C   15158.87325089  .00000630  00000-0  29890-3 0  9998,2 25159 107.9695 218.5556 0043748 122.0896 333.0200 14.28737778900685
1 25159U 98007C   15159.92242115 +.00000769 +00000-0 +35321-3 0  9992,2 25159 107.9695 220.6912 0043679 120.1989 329.4593 14.28740180900753
1 25159U 98007C   15160.12598073  .00000774  00000-0  35534-3 0  9995,2 25159 107.9695 221.1055 0043671 119.8640 296.4436 14.28740590900864
1 25159U 98007C   15160.96945626 +.00000806 +00000-0 +36780-3 0  9997,2 25159 107.9695 222.8224 0043654 118.3519 314.8831 14.28742118900907
1 25159U 98007C   15161.24837007  .00000785  00000-0  35979-3 0  9997,2 25159 107.9695 223.3901 0043634 117.8767 309.4600 14.28742476901027
1 25159U 98007C   15161.68723154 +.00000776 +00000-0 +35624-3 0  9999,2 25159 107.9695 224.2835 0043610 117.0910 046.7581 14.28743243901009
1 25159U 98007C   15162.93247848 +.00000843 +00000-0 +38226-3 0  9995,2 25159 107.9695 226.8181 0043571 114.8621 331.7336 14.28745912901180
1 25159U 98007C   15163.84523990  .00000908  00000-0  40784-3 0  9995,2 25159 107.9695 228.6761 0043547 113.2566 346.5377 14.28748175901394
1 25159U 98007C   15163.91364692 +.00000900 +00000-0 +40464-3 0  9992,2 25159 107.9695 228.8153 0043535 113.1361 338.3909 14.28748282901322
1 25159U 98007C   15164.96179914 +.00000872 +00000-0 +39387-3 0  9999,2 25159 107.9695 230.9488 0043514 111.3222 329.5578 14.28750320901476
1 25159U 98007C   15165.16094991  .00000877  00000-0  39564-3 0  9995,2 25159 107.9695 231.3541 0043486 110.9715 273.8967 14.28750822901583
1 25159U 98007C   15165.94298216 +.00000784 +00000-0 +35919-3 0  9994,2 25159 107.9694 232.9459 0043466 109.5549 336.3460 14.28751959901613
1 25159U 98007C   15166.14191231 +.00000782 +00000-0 +35842-3 0  9999,2 25159 107.9694 233.3508 0043447 109.2070 279.5490 14.28752408901642
1 25159U 98007C   15167.83639771  .00000690  00000-0  32240-3 0  9999,2 25159 107.9693 236.7998 0043408 106.1680 355.2661 14.28755399901960
1 25159U 98007C   15168.95347956 +.00000638 +00000-0 +30172-3 0  9998,2 25159 107.9694 239.0738 0043356 104.1700 341.0686 14.28757344902044
1 25159U 98007C   15169.15894295  .00000622  00000-0  29552-3 0  9997,2 25159 107.9694 239.4919 0043349 103.7991 317.8907 14.28757678902157
1 25159U 98007C   15170.20780030  .00000530  00000-0  25968-3 0  9991,2 25159 107.9694 241.6268 0043303 101.9673 312.7380 14.28759120902306
1 25159U 98007C   15171.40119483  .00000470  00000-0  23581-3 0  9994,2 25159 107.9694 244.0560 0043259 099.8218 331.0868 14.28760802902470
1 25159U 98007C   15172.80824138  .00000381  00000-0  20103-3 0  9997,2 25159 107.9693 246.9200 0043265 097.2740 008.4024 14.28762396902671
1 25159U 98007C   15173.85746703  .00000379  00000-0  20032-3 0  9992,2 25159 107.9693 249.0557 0043250 095.3854 005.2176 14.28763815902826
1 25159U 98007C   15175.18071307 -.00003459  00000-0 -13071-2 0  9999,2 25159 107.9668 251.7468 0040242 093.5205 330.9833 14.28787463903012
1 25159U 98007C   15175.68828027  .00002226  00000-0  92421-3 0  9999,2 25159 107.9674 252.7825 0043083 092.0849 062.2866 14.28782254903082
1 25159U 98007C   15177.14123150  .00000106  00000-0  93302-4 0  9992,2 25159 107.9695 255.7395 0043130 089.5528 335.7315 14.28783386903295
1 25159U 98007C   15178.32699825  .00000324  00000-0  17851-3 0  9996,2 25159 107.9695 258.1532 0043155 087.4277 314.9411 14.28784786903460
1 25159U 98007C   15179.80978894  .00000261  00000-0  15393-3 0  9995,2 25159 107.9695 261.1713 0043166 084.7608 021.9652 14.28786181903671
1 25159U 98007C   15181.13107744  .00000166  00000-0  11650-3 0  9998,2 25159 107.9696 263.8608 0043128 082.3736 338.2863 14.28786924903862
1 25159U 98007C   15182.18032907  .00000184  00000-0  12393-3 0  9997,2 25159 107.9696 265.9966 0043106 080.4981 335.3731 14.28787945904013
1 25159U 98007C   15183.29785604  .00000219  00000-0  13741-3 0  9996,2 25159 107.9696 268.2713 0043082 078.4794 323.6125 14.28789102904172
1 25159U 98007C   15184.34857664  .00000255  00000-0  15162-3 0  9998,2 25159 107.9696 270.4101 0043069 076.5770 328.2261 14.28790130904328
1 25159U 98007C   15185.83066947  .00000401  00000-0  20873-3 0  9997,2 25159 107.9696 273.4270 0043059 073.9267 031.6716 14.28792156904532
1 25159U 98007C   15187.15264907  .00000527  00000-0  25839-3 0  9996,2 25159 107.9696 276.1179 0043067 071.5229 351.5938 14.28794332904720
1 25159U 98007C   15188.20147862  .00000474  00000-0  23758-3 0  9992,2 25159 107.9696 278.2528 0043062 069.6255 346.4972 14.28795264904875
1 25159U 98007C   15189.31887863  .00000588  00000-0  28214-3 0  9995,2 25159 107.9696 280.5272 0043042 067.6075 334.1112 14.28797239905036
1 25159U 98007C   15190.36881655  .00000615  00000-0  29251-3 0  9998,2 25159 107.9696 282.6644 0043030 065.7160 334.7203 14.28798824905187
1 25159U 98007C   15191.85162200  .00000464  00000-0  23342-3 0  9998,2 25159 107.9697 285.6827 0043040 063.0338 041.9097 14.28800255905396
1 25159U 98007C   15193.17278772  .00000658  00000-0  30966-3 0  9992,2 25159 107.9698 288.3720 0043058 060.6476 357.6721 14.28803374905581
1 25159U 98007C   15194.22251052  .00000539  00000-0  26287-3 0  9990,2 25159 107.9698 290.5088 0043076 058.7442 357.2091 14.28804297905732
1 25159U 98007C   15195.26577098  .00000602  00000-0  28745-3 0  9998,2 25159 107.9700 292.6324 0043087 056.8638 323.5026 14.28806339905889
1 25159U 98007C   15196.32043630  .00000499  00000-0  24712-3 0  9990,2 25159 107.9701 294.7793 0043094 054.9512 348.4739 14.28807273906034
1 25159U 98007C   15197.37124770  .00000388  00000-0  20374-3 0  9998,2 25159 107.9702 296.9182 0043103 053.0455 353.6276 14.28808175906180
1 25159U 98007C   15198.85348824  .00000307  00000-0  17209-3 0  9994,2 25159 107.9703 299.9355 0043134 050.3801 057.9468 14.28809671906397
1 25159U 98007C   15200.17427133  .00000263  00000-0  15484-3 0  9998,2 25159 107.9704 302.6241 0043160 048.0022 011.7723 14.28810839906583
1 25159U 98007C   15201.28663874  .00000169  00000-0  11781-3 0  9996,2 25159 107.9704 304.8885 0043179 046.0066 333.5485 14.28811368906743
1 25159U 98007C   15203.82479394  .00000120  00000-0  98702-4 0  9996,2 25159 107.9704 310.0551 0043280 041.4661 069.2645 14.28813007907109
1 25159U 98007C   15205.14637175  .00000142  00000-0  10740-3 0  9995,2 25159 107.9705 312.7455 0043305 039.1016 027.1802 14.28814085907293
1 25159U 98007C   15206.19522098  .00000117  00000-0  97339-4 0  9990,2 25159 107.9705 314.8806 0043358 037.2206 022.2448 14.28814676907449
1 25159U 98007C   15207.24456568  .00000114  00000-0  96131-4 0  9991,2 25159 107.9707 317.0166 0043358 035.3404 019.8599 14.28815421907598
1 25159U 98007C   15208.28867559  .00000124  00000-0  10006-3 0  9999,2 25159 107.9708 319.1421 0043374 033.4620 350.5585 14.28816221907749
1 25159U 98007C   15209.34153324  .00000151  00000-0  11095-3 0  9994,2 25159 107.9710 321.2853 0043417 031.5479 006.2759 14.28817100907895
1 25159U 98007C   15210.39221703  .00000162  00000-0  11491-3 0  9990,2 25159 107.9711 323.4243 0043401 029.6395 010.8136 14.28817953908045
1 25159U 98007C   15211.81391289  .00000182  00000-0  12286-3 0  9990,2 25159 107.9714 326.3185 0043493 027.0877 123.7460 14.28819023908249
1 25159U 98007C   15212.85632834  .00000225  00000-0  13981-3 0  9990,2 25159 107.9715 328.4406 0043536 025.2300 085.7239 14.28820042908398
1 25159U 98007C   15214.17754925  .00000260  00000-0  15362-3 0  9997,2 25159 107.9716 331.1302 0043602 022.8714 041.8310 14.28821305908588
1 25159U 98007C   15215.29838647  .00000259  00000-0  15315-3 0  9991,2 25159 107.9717 333.4119 0043639 020.8400 047.2372 14.28822229908742
1 25159U 98007C   15216.41313470  .00000251  00000-0  15011-3 0  9993,2 25159 107.9718 335.6813 0043670 018.8263 021.3205 14.28823179908908
1 25159U 98007C   15217.83701506  .00000258  00000-0  15278-3 0  9993,2 25159 107.9719 338.5800 0043751 016.3348 145.4539 14.28824486909107
1 25159U 98007C   15218.87733770  .00000256  00000-0  15200-3 0  9999,2 25159 107.9721 340.6979 0043804 014.4862 096.6821 14.28825450909259
1 25159U 98007C   15220.19852971  .00000292  00000-0  16607-3 0  9994,2 25159 107.9721 343.3876 0043860 012.1517 052.6443 14.28826964909443
1 25159U 98007C   15221.31921877  .00000332  00000-0  18171-3 0  9994,2 25159 107.9722 345.6692 0043923 010.1465 057.2862 14.28828278909609
1 25159U 98007C   15222.43437675  .00000290  00000-0  16508-3 0  9991,2 25159 107.9723 347.9396 0043965 008.1615 033.4705 14.28829090909768
1 25159U 98007C   15223.84392235  .00000226  00000-0  14001-3 0  9994,2 25159 107.9725 350.8093 0044041 005.6864 083.9071 14.28830070909969
1 25159U 98007C   15225.17962890  .00000191  00000-0  12637-3 0  9996,2 25159 107.9728 353.5286 0044109 003.3443 114.5317 14.28831055910150
1 25159U 98007C   15226.21936141  .00000160  00000-0  11436-3 0  9994,2 25159 107.9730 355.6454 0044166 001.5357 062.7098 14.28831747910305
1 25159U 98007C   15227.34060135  .00000164  00000-0  11596-3 0  9991,2 25159 107.9733 357.9282 0044228 359.5511 070.1834 14.28832651910462
1 25159U 98007C   15229.22986796  .00000240  00000-0  14558-3 0  9996,2 25159 107.9736 001.7747 0044331 356.2449 068.2316 14.28834562910730
1 25159U 98007C   15229.93828505 +.00000226 +00000-0 +14021-3 0  9996,2 25159 107.9738 003.2171 0044366 355.0142 112.1949 14.28835037910756
1 25159U 98007C   15230.34256025  .00000218  00000-0  13691-3 0  9998,2 25159 107.9738 004.0402 0044393 354.2870 031.7357 14.28835299910895
1 25159U 98007C   15231.83844471  .00000148  00000-0  10968-3 0  9997,2 25159 107.9740 007.0858 0044480 351.6673 166.3080 14.28836028911109
1 25159U 98007C   15231.96800262 +.00000174 +00000-0 +11981-3 0  9996,2 25159 107.9740 007.3496 0044487 351.4451 112.7275 14.28836271911043
1 25159U 98007C   15233.15650286  .00000176  00000-0  12056-3 0  9994,2 25159 107.9741 009.7695 0044554 349.3674 106.1700 14.28837144911296
1 25159U 98007C   15234.33890800  .00000209  00000-0  13334-3 0  9990,2 25159 107.9742 012.1771 0044623 347.3011 068.2638 14.28838224911467
1 25159U 98007C   15235.38264919  .00000211  00000-0  13442-3 0  9995,2 25159 107.9743 014.3023 0044679 345.4917 037.0810 14.28838963911610
1 25159U 98007C   15235.95912161 +.00000212 +00000-0 +13469-3 0  9997,2 25159 107.9743 015.4760 0044720 344.4912 122.3544 14.28839400911610
1 25159U 98007C   15236.94158016 +.00000210 +00000-0 +13386-3 0  9994,2 25159 107.9745 017.4765 0044774 342.7979 135.9387 14.28840055911750
1 25159U 98007C   15237.85918414  .00000214  00000-0  13526-3 0  9991,2 25159 107.9746 019.3448 0044830 341.2050 175.9364 14.28840698911962
1 25159U 98007C   15239.17721706  .00000206  00000-0  13235-3 0  9992,2 25159 107.9747 022.0286 0044920 338.9064 115.6876 14.28841588912152
1 25159U 98007C   15239.88284358 +.00000246 +00000-0 +14800-3 0  9990,2 25159 107.9748 023.4654 0044957 337.6879 145.3094 14.28842445912174
1 25159U 98007C   15240.22449006  .00000278  00000-0  16058-3 0  9995,2 25159 107.9749 024.1610 0044983 337.0922 102.6866 14.28842902912303
1 25159U 98007C   15240.93209037 +.00000251 +00000-0 +15004-3 0  9992,2 25159 107.9749 025.6018 0045030 335.8757 142.4567 14.28843351912328
1 25159U 98007C   15241.33974051  .00000279  00000-0  16072-3 0  9998,2 25159 107.9750 026.4319 0045055 335.1838 079.3291 14.28843862912467
1 25159U 98007C   15241.91878751 +.00000259 +00000-0 +15283-3 0  9993,2 25159 107.9752 027.6111 0045087 334.1899 177.8443 14.28844238912464
1 25159U 98007C   15242.38404959  .00000224  00000-0  13940-3 0  9990,2 25159 107.9752 028.5585 0045111 333.3947 051.0670 14.28844404912619
1 25159U 98007C   15242.96056066 +.00000217 +00000-0 +13640-3 0  9995,2 25159 107.9753 029.7324 0045148 332.4015 136.5430 14.28844826912611
1 25159U 98007C   15243.95055012 +.00000221 +00000-0 +13793-3 0  9999,2 25159 107.9755 031.7483 0045203 330.7216 188.8590 14.28845644912759
1 25159U 98007C   15244.21485574  .00000221  00000-0  13822-3 0  9992,2 25159 107.9756  32.2866 0045216 330.2743 108.3955 14.28845832912879
1 25159U 98007C   15244.92273191 +.00000215 +00000-0 +13557-3 0  9998,2 25159 107.9757 033.7281 0045264 329.0535 149.5970 14.28846388912898
1 25159U 98007C   15245.39440634  .00000198  00000-0  12922-3 0  9993,2 25159 107.9757  34.6886 0045288 328.2419  55.8127 14.28846610913046
1 25159U 98007C   15245.97103263 +.00000198 +00000-0 +12905-3 0  9992,2 25159 107.9758 035.8628 0045310 327.2509 141.8835 14.28847020913047
1 25159U 98007C   15246.95202459 +.00000196 +00000-0 +12833-3 0  9996,2 25159 107.9759 037.8605 0045375 325.5848 147.9267 14.28847681913187
1 25159U 98007C   15247.22579775  .00000203  00000-0  13100-3 0  9992,2 25159 107.9759  38.4180 0045401 325.1086 116.1774 14.28847885913303
1 25159U 98007C   15247.93284949 +.00000200 +00000-0 +13001-3 0  9993,2 25159 107.9759 039.8578 0045438 323.9014 153.1307 14.28848373913324
1 25159U 98007C   15248.40476373  .00000204  00000-0  13152-3 0  9991,2 25159 107.9759  40.8188 0045461 323.1061  60.5665 14.28848672913479
1 25159U 98007C   15248.91973178 +.00000205 +00000-0 +13188-3 0  9992,2 25159 107.9760 041.8675 0045485 322.2305 189.4717 14.28849023913469
1 25159U 98007C   15249.96212591 +.00000191 +00000-0 +12626-3 0  9993,2 25159 107.9760 043.9902 0045541 320.4515 151.3723 14.28849634913611
1 25159U 98007C   15250.16921457  .00000192  00000-0  12669-3 0  9993,2 25159 107.9760  44.4120 0045557 320.1038 136.5963 14.28849768913724
1 25159U 98007C   15250.95372793 +.00000220 +00000-0 +13764-3 0  9992,2 25159 107.9761 046.0095 0045590 318.7729 211.9972 14.28850557913750
1 25159U 98007C   15251.21708237  .00000249  00000-0  14906-3 0  9998,2 25159 107.9760  46.5458 0045603 318.3301 126.6432 14.28850902913874
1 25159U 98007C   15251.48914286 +.00000252 +00000-0 +15022-3 0  9994,2 25159 107.9761 047.0999 0045623 317.8587 086.0857 14.28851150913835
1 25159U 98007C   15252.40318227  .00000270  00000-0  15742-3 0  9999,2 25159 107.9761  48.9612 0045695 316.3216 107.7366 14.28852022914048
1 25159U 98007C   15252.97306765 +.00000266 +00000-0 +15587-3 0  9997,2 25159 107.9761 050.1218 0045724 315.3605 159.1267 14.28852523914046
1 25159U 98007C   15253.96002098 +.00000257 +00000-0 +15212-3 0  9994,2 25159 107.9763 052.1317 0045772 313.6957 195.8432 14.28853341914189
1 25159U 98007C   15254.09678306  .00000255  00000-0  15128-3 0  9994,2 25159 107.9763  52.4103 0045775 313.4632 179.3255 14.28853429914284
1 25159U 98007C   15254.94050477 +.00000275 +00000-0 +15936-3 0  9990,2 25159 107.9764 054.1285 0045830 312.0327 199.2939 14.28854304914321
1 25159U 98007C   15255.13918238  .00000267  00000-0  15601-3 0  9990,2 25159 107.9764  54.5332 0045846 311.6967 141.2585 14.28854397914438
1 25159U 98007C   15255.92276675 +.00000235 +00000-0 +14337-3 0  9999,2 25159 107.9766 056.1290 0045878 310.3855 211.8742 14.28854904914464
1 25159U 98007C   15256.18938608  .00000226  00000-0  13998-3 0  9991,2 25159 107.9766  56.6720 0045887 309.9411 143.3143 14.28855064914584
1 25159U 98007C   15256.97044534 +.00000222 +00000-0 +13839-3 0  9994,2 25159 107.9768 058.2627 0045931 308.6313 200.9466 14.28855695914619
1 25159U 98007C   15257.43579591  .00000209  00000-0  13346-3 0  9990,2 25159 107.9769  59.2105 0045954 307.8473  74.6325 14.28855953914768
1 25159U 98007C   15257.95204972 +.00000211 +00000-0 +13414-3 0  9994,2 25159 107.9770 060.2619 0045982 306.9828 210.1520 14.28856360914753
1 25159U 98007C   15258.85662890  .00000207  00000-0  13270-3 0  9996,2 25159 107.9772  62.1042 0046029 305.4660 183.1525 14.28856966914966
1 25159U 98007C   15258.93438341 +.00000200 +00000-0 +12969-3 0  9994,2 25159 107.9772 062.2626 0046034 305.3353 223.1087 14.28856973914897
1 25159U 98007C   15259.91400084 +.00000175 +00000-0 +12020-3 0  9995,2 25159 107.9774 064.2577 0046082 303.7015 222.0863 14.28857492915030
1 25159U 98007C   15260.18106584  .00000169  00000-0  11790-3 0  9990,2 25159 107.9774  64.8016 0046096 303.2548 155.8226 14.28857599915152
1 25159U 98007C   15260.96124789 +.00000167 +00000-0 +11693-3 0  9993,2 25159 107.9775 066.3906 0046116 301.9467 208.9488 14.28858076915180
1 25159U 98007C   15261.42722053  .00000169  00000-0  11763-3 0  9993,2 25159 107.9775  67.3396 0046139 301.1600  85.8401 14.28858338915335
1 25159U 98007C   15261.94211821 +.00000176 +00000-0 +12036-3 0  9998,2 25159 107.9776 068.3883 0046157 300.3008 214.3851 14.28858700915321
1 25159U 98007C   15262.92426128 +.00000189 +00000-0 +12542-3 0  9991,2 25159 107.9776 070.3886 0046197 298.6619 226.3612 14.28859352915465
1 25159U 98007C   15263.19053525  .00000190  00000-0  12591-3 0  9994,2 25159 107.9776  70.9309 0046206 298.2172 156.0299 14.28859506915586
1 25159U 98007C   15263.97162741 +.00000210 +00000-0 +13369-3 0  9998,2 25159 107.9776 072.5217 0046239 296.9169 213.8342 14.28860146915616
1 25159U 98007C   15264.23914782  .00000208  00000-0  13278-3 0  9994,2 25159 107.9776  73.0666 0046253 296.4709 149.9140 14.28860267915733
1 25159U 98007C   15264.95246707 +.00000201 +00000-0 +13033-3 0  9990,2 25159 107.9776 074.5194 0046281 295.2821 219.1091 14.28860732915752
1 25159U 98007C   15265.49259734  .00000196  00000-0  12832-3 0  9993,2 25159 107.9775  75.6195 0046305 294.3816 117.4499 14.28861049915917
1 25159U 98007C   15265.93452206 +.00000207 +00000-0 +13254-3 0  9993,2 25159 107.9776 076.5196 0046309 293.6452 230.6383 14.28861447915890
1 25159U 98007C   15266.40527132 +.00000205 +00000-0 +13178-3 0  9990,2 25159 107.9776 077.4784 0046327 292.8644 132.0919 14.28861740915961
1 25159U 98007C   15267.18280987  .00000211  00000-0  13414-3 0  9990,2 25159 107.9776  79.0621 0046353 291.5751 171.6185 14.28862327916151
1 25159U 98007C   15267.44789803 +.00000226 +00000-0 +13980-3 0  9994,2 25159 107.9776 079.6021 0046362 291.1302 095.1927 14.28862596916117
1 25159U 98007C   15268.49577897  .00000232  00000-0  14217-3 0  9999,2 25159 107.9776  81.7364 0046402 289.4011  85.3096 14.28863433916347
1 25159U 98007C   15268.94493951 +.00000251 +00000-0 +14986-3 0  9991,2 25159 107.9777 082.6512 0046412 288.6613 235.7130 14.28863912916323
1 25159U 98007C   15269.55115451  .00000230  00000-0  14169-3 0  9995,2 25159 107.9777  83.8860 0046429 287.6557 113.9846 14.28864251916492
1 25159U 98007C   15270.97321345 +.00000246 +00000-0 +14792-3 0  9993,2 25159 107.9777 086.7824 0046458 285.2945 228.8318 14.28865430916615
1 25159U 98007C   15271.24122310  .00000243  00000-0  14676-3 0  9993,2 25159 107.9777  87.3283 0046462 284.8454 167.4358 14.28865595916733
1 25159U 98007C   15271.95512133 +.00000252 +00000-0 +15018-3 0  9998,2 25159 107.9778 088.7824 0046476 283.6699 239.6085 14.28866212916751
1 25159U 98007C   15272.48742737  .00000242  00000-0  14626-3 0  9995,2 25159 107.9777  89.8666 0046490 282.7999  97.6958 14.28866558916917
1 25159U 98007C   15273.46857647 +.00000275 +00000-0 +15896-3 0  9997,2 25159 107.9777 091.8649 0046500 281.1640 104.5866 14.28867490916977
1 25159U 98007C   15274.18311498  .00000279  00000-0  16051-3 0  9994,2 25159 107.9777  93.3202 0046515 279.9856 180.0593 14.28868068917158
1 25159U 98007C   15274.96541178 +.00000314 +00000-0 +17441-3 0  9994,2 25159 107.9776 094.9136 0046526 278.7224 244.0450 14.28868913917183
1 25159U 98007C   15275.23171956  .00000343  00000-0  18577-3 0  9991,2 25159 107.9776  95.4560 0046525 278.2609 173.9132 14.28869263917301
1 25159U 98007C   15275.94737248 +.00000349 +00000-0 +18810-3 0  9997,2 25159 107.9776 096.9136 0046530 277.0836 255.1205 14.28869969917320
1 25159U 98007C   15276.41522367  .00000334  00000-0  18203-3 0  9994,2 25159 107.9776  97.8667 0046539 276.3174 141.6702 14.28870215917478
1 25159U 98007C   15276.48820700 +.00000360 +00000-0 +19217-3 0  9998,2 25159 107.9776 098.0153 0046544 276.2065 157.0764 14.28870446917403
1 25159U 98007C   15277.45991595  .00000319  00000-0  17619-3 0  9995,2 25159 107.9775  99.9945 0046553 274.5913 115.4157 14.28871074917620
1 25159U 98007C   15278.50804949  .00000287  00000-0  16378-3 0  9993,2 25159 107.9774 102.1293 0046553 272.8636 106.8619 14.28871863917774
1 25159U 98007C   15279.48921168 +.00000255 +00000-0 +15136-3 0  9990,2 25159 107.9773 104.1277 0046550 271.2611 113.8040 14.28872483917832
1 25159U 98007C   15280.20368285  .00000259  00000-0  15270-3 0  9990,2 25159 107.9773 105.5830 0046553 270.0796 188.9467 14.28873088918015
1 25159U 98007C   15280.47029120 +.00000265 +00000-0 +15520-3 0  9996,2 25159 107.9772 106.1261 0046554 269.6233 120.3604 14.28873406917971
1 25159U 98007C   15281.53289449  .00000247  00000-0  14811-3 0  9998,2 25159 107.9772 108.2905 0046535 267.8754 186.2422 14.28874214918200
1 25159U 98007C   15281.88458582 +.00000243 +00000-0 +14652-3 0  9991,2 25159 107.9773 109.0068 0046538 267.2969 195.2939 14.28874493918173
1 25159U 98007C   15282.78632098  .00000200  00000-0  12962-3 0  9992,2 25159 107.9772 110.8434 0046530 265.8059 153.7028 14.28874918918388
1 25159U 98007C   15283.41638144 +.00000194 +00000-0 +12735-3 0  9991,2 25159 107.9771 112.1267 0046529 264.7617 154.6563 14.28875376918396
1 25159U 98007C   15284.19434867  .00000174  00000-0  11949-3 0  9997,2 25159 107.9770 113.7112 0046522 263.4725 196.4248 14.28875836918586
1 25159U 98007C   15284.46090315 +.00000177 +00000-0 +12072-3 0  9994,2 25159 107.9770 114.2542 0046522 263.0318 127.5479 14.28876049918547
1 25159U 98007C   15285.44757397  .00000165  00000-0  11607-3 0  9993,2 25159 107.9769 116.2638 0046507 261.4041 162.8571 14.28876655918763
1 25159U 98007C   15286.49110164  .00000163  00000-0  11549-3 0  9997,2 25159 107.9768 118.3892 0046492 259.6815 130.6348 14.28877346918918
1 25159U 98007C   15287.53808405  .00000203  00000-0  13078-3 0  9999,2 25159 107.9768 120.5217 0046466 257.9567 116.1825 14.28878253919064
1 25159U 98007C   15288.44995039 +.00000208 +00000-0 +13292-3 0  9993,2 25159 107.9767 122.3789 0046445 256.4360 126.7308 14.28878883919117
1 25159U 98007C   15289.23486803  .00000248  00000-0  14870-3 0  9992,2 25159 107.9766 123.9776 0046423 255.1448 204.2518 14.28879632919307
1 25159U 98007C   15289.50738270 +.00000255 +00000-0 +15117-3 0  9993,2 25159 107.9766 124.5326 0046428 254.6942 166.0372 14.28879901919260
1 25159U 98007C   15290.48650991  .00000276  00000-0  15937-3 0  9998,2 25159 107.9764 126.5269 0046399 253.1099 162.5262 14.28880795919486
1 25159U 98007C   15291.53043634  .00000338  00000-0  18349-3 0  9994,2 25159 107.9763 128.6531 0046378 251.3846 132.3737 14.28882065919638
1 25159U 98007C   15292.87880980  .00000429  00000-0  21904-3 0  9997,2 25159 107.9762 131.3994 0046330 249.1702 228.2585 14.28883955919821
1 25159U 98007C   15293.55957252 +.00000453 +00000-0 +22847-3 0  9994,2 25159 107.9761 132.7860 0046314 248.0518 130.0298 14.28884819919845
1 25159U 98007C   15294.20593841  .00000494  00000-0  24464-3 0  9999,2 25159 107.9760 134.1025 0046293 246.9765 214.8838 14.28885808920011
1 25159U 98007C   15294.54073005 +.00000500 +00000-0 +24716-3 0  9999,2 25159 107.9760 134.7844 0046276 246.4279 137.0172 14.28886250919985
1 25159U 98007C   15295.25464722  .00000515  00000-0  25264-3 0  9993,2 25159 107.9759 136.2384 0046246 245.2453 209.3480 14.28887208920168
1 25159U 98007C   15295.52787887 +.00000515 +00000-0 +25269-3 0  9998,2 25159 107.9758 136.7950 0046232 244.8020 174.8203 14.28887579920127
1 25159U 98007C   15296.56862199  .00000530  00000-0  25855-3 0  9991,2 25159 107.9757 138.9147 0046188 243.0777 128.3231 14.28889073920359
1 25159U 98007C   15297.55034589 +.00000582 +00000-0 +27883-3 0  9995,2 25159 107.9756 140.9142 0046144 241.4400 138.2525 14.28890748920417
1 25159U 98007C   15298.19660251  .00000545  00000-0  26443-3 0  9997,2 25159 107.9755 142.2304 0046116 240.3661 222.5557 14.28891423920588
1 25159U 98007C   15298.53205341 +.00000545 +00000-0 +26466-3 0  9995,2 25159 107.9755 142.9136 0046095 239.8176 148.0859 14.28891890920550
1 25159U 98007C   15299.51280206  .00000464  00000-0  23295-3 0  9994,2 25159 107.9754 144.9111 0046065 238.1790 153.0095 14.28892806920775
1 25159U 98007C   15300.56130799  .00000428  00000-0  21891-3 0  9993,2 25159 107.9753 147.0467 0046009 236.4334 146.4711 14.28893976920922
1 25159U 98007C   15301.55047341 +.00000398 +00000-0 +20723-3 0  9992,2 25159 107.9751 149.0613 0045959 234.7798 194.6985 14.28895003920980
1 25159U 98007C   15302.18764182  .00000380  00000-0  20004-3 0  9994,2 25159 107.9750 150.3590 0045924 233.7216 232.2622 14.28895633921150
1 25159U 98007C   15302.59367987 +.00000387 +00000-0 +20277-3 0  9990,2 25159 107.9750 151.1859 0045908 233.0465 160.9042 14.28896138921130
1 25159U 98007C   15303.50975703  .00000383  00000-0  20108-3 0  9992,2 25159 107.9749 153.0517 0045860 231.5040 193.1867 14.28897127921344
1 25159U 98007C   15303.57154848 +.00000382 +00000-0 +20068-3 0  9992,2 25159 107.9749 153.1776 0045857 231.4010 151.0394 14.28897164921275
1 25159U 98007C   15304.55261970  .00000370  00000-0  19609-3 0  9992,2 25159 107.9747 155.1756 0045793 229.7647 157.6371 14.28898093921491
1 25159U 98007C   15305.53342154 +.00000442 +00000-0 +22438-3 0  9999,2 25159 107.9746 157.1732 0045747 228.1116 162.8702 14.28899459921559
1 25159U 98007C   15306.11661800  .00000386  00000-0  20227-3 0  9997,2 25159 107.9746 158.3610 0045723 227.1151 282.8418 14.28899798921710
1 25159U 98007C   15306.88180995 +.00000370 +00000-0 +19611-3 0  9990,2 25159 107.9745 159.9193 0045663 225.8249 258.9841 14.28900430921741
1 25159U 98007C   15307.22771116  .00000364  00000-0  19379-3 0  9994,2 25159 107.9745 160.6238 0045642 225.2431 238.2970 14.28900726921870
1 25159U 98007C   15307.57114551 +.00000422 +00000-0 +21658-3 0  9994,2 25159 107.9744 161.3233 0045640 224.6630 204.9233 14.28901380921840
1 25159U 98007C   15308.54860560  .00000422  00000-0  21638-3 0  9998,2 25159 107.9743 163.3140 0045593 223.0102 192.9839 14.28902459922063
1 25159U 98007C   15309.59126105  .00000390  00000-0  20396-3 0  9998,2 25159 107.9742 165.4375 0045534 221.2448 156.4154 14.28903410922213
1 25159U 98007C   15310.50930537 +.00000386 +00000-0 +20258-3 0  9995,2 25159 107.9741 167.3071 0045485 219.6939 198.8452 14.28904341922267
1 25159U 98007C   15311.21837270  .00000369  00000-0  19570-3 0  9990,2 25159 107.9740 168.7511 0045449 218.4956 246.2978 14.28904996922443
1 25159U 98007C   15311.55399627 +.00000437 +00000-0 +22215-3 0  9992,2 25159 107.9739 169.4346 0045421 217.9310 172.7496 14.28905784922414
1 25159U 98007C   15312.53434759  .00000419  00000-0  21530-3 0  9996,2 25159 107.9738 171.4311 0045357 216.2797 175.6925 14.28906882922630
1 25159U 98007C   15312.60231260 +.00000406 +00000-0 +21027-3 0  9993,2 25159 107.9738 171.5695 0045338 216.1601 165.3103 14.28906870922561
1 25159U 98007C   15313.58341588  .00000451  00000-0  22775-3 0  9997,2 25159 107.9736 173.5676 0045248 214.4788 172.1544 14.28908300922786
1 25159U 98007C   15314.84986436  .00000455  00000-0  22935-3 0  9996,2 25159 107.9735 176.1466 0045204 212.3231 206.8209 14.28909934922960
1 25159U 98007C   15315.68654164 +.00000469 +00000-0 +23467-3 0  9995,2 25159 107.9734 177.8505 0045133 210.9017 190.7270 14.28911109923000
1 25159U 98007C   15316.19007270  .00000486  00000-0  24139-3 0  9998,2 25159 107.9733 178.8760 0045098 210.0406 260.9210 14.28911874923155
1 25159U 98007C   15316.39548597 +.00000475 +00000-0 +23731-3 0  9997,2 25159 107.9733 179.2943 0045084 209.6920 237.5759 14.28912013923102
1 25159U 98007C   15317.44219324  .00000428  00000-0  21866-3 0  9992,2 25159 107.9732 181.4259 0045009 207.9065 221.8995 14.28913062923332
1 25159U 98007C   15318.49188862  .00000441  00000-0  22374-3 0  9990,2 25159 107.9731 183.5636 0044950 206.1171 221.5989 14.28914487923484
1 25159U 98007C   15318.55940863 +.00000438 +00000-0 +22267-3 0  9991,2 25159 107.9731 183.7011 0044929 205.9942 208.9338 14.28914547923419
1 25159U 98007C   15319.54037777  .00000411  00000-0  21199-3 0  9996,2 25159 107.9730 185.6988 0044853 204.3051 215.1215 14.28915574923631
1 25159U 98007C   15319.61296689 +.00000424 +00000-0 +21720-3 0  9997,2 25159 107.9730 185.8467 0044862 204.1948 228.5121 14.28915773923565
1 25159U 98007C   15320.58986641  .00000465  00000-0  23332-3 0  9995,2 25159 107.9729 187.8361 0044798 202.5198 213.7646 14.28917264923784
1 25159U 98007C   15321.56973980 +.00000520 +00000-0 +25457-3 0  9998,2 25159 107.9728 189.8316 0044710 200.8227 214.3366 14.28918855923843
1 25159U 98007C   15322.41519598  .00000554  00000-0  26803-3 0  9997,2 25159 107.9727 191.5532 0044611 199.3864 243.4280 14.28920174924049
1 25159U 98007C   15322.55063957 +.00000558 +00000-0 +26975-3 0  9999,2 25159 107.9727 191.8291 0044601 199.1509 220.1657 14.28920380923988
1 25159U 98007C   15323.46348788  .00000560  00000-0  27057-3 0  9993,2 25159 107.9726 193.6881 0044516 197.5800 235.9537 14.28921739924197
1 25159U 98007C   15323.60012105 +.00000539 +00000-0 +26229-3 0  9996,2 25159 107.9726 193.9663 0044518 197.3586 218.7952 14.28921806924138
1 25159U 98007C   15324.57554975  .00000515  00000-0  25273-3 0  9991,2 25159 107.9725 195.9527 0044453 195.6608 196.5263 14.28923048924354
1 25159U 98007C   15324.64324722 +.00000531 +00000-0 +25915-3 0  9995,2 25159 107.9725 196.0906 0044449 195.5389 184.7759 14.28923280924286
1 25159U 98007C   15325.62435785  .00000493  00000-0  24407-3 0  9998,2 25159 107.9725 198.0886 0044385 193.8314 191.7401 14.28924406924501
1 25159U 98007C   15326.67706472  .00000511  00000-0  25108-3 0  9998,2 25159 107.9724 200.2323 0044323 192.0089 207.0016 14.28925984924655
1 25159U 98007C   15327.58581330 +.00000500 +00000-0 +24691-3 0  9997,2 25159 107.9723 202.0830 0044264 190.4306 201.7314 14.28927142924701
1 25159U 98007C   15328.23126896  .00000462  00000-0  23194-3 0  9996,2 25159 107.9723 203.3974 0044225 189.3123 282.0454 14.28927808924879
1 25159U 98007C   15328.63456402 +.00000494 +00000-0 +24447-3 0  9996,2 25159 107.9723 204.2188 0044195 188.6090 196.6564 14.28928462924854
1 25159U 98007C   15329.55141582  .00000462  00000-0  23228-3 0  9999,2 25159 107.9722 206.0858 0044117 186.9982 233.0964 14.28929431925063
1 25159U 98007C   15329.60974611 +.00000483 +00000-0 +24044-3 0  9992,2 25159 107.9722 206.2046 0044117 186.9053 173.1480 14.28929635924997
1 25159U 98007C   15330.58983329  .00000434  00000-0  22106-3 0  9990,2 25159 107.9721 208.2004 0044048 185.1908 174.8777 14.28930533925206
1 25159U 98007C   15331.63992578  .00000427  00000-0  21831-3 0  9999,2 25159 107.9721 210.3388 0043971 183.3520 176.7328 14.28931736925354
1 25159U 98007C   15332.62001142 +.00000417 +00000-0 +21444-3 0  9996,2 25159 107.9720 212.3346 0043900 181.6325 178.4674 14.28932785925421
1 25159U 98007C   15333.18005995  .00000398  00000-0  20705-3 0  9995,2 25159 107.9719 213.4751 0043858 180.6413 179.4674 14.28933349925574
1 25159U 98007C   15333.67010235 +.00000407 +00000-0 +21065-3 0  9993,2 25159 107.9719 214.4730 0043821 179.7810 180.3352 14.28933912925572
1 25159U 98007C   15334.37016239  .00000446  00000-0  22600-3 0  9990,2 25159 107.9719 215.8986 0043780 178.5417 181.5854 14.28934905925746
1 25159U 98007C   15334.65018625 +.00000447 +00000-0 +22620-3 0  9995,2 25159 107.9718 216.4688 0043765 178.0515 182.0799 14.28935254925717
1 25159U 98007C   15335.49025785  .00000411  00000-0  21206-3 0  9993,2 25159 107.9718 218.1794 0043703 176.5640 183.5804 14.28935938925901
1 25159U 98007C   15335.63026965 +.00000406 +00000-0 +21025-3 0  9993,2 25159 107.9718 218.4645 0043697 176.3265 183.8200 14.28936092925851
1 25159U 98007C   15336.68035808  .00000370  00000-0  19630-3 0  9994,2 25159 107.9717 220.6029 0043629 174.4748 185.6878 14.28937073926077
1 25159U 98007C   15337.66043996 +.00000358 +00000-0 +19126-3 0  9996,2 25159 107.9717 222.5987 0043573 172.7441 187.4335 14.28938042926143
1 25159U 98007C   15339.20056735  .00000308  00000-0  17179-3 0  9994,2 25159 107.9717 225.7350 0043477 170.0270 190.1739 14.28939341926430
1 25159U 98007C   15339.69060737 +.00000374 +00000-0 +19787-3 0  9994,2 25159 107.9718 226.7329 0043449 169.1723 191.0358 14.28940219926432
1 25159U 98007C   15340.53067575  .00000394  00000-0  20535-3 0  9991,2 25159 107.9718 228.4437 0043396 167.6795 192.5412 14.28941169926627
1 25159U 98007C   15340.67068702 +.00000415 +00000-0 +21372-3 0  9993,2 25159 107.9718 228.7288 0043389 167.4454 192.7773 14.28941449926573
1 25159U 98007C   15341.65076601  .00000416  00000-0  21392-3 0  9992,2 25159 107.9718 230.7245 0043317 165.6931 194.5443 14.28942458926788
1 25159U 98007C   15342.70084968  .00000414  00000-0  21330-3 0  9994,2 25159 107.9718 232.8628 0043263 163.8330 196.4198 14.28943568926937
1 25159U 98007C   15343.68092706 +.00000417 +00000-0 +21433-3 0  9998,2 25159 107.9719 234.8586 0043210 162.0845 198.1826 14.28944618927000
1 25159U 98007C   15344.17096552  .00000362  00000-0  19311-3 0  9997,2 25159 107.9719 235.8565 0043179 161.1884 199.0859 14.28944853927147
1 25159U 98007C   15344.66100342 +.00000471 +00000-0 +23577-3 0  9994,2 25159 107.9719 236.8543 0043151 160.3325 199.9487 14.28946042927143
1 25159U 98007C   15345.50106824  .00000456  00000-0  22978-3 0  9996,2 25159 107.9719 238.5650 0043103 158.8197 201.4736 14.28946951927333
1 25159U 98007C   15345.64107906 +.00000450 +00000-0 +22758-3 0  9993,2 25159 107.9719 238.8501 0043100 158.5707 201.7246 14.28947068927285
1 25159U 98007C   15346.69115886  .00000458  00000-0  23034-3 0  9991,2 25159 107.9719 240.9884 0043040 156.6890 203.6210 14.28948436927505
1 25159U 98007C   15347.67123263 +.00000451 +00000-0 +22777-3 0  9994,2 25159 107.9719 242.9842 0042981 154.9189 205.4047 14.28949586927578
1 25159U 98007C   15348.16126912  .00000424  00000-0  21732-3 0  9993,2 25159 107.9719 243.9821 0042960 154.0469 206.2834 14.28950071927715
1 25159U 98007C   15348.65130541 +.00000466 +00000-0 +23370-3 0  9996,2 25159 107.9719 244.9800 0042935 153.1725 207.1644 14.28950895927713
1 25159U 98007C   15349.49136653  .00000546  00000-0  26477-3 0  9999,2 25159 107.9719 246.6906 0042900 151.6629 208.6853 14.28952549927904
1 25159U 98007C   15349.70138182 +.00000525 +00000-0 +25681-3 0  9995,2 25159 107.9719 247.1183 0042877 151.2890 209.0619 14.28952729927866
1 25159U 98007C   15350.54144225  .00000520  00000-0  25492-3 0  9999,2 25159 107.9719 248.8290 0042845 149.7560 210.6062 14.28953887928052
1 25159U 98007C   15350.75145729 +.00000503 +00000-0 +24795-3 0  9998,2 25159 107.9719 249.2567 0042836 149.3884 210.9765 14.28954084928018
1 25159U 98007C   15351.66152201  .00000445  00000-0  22528-3 0  9999,2 25159 107.9719 251.1099 0042788 147.7247 212.6521 14.28955012928214
1 25159U 98007C   15352.71159527  .00000513  00000-0  25188-3 0  9995,2 25159 107.9719 253.2482 0042741 145.8610 214.5288 14.28956880928366
1 25159U 98007C   15353.69166281 +.00000488 +00000-0 +24220-3 0  9995,2 25159 107.9719 255.2441 0042700 144.0772 216.3248 14.28958107928436
1 25159U 98007C   15354.18169625  .00000430  00000-0  21953-3 0  9992,2 25159 107.9720 256.2420 0042677 143.1997 217.2082 14.28958479928571
1 25159U 98007C   15354.67172920 +.00000460 +00000-0 +23109-3 0  9996,2 25159 107.9720 257.2398 0042658 142.3199 218.0938 14.28959361928570
1 25159U 98007C   15355.51178421  .00000622  00000-0  29447-3 0  9993,2 25159 107.9720 258.9505 0042634 140.7947 219.6291 14.28961758928768
1 25159U 98007C   15355.72179798 +.00000602 +00000-0 +28691-3 0  9992,2 25159 107.9720 259.3782 0042619 140.4329 219.9932 14.28962001928727
1 25159U 98007C   15356.70186159  .00000582  00000-0  27903-3 0  9992,2 25159 107.9721 261.3740 0042568 138.6676 221.7694 14.28963465928936
1 25159U 98007C   15357.40190655 +.00000569 +00000-0 +27402-3 0  9995,2 25159 107.9721 262.7995 0042545 137.3548 223.0904 14.28964489928961
1 25159U 98007C   15358.17195507  .00000526  00000-0  25710-3 0  9994,2 25159 107.9723 264.3677 0042520 135.9641 224.4895 14.28965560929145
1 25159U 98007C   15358.73198982 +.00000556 +00000-0 +26876-3 0  9993,2 25159 107.9722 265.5081 0042504 134.9467 225.5129 14.28966671929150
1 25159U 98007C   15359.50203721  .00000553  00000-0  26765-3 0  9991,2 25159 107.9722 267.0762 0042486 133.5235 226.9444 14.28967909929330
1 25159U 98007C   15359.71204994 +.00000529 +00000-0 +25805-3 0  9994,2 25159 107.9723 267.5039 0042469 133.1635 227.3064 14.28968142929292
1 25159U 98007C   15360.69210931  .00000453  00000-0  22865-3 0  9990,2 25159 107.9723 269.4996 0042442 131.3808 229.0990 14.28969223929500
1 25159U 98007C   15361.74217178  .00000421  00000-0  21594-3 0  9990,2 25159 107.9724 271.6380 0042409 129.4986 230.9913 14.28970539929655
1 25159U 98007C   15362.72222951 +.00000372 +00000-0 +19684-3 0  9996,2 25159 107.9725 273.6338 0042377 127.7022 232.7968 14.28971458929726
1 25159U 98007C   15363.49227440  .00000378  00000-0  19937-3 0  9996,2 25159 107.9725 275.2020 0042370 126.2928 234.2134 14.28972338929904
1 25159U 98007C   15363.70228649 +.00000367 +00000-0 +19505-3 0  9991,2 25159 107.9725 275.6296 0042361 125.9241 234.5837 14.28972534929863
1 25159U 98007C   15364.54233473  .00000377  00000-0  19870-3 0  9991,2 25159 107.9725 277.3404 0042361 124.3710 236.1444 14.28973503930059
1 25159U 98007C   15364.75234665 +.00000375 +00000-0 +19797-3 0  9994,2 25159 107.9725 277.7680 0042343 123.9985 236.5185 14.28973739930011
1 25159U 98007C   15365.73240210  .00000386  00000-0  20237-3 0  9999,2 25159 107.9725 279.7639 0042330 122.1780 238.3473 14.28974820930222
1 25159U 98007C   16001.71245627 +.00000369 +00000-0 +19548-3 0  9996,2 25159 107.9725 281.7597 0042309 120.4106 240.1221 14.28975869930290
1 25159U 98007C   16002.48249858  .00000340  00000-0  18421-3 0  9999,2 25159 107.9726 283.3278 0042312 118.9884 241.5503 14.28976535930473
1 25159U 98007C   16002.76251375 +.00000346 +00000-0 +18663-3 0  9991,2 25159 107.9726 283.8980 0042308 118.4803 242.0604 14.28976899930447
1 25159U 98007C   16003.53255535  .00000350  00000-0  18826-3 0  9995,2 25159 107.9726 285.4662 0042307 117.0475 243.4989 14.28977739930626
1 25159U 98007C   16003.74256647 +.00000362 +00000-0 +19278-3 0  9998,2 25159 107.9726 285.8939 0042291 116.6811 243.8665 14.28978068930584
1 25159U 98007C   16004.72261861  .00000324  00000-0  17812-3 0  9991,2 25159 107.9727 287.8897 0042298 114.8629 245.6914 14.28978901930790
1 25159U 98007C   16005.77267336  .00000317  00000-0  17549-3 0  9999,2 25159 107.9728 290.0281 0042271 112.9619 247.5985 14.28980020930944
1 25159U 98007C   16006.75272371 +.00000321 +00000-0 +17676-3 0  9999,2 25159 107.9730 292.0240 0042268 111.1694 249.3967 14.28981079931018
1 25159U 98007C   16007.45275929  .00000314  00000-0  17427-3 0  9995,2 25159 107.9731 293.4496 0042271 109.8712 250.6987 14.28981752931189
1 25159U 98007C   16007.73277330 +.00000306 +00000-0 +17088-3 0  9998,2 25159 107.9731 294.0198 0042248 109.3834 251.1876 14.28982003931159
1 25159U 98007C   16008.50281188  .00000302  00000-0  16936-3 0  9997,2 25159 107.9733 295.5879 0042267 107.9721 252.6029 14.28982710931334
1 25159U 98007C   16008.71282205 +.00000311 +00000-0 +17298-3 0  9993,2 25159 107.9733 296.0156 0042241 107.6368 252.9388 14.28983016931290
1 25159U 98007C   16009.76287362  .00000306  00000-0  17099-3 0  9991,2 25159 107.9734 298.1541 0042253 105.6971 254.8833 14.28984031931512
1 25159U 98007C   16010.74292077 +.00000334 +00000-0 +18177-3 0  9999,2 25159 107.9735 300.1500 0042249 103.8979 256.6862 14.28985199931580
1 25159U 98007C   16011.51295725  .00000355  00000-0  19020-3 0  9999,2 25159 107.9736 301.7182 0042277 102.4841 258.1030 14.28986135931763
1 25159U 98007C   16011.79297014 +.00000359 +00000-0 +19191-3 0  9995,2 25159 107.9736 302.2885 0042237 102.0006 258.5869 14.28986526931739
1 25159U 98007C   16012.77301534  .00000451  00000-0  22774-3 0  9991,2 25159 107.9737 304.2844 0042260 100.2129 260.3777 14.28988144931949
1 25159U 98007C   16013.75305966 +.00000455 +00000-0 +22940-3 0  9992,2 25159 107.9738 306.2803 0042298 098.4325 262.1609 14.28989335932010
1 25159U 98007C   16014.17307850  .00000420  00000-0  21541-3 0  9991,2 25159 107.9738 307.1357 0042313  97.6626 262.9319 14.28989626932140
1 25159U 98007C   16015.50313635  .00000407  00000-0  21064-3 0  9992,2 25159 107.9740 309.8445 0042322  95.2595 265.3373 14.28991235932336
1 25159U 98007C   16015.57313941 +.00000403 +00000-0 +20905-3 0  9998,2 25159 107.9740 309.9871 0042323 095.1315 265.4654 14.28991282932278
1 25159U 98007C   16015.71314543 +.00000401 +00000-0 +20823-3 0  9990,2 25159 107.9740 310.2722 0042326 094.8777 265.7194 14.28991446932295
1 25159U 98007C   16016.76318995  .00000422  00000-0  21640-3 0  9992,2 25159 107.9741 312.4107 0042345  92.9318 267.6666 14.28992855932513
1 25159U 98007C   16017.81323336  .00000413  00000-0  21293-3 0  9998,2 25159 107.9741 314.5493 0042357  91.0776 269.5214 14.28994082932665
1 25159U 98007C   16018.79327323 +.00000391 +00000-0 +20411-3 0  9992,2 25159 107.9742 316.5454 0042383 089.2990 271.3003 14.28995073932737
1 25159U 98007C   16019.49330112  .00000402  00000-0  20849-3 0  9998,2 25159 107.9743 317.9711 0042417  88.0176 272.5818 14.28995929932906
1 25159U 98007C   16019.77331210 +.00000415 +00000-0 +21342-3 0  9992,2 25159 107.9743 318.5413 0042395 087.5140 273.0849 14.28996322932876
1 25159U 98007C   16020.82335269  .00000403  00000-0  20898-3 0  9990,2 25159 107.9745 320.6798 0042408  85.5893 275.0088 14.28997509933096
1 25159U 98007C   16021.80338926 +.00000432 +00000-0 +22019-3 0  9991,2 25159 107.9746 322.6759 0042453 083.8221 276.7750 14.28998939933162
1 25159U 98007C   16022.43341235  .00000452  00000-0  22812-3 0  9991,2 25159 107.9747 323.9590 0042473  82.6580 277.9381 14.28999858933329
1 25159U 98007C   16022.78342509 +.00000453 +00000-0 +22821-3 0  9995,2 25159 107.9748 324.6718 0042485 082.0197 278.5758 14.29000289933306
1 25159U 98007C   16023.48345026  .00000422  00000-0  21617-3 0  9998,2 25159 107.9749 326.0976 0042515  80.7293 279.8648 14.29000985933478
1 25159U 98007C   16023.76346016 +.00000430 +00000-0 +21944-3 0  9991,2 25159 107.9750 326.6679 0042525 080.2135 280.3800 14.29001390933442
1 25159U 98007C   16024.53348713  .00000396  00000-0  20598-3 0  9998,2 25159 107.9751 328.2362 0042576  78.8359 281.7560 14.29002139933627
1 25159U 98007C   16024.81349653 +.00000397 +00000-0 +20634-3 0  9995,2 25159 107.9752 328.8065 0042540 078.3273 282.2633 14.29002538933591
1 25159U 98007C   16025.79352974  .00000391  00000-0  20419-3 0  9998,2 25159 107.9753 330.8026 0042593  76.5371 284.0507 14.29003720933807
1 25159U 98007C   16026.84356419  .00000362  00000-0  19295-3 0  9991,2 25159 107.9756 332.9413 0042613  74.6728 285.9113 14.29004839933952
1 25159U 98007C   16027.82359571 +.00000367 +00000-0 +19491-3 0  9995,2 25159 107.9757 334.9374 0042662 072.9069 287.6734 14.29005949934024
1 25159U 98007C   16028.45361571  .00000332  00000-0  18103-3 0  9999,2 25159 107.9757 336.2206 0042717  71.7776 288.8004 14.29006398934185
1 25159U 98007C   16028.87362849 +.00000325 +00000-0 +17818-3 0  9998,2 25159 107.9757 337.0760 0042681 070.9990 289.5764 14.29006863934175
1 25159U 98007C   16029.50364787  .00000335  00000-0  18215-3 0  9995,2 25159 107.9758 338.3593 0042733  69.8695 290.7032 14.29007558934333
1 25159U 98007C   16029.85365829 +.00000344 +00000-0 +18588-3 0  9994,2 25159 107.9758 339.0722 0042727 069.2352 291.3355 14.29008024934314
1 25159U 98007C   16030.83368732  .00000359  00000-0  19177-3 0  9991,2 25159 107.9759 341.0683 0042772  67.4727 293.0929 14.29009146934525
1 25159U 98007C   16031.81371545 +.00000381 +00000-0 +20030-3 0  9991,2 25159 107.9760 343.0645 0042814 065.7175 294.8426 14.29010327934593
1 25159U 98007C   16032.51373496  .00000448  00000-0  22622-3 0  9999,2 25159 107.9761 344.4903 0042862  64.4542 296.1018 14.29011483934768
1 25159U 98007C   16032.79374262 +.00000446 +00000-0 +22544-3 0  9992,2 25159 107.9761 345.0607 0042867 063.9504 296.6037 14.29011809934738
1 25159U 98007C   16033.84377088  .00000424  00000-0  21680-3 0  9994,2 25159 107.9762 347.1995 0042915  62.0766 298.4706 14.29012884934957
1 25159U 98007C   16033.91377273 +.00000391 +00000-0 +20397-3 0  9995,2 25159 107.9763 347.3421 0042910 061.9517 298.5950 14.29012783934894
1 25159U 98007C   16034.89379804  .00000385  00000-0  20183-3 0  9991,2 25159 107.9764 349.3383 0042955  60.1947 300.3451 14.29013913935100
1 25159U 98007C   16035.80382072 +.00000402 +00000-0 +20849-3 0  9993,2 25159 107.9765 351.1920 0043018 058.5654 301.9678 14.29015114935165
1 25159U 98007C   16036.50383755  .00000414  00000-0  21316-3 0  9993,2 25159 107.9767 352.6179 0043070  57.3275 303.2005 14.29016068935330
1 25159U 98007C   16036.85384553 +.00000431 +00000-0 +21987-3 0  9991,2 25159 107.9768 353.3309 0043055 056.6871 303.8378 14.29016659935314
1 25159U 98007C   16037.83386785  .00000466  00000-0  23331-3 0  9992,2 25159 107.9769 355.3272 0043113  54.9467 305.5703 14.29018117935528
1 25159U 98007C   16037.90386929 +.00000454 +00000-0 +22883-3 0  9998,2 25159 107.9769 355.4698 0043101 054.8164 305.6998 14.29018170935460
1 25159U 98007C   16038.81388891 +.00000516 +00000-0 +25265-3 0  9995,2 25159 107.9771 357.3235 0043142 053.2022 307.3062 14.29019742935593
1 25159U 98007C   16039.51390290  .00000622  00000-0  29418-3 0  9991,2 25159 107.9773 358.7494 0043172  51.9572 308.5449 14.29021430935763
1 25159U 98007C   16039.79390846 +.00000612 +00000-0 +29029-3 0  9995,2 25159 107.9774 359.3198 0043186 051.4544 309.0452 14.29021799935736
1 25159U 98007C   16040.84392868  .00000593  00000-0  28267-3 0  9990,2 25159 107.9776   1.4587 0043235  49.5919 310.8978 14.29023236935959
1 25159U 98007C   16041.89394738 +.00000541 +00000-0 +26272-3 0  9991,2 25159 107.9777 003.5976 0043291 047.7339 312.7457 14.29024623936037
1 25159U 98007C   16041.96394860  .00000540  00000-0  26199-3 0  9992,2 25159 107.9777   3.7402 0043295  47.6113 312.8676 14.29024717936113
1 25159U 98007C   16042.80396235 +.00000634 +00000-0 +29893-3 0  9992,2 25159 107.9779 005.4514 0043344 046.1285 314.3420 14.29026618936168
1 25159U 98007C   16043.50397315  .00000663  00000-0  31003-3 0  9998,2 25159 107.9779   6.8774 0043388  44.9047 315.5587 14.29027944936330
1 25159U 98007C   16043.85397822 +.00000663 +00000-0 +31017-3 0  9994,2 25159 107.9780 007.5904 0043399 044.2766 316.1830 14.29028564936313
1 25159U 98007C   16044.83399192  .00000619  00000-0  29310-3 0  9999,2 25159 107.9781   9.5868 0043457  42.5503 317.8989 14.29029989936528
1 25159U 98007C   16044.90399279 +.00000621 +00000-0 +29386-3 0  9999,2 25159 107.9781 009.7294 0043459 042.4260 318.0223 14.29030139936460
1 25159U 98007C   16045.88400490  .00000736  00000-0  33873-3 0  9998,2 25159 107.9782  11.7259 0043507  40.6942 319.7433 14.29032491936673
1 25159U 98007C   16046.86401597 +.00000677 +00000-0 +31569-3 0  9990,2 25159 107.9783 013.7224 0043559 038.9622 321.4641 14.29033862936742
1 25159U 98007C   16046.93401673  .00000617  00000-0  29224-3 0  9992,2 25159 107.9783  13.8650 0043564  38.8338 321.5916 14.29033665936821
1 25159U 98007C   16047.84402552 +.00000756 +00000-0 +34642-3 0  9994,2 25159 107.9784 015.7188 0043614 037.2484 323.1665 14.29036077936885
1 25159U 98007C   16048.47403059  .00000802  00000-0  36433-3 0  9999,2 25159 107.9784  17.0023 0043654  36.1511 324.2564 14.29037617937041
1 25159U 98007C   16048.82403344 +.00000757 +00000-0 +34684-3 0  9990,2 25159 107.9785 017.7153 0043674 035.5311 324.8721 14.29038010937023
1 25159U 98007C   16049.80404068  .00000735  00000-0  33808-3 0  9996,2 25159 107.9786  19.7119 0043734  33.8118 326.5795 14.29039613937234
1 25159U 98007C   16049.87404110 +.00000734 +00000-0 +33768-3 0  9995,2 25159 107.9786 019.8545 0043736 033.6857 326.7047 14.29039745937179
1 25159U 98007C   16050.85404729  .00000579  00000-0  27713-3 0  9991,2 25159 107.9787  21.8510 0043796  31.9674 328.4107 14.29040549937382
1 25159U 98007C   16050.92404755 +.00000582 +00000-0 +27838-3 0  9990,2 25159 107.9787 021.9936 0043796 031.8375 328.5396 14.29040723937321
1 25159U 98007C   16051.83405241 +.00000517 +00000-0 +25316-3 0  9999,2 25159 107.9789 023.8476 0043854 030.2537 330.1119 14.29041781937452
1 25159U 98007C   16052.53405539  .00000488  00000-0  24190-3 0  9993,2 25159 107.9790  25.2738 0043905  29.0453 331.3114 14.29042737937620
1 25159U 98007C   16052.88405677 +.00000476 +00000-0 +23696-3 0  9991,2 25159 107.9791 025.9868 0043920 028.4241 331.9279 14.29043168937602
1 25159U 98007C   16053.86405999  .00000435  00000-0  22120-3 0  9993,2 25159 107.9793  27.9834 0043976  26.7238 333.6153 14.29044324937815
1 25159U 98007C   16054.84406247 +.00000416 +00000-0 +21376-3 0  9990,2 25159 107.9795 029.9801 0044036 025.0410 335.2851 14.29045473937881
1 25159U 98007C   16055.47406351  .00000437  00000-0  22195-3 0  9999,2 25159 107.9796  31.2636 0044074  23.9717 336.3460 14.29046395938044
1 25159U 98007C   16055.89406414 +.00000407 +00000-0 +21032-3 0  9991,2 25159 107.9798 032.1194 0044090 023.2167 337.0950 14.29046688938031
1 25159U 98007C   16056.73406494  .00000420  00000-0  21510-3 0  9999,2 25159 107.9800  33.8308 0044140  21.7512 338.5487 14.29047684938222
1 25159U 98007C   16056.87406499 +.00000361 +00000-0 +19209-3 0  9995,2 25159 107.9800 034.1161 0044143 021.4992 338.7987 14.29047540938177
1 25159U 98007C   16057.85406531  .00000369  00000-0  19549-3 0  9996,2 25159 107.9802  36.1128 0044193  19.8069 340.4772 14.29048599938385
1 25159U 98007C   16058.90406472 +.00000389 +00000-0 +20296-3 0  9990,2 25159 107.9803 038.2522 0044250 017.9660 342.3030 14.29049795938463
1 25159U 98007C   16058.97406458  .00000348  00000-0  18728-3 0  9993,2 25159 107.9803  38.3949 0044255  17.8319 342.4360 14.29049672938542
1 25159U 98007C   16059.88406347 +.00000392 +00000-0 +20411-3 0  9992,2 25159 107.9804 040.2490 0044306 016.2534 344.0013 14.29050814938605
1 25159U 98007C   16060.51406224  .00000409  00000-0  21095-3 0  9996,2 25159 107.9805  41.5326 0044342  15.1817 345.0640 14.29051586938761
1 25159U 98007C   16060.93406118 +.00000339 +00000-0 +18362-3 0  9999,2 25159 107.9805 042.3884 0044366 014.4488 345.7907 14.29051677938754
1 25159U 98007C   16061.84405864  .00000418  00000-0  21451-3 0  9998,2 25159 107.9806  44.2426 0044416  12.8917 347.3345 14.29053029938952
1 25159U 98007C   16062.89405469  .00000406  00000-0  20975-3 0  9992,2 25159 107.9806  46.3820 0044467  11.0743 349.1363 14.29054124939102
1 25159U 98007C   16063.87405001 +.00000413 +00000-0 +21234-3 0  9990,2 25159 107.9807 048.3789 0044525 009.3875 350.8084 14.29055332939178
1 25159U 98007C   16064.50404656  .00000470  00000-0  23459-3 0  9990,2 25159 107.9807  49.6626 0044554   8.3052 351.8813 14.29056385939338
1 25159U 98007C   16064.85404463 +.00000446 +00000-0 +22514-3 0  9998,2 25159 107.9808 050.3758 0044574 007.6904 352.4908 14.29056618939313
1 25159U 98007C   16065.83403819  .00000498  00000-0  24534-3 0  9992,2 25159 107.9809  52.3726 0044623   5.9941 354.1722 14.29058116939529
1 25159U 98007C   16065.90403771 +.00000437 +00000-0 +22191-3 0  9997,2 25159 107.9809 052.5152 0044627 005.8692 354.2960 14.29057884939469
1 25159U 98007C   16066.88403022  .00000503  00000-0  24757-3 0  9998,2 25159 107.9810  54.5121 0044670   4.1785 355.9717 14.29059512939673
1 25159U 98007C   16067.86402123 +.00000555 +00000-0 +26763-3 0  9994,2 25159 107.9811 056.5091 0044722 002.4866 357.6485 14.29061274939748
1 25159U 98007C   16068.42401560  .00000539  00000-0  26150-3 0  9993,2 25159 107.9812  57.6502 0044740   1.5259 358.6008 14.29062090939899
1 25159U 98007C   16068.84401149 +.00000520 +00000-0 +25393-3 0  9990,2 25159 107.9812 058.5060 0044763 000.8048 359.3154 14.29062537939886
1 25159U 98007C   16069.89400006  .00000508  00000-0  24946-3 0  9996,2 25159 107.9814  60.6457 0044798 359.0286   1.0757 14.29064032940102
1 25159U 98007C   16070.87398829 +.00000490 +00000-0 +24229-3 0  9999,2 25159 107.9815 062.6426 0044843 357.3478 002.7415 14.29065406940178
1 25159U 98007C   16071.01398641  .00000491  00000-0  24274-3 0  9999,2 25159 107.9815  62.9279 0044857 357.0987   2.9884 14.29065658940265
1 25159U 98007C   16071.92397429 +.00000583 +00000-0 +27851-3 0  9998,2 25159 107.9816 064.7823 0044882 355.5509 004.5224 14.29067562940321
1 25159U 98007C   16072.55396550  .00000535  00000-0  25969-3 0  9997,2 25159 107.9816  66.0661 0044905 354.4775   5.5862 14.29068257940483
1 25159U 98007C   16072.90396057 +.00000508 +00000-0 +24927-3 0  9991,2 25159 107.9816 066.7794 0044928 353.8718 006.1864 14.29068586940464
1 25159U 98007C   16073.81394720  .00000490  00000-0  24250-3 0  9996,2 25159 107.9817  68.6338 0044981 352.3172   7.7272 14.29069711940660
1 25159U 98007C   16073.88394608 +.00000472 +00000-0 +23536-3 0  9994,2 25159 107.9817 068.7764 0044987 352.1942 007.8491 14.29069725940606
1 25159U 98007C   16074.86393071  .00000468  00000-0  23368-3 0  9994,2 25159 107.9818  70.7735 0045034 350.5090   9.5192 14.29070972940814
1 25159U 98007C   16074.93392953 +.00000467 +00000-0 +23340-3 0  9999,2 25159 107.9818 070.9161 0045054 350.3728 009.6542 14.29071067940756
1 25159U 98007C   16075.91391296 +.00000491 +00000-0 +24276-3 0  9993,2 25159 107.9819 072.9132 0045077 348.7049 011.3073 14.29072559940890
1 25159U 98007C   16075.98391175  .00000490  00000-0  24225-3 0  9999,2 25159 107.9819  73.0558 0045080 348.5832  11.4279 14.29072649940974
1 25159U 98007C   16076.89389565 +.00000472 +00000-0 +23511-3 0  9997,2 25159 107.9819 074.9103 0045097 347.0454 012.9522 14.29073776941039
1 25159U 98007C   16077.17389045  .00000531  00000-0  25834-3 0  9998,2 25159 107.9819  75.4809 0045105 346.5660  13.4274 14.29074491941148
1 25159U 98007C   16077.94387619 +.00000441 +00000-0 +22303-3 0  9996,2 25159 107.9819 077.0500 0045140 345.2520 014.7298 14.29074993941185
1 25159U 98007C   16078.50386548  .00000463  00000-0  23181-3 0  9998,2 25159 107.9819  78.1911 0045191 344.2911  15.6822 14.29075834941337
1 25159U 98007C   16078.92385717 +.00000426 +00000-0 +21739-3 0  9997,2 25159 107.9819 079.0470 0045197 343.5743 016.3928 14.29076196941324
1 25159U 98007C   16079.83383888  .00000403  00000-0  20850-3 0  9993,2 25159 107.9818  80.9014 0045213 342.0316  17.9222 14.29077223941525
1 25159U 98007C   16079.90383739 +.00000412 +00000-0 +21190-3 0  9994,2 25159 107.9818 081.0440 0045219 341.9115 018.0411 14.29077376941465
1 25159U 98007C   16080.95381539 +.00000394 +00000-0 +20505-3 0  9995,2 25159 107.9818 083.1839 0045270 340.1137 019.8234 14.29078562941619
1 25159U 98007C   16081.02381387  .00000395  00000-0  20510-3 0  9992,2 25159 107.9818  83.3265 0045277 339.9922  19.9440 14.29078653941698
1 25159U 98007C   16081.93379402 +.00000370 +00000-0 +19566-3 0  9999,2 25159 107.9819 085.1810 0045305 338.4405 021.4824 14.29079631941755
1 25159U 98007C   16082.91377205 +.00000323 +00000-0 +17731-3 0  9997,2 25159 107.9819 087.1781 0045348 336.7715 023.1373 14.29080496941890
1 25159U 98007C   16082.98377044  .00000321  00000-0  17657-3 0  9990,2 25159 107.9819  87.3208 0045346 336.6476  23.2601 14.29080574941978
1 25159U 98007C   16084.10374454  .00000295  00000-0  16633-3 0  9991,2 25159 107.9819  89.6032 0045388 334.7290  25.1627 14.29081616942133
1 25159U 98007C   16084.94372465 +.00000281 +00000-0 +16086-3 0  9990,2 25159 107.9819 091.3150 0045443 333.3109 026.5690 14.29082383942182
1 25159U 98007C   16085.50371102  .00000286  00000-0  16267-3 0  9996,2 25159 107.9820  92.4563 0045430 332.3449  27.5273 14.29083001942339
1 25159U 98007C   16085.92370080 +.00000273 +00000-0 +15761-3 0  9990,2 25159 107.9820 093.3123 0045455 331.6286 028.2377 14.29083300942323
1 25159U 98007C   16086.83367825  .00000271  00000-0  15698-3 0  9991,2 25159 107.9820  95.1668 0045487 330.0726  29.7813 14.29084136942525
1 25159U 98007C   16086.90367651 +.00000264 +00000-0 +15429-3 0  9990,2 25159 107.9820 095.3094 0045501 329.9649 029.8880 14.29084167942460
1 25159U 98007C   16087.95364964  .00000277  00000-0  15924-3 0  9994,2 25159 107.9820  97.4492 0045528 328.1574  31.6813 14.29085259942686
1 25159U 98007C   16088.93362406 +.00000287 +00000-0 +16301-3 0  9993,2 25159 107.9820 099.4464 0045580 326.5060 033.3197 14.29086220942758
1 25159U 98007C   16089.00362222  .00000286  00000-0  16293-3 0  9997,2 25159 107.9820  99.5890 0045590 326.3919  33.4329 14.29086289942836
1 25159U 98007C   16089.91359784 +.00000288 +00000-0 +16353-3 0  9995,2 25159 107.9819 101.4436 0045599 324.8253 034.9877 14.29087145942898
1 25159U 98007C   16090.82357306  .00000290  00000-0  16422-3 0  9995,2 25159 107.9819 103.2980 0045658 323.3107  36.4907 14.29087987943098
1 25159U 98007C   16090.96356900 +.00000297 +00000-0 +16712-3 0  9998,2 25159 107.9819 103.5833 0045636 323.0315 036.7680 14.29088223943042
1 25159U 98007C   16091.80354559 +.00000302 +00000-0 +16903-3 0  9999,2 25159 107.9818 105.2954 0045679 321.6330 038.1561 14.29089022943167
1 25159U 98007C   16092.01353967  .00000303  00000-0  16929-3 0  9994,2 25159 107.9817 105.7233 0045706 321.2842  38.5022 14.29089244943269
1 25159U 98007C   16092.92351376 +.00000295 +00000-0 +16640-3 0  9996,2 25159 107.9816 107.5778 0045750 319.7423 040.0330 14.29090024943323
1 25159U 98007C   16093.83348731  .00000282  00000-0  16114-3 0  9990,2 25159 107.9815 109.4323 0045798 318.2192  41.5452 14.29090804943527
1 25159U 98007C   16093.90348515 +.00000300 +00000-0 +16834-3 0  9998,2 25159 107.9815 109.5749 0045799 318.0996 041.6640 14.29091003943466
1 25159U 98007C   16094.95345377 +.00000286 +00000-0 +16275-3 0  9999,2 25159 107.9814 111.7148 0045839 316.3159 043.4354 14.29091958943618
1 25159U 98007C   16095.02345163  .00000285  00000-0  16230-3 0  9991,2 25159 107.9814 111.8574 0045838 316.1834  43.5671 14.29092037943699
1 25159U 98007C   16095.93342405 +.00000282 +00000-0 +16104-3 0  9994,2 25159 107.9812 113.7119 0045868 314.6681 045.0722 14.29092838943759
1 25159U 98007C   16096.84339575  .00000279  00000-0  16022-3 0  9994,2 25159 107.9812 115.5664 0045902 313.1089  46.6212 14.29093713943955
1 25159U 98007C   16096.98339123 +.00000286 +00000-0 +16264-3 0  9994,2 25159 107.9812 115.8517 0045887 312.8243 046.9042 14.29093917943900
1 25159U 98007C   16097.89336238 +.00000275 +00000-0 +15854-3 0  9991,2 25159 107.9811 117.7063 0045889 311.2705 048.4484 14.29094729944038
1 25159U 98007C   16098.10335554  .00000277  00000-0  15933-3 0  9996,2 25159 107.9811 118.1342 0045904 310.8855  48.8310 14.29094992944137
1 25159U 98007C   16098.94332852 +.00000277 +00000-0 +15922-3 0  9994,2 25159 107.9810 119.8460 0045927 309.4776 050.2303 14.29095752944185
1 25159U 98007C   16099.15332159  .00000276  00000-0  15884-3 0  9994,2 25159 107.9810 120.2740 0045936 309.0972  50.6084 14.29095989944289
1 25159U 98007C   16099.92329611 +.00000275 +00000-0 +15844-3 0  9993,2 25159 107.9809 121.8432 0045941 307.7598 051.9381 14.29096747944329
1 25159U 98007C   16100.83326574  .00000265  00000-0  15457-3 0  9990,2 25159 107.9809 123.6977 0045965 306.2295  53.4597 14.29097556944524
1 25159U 98007C   16100.90326335 +.00000265 +00000-0 +15471-3 0  9999,2 25159 107.9809 123.8404 0045970 306.1038 053.5847 14.29097641944468
1 25159U 98007C   16101.95322781 +.00000249 +00000-0 +14837-3 0  9993,2 25159 107.9807 125.9801 0045999 304.3268 055.3520 14.29098479944611
1 25159U 98007C   16102.09322295  .00000253  00000-0  14975-3 0  9997,2 25159 107.9808 126.2655 0046015 304.0912  55.5862 14.29098650944708
1 25159U 98007C   16102.93319403 +.00000264 +00000-0 +15405-3 0  9998,2 25159 107.9806 127.9773 0046030 302.6817 056.9885 14.29099439944751
1 25159U 98007C   16103.84316205  .00000304  00000-0  16985-3 0  9995,2 25159 107.9805 129.8317 0046055 301.1267  58.5357 14.29100494944953
1 25159U 98007C   16103.91315961 +.00000308 +00000-0 +17129-3 0  9996,2 25159 107.9805 129.9744 0046057 301.0107 058.6511 14.29100568944890
1 25159U 98007C   16105.03311935 +.00000341 +00000-0 +18418-3 0  9997,2 25159 107.9804 132.2568 0046087 299.1105 060.5422 14.29101858945053
1 25159U 98007C   16105.10311679  .00000344  00000-0  18514-3 0  9990,2 25159 107.9804 132.3994 0046091 298.9941  60.6580 14.29101948945132
1 25159U 98007C   16105.87308883 +.00000330 +00000-0 +17991-3 0  9990,2 25159 107.9803 133.9686 0046113 297.7250 061.9214 14.29102589945175
1 25159U 98007C   16106.78305531  .00000290  00000-0  16433-3 0  9993,2 25159 107.9802 135.8229 0046138 296.1914  63.4483 14.29103242945379
1 25159U 98007C   16106.92305015 +.00000299 +00000-0 +16786-3 0  9996,2 25159 107.9801 136.1082 0046140 295.9531 063.6856 14.29103414945326
1 25159U 98007C   16107.83301593  .00000289  00000-0  16387-3 0  9990,2 25159 107.9800 137.9626 0046166 294.4198  65.2126 14.29104264945523
1 25159U 98007C   16107.90301327 +.00000312 +00000-0 +17275-3 0  9997,2 25159 107.9800 138.1053 0046169 294.3025 065.3294 14.29104459945467
1 25159U 98007C   16108.95297303 +.00000315 +00000-0 +17405-3 0  9999,2 25159 107.9798 140.2449 0046208 292.5186 067.1063 14.29105569945612
1 25159U 98007C   16109.09296753  .00000316  00000-0  17450-3 0  9994,2 25159 107.9798 140.5302 0046216 292.2662  67.3578 14.29105752945705
1 25159U 98007C   16109.93293499 +.00000298 +00000-0 +16741-3 0  9992,2 25159 107.9797 142.2419 0046227 290.8711 068.7480 14.29106464945756
1 25159U 98007C   16110.84289910  .00000274  00000-0  15821-3 0  9999,2 25159 107.9795 144.0963 0046258 289.3145  70.2993 14.29107240945958
1 25159U 98007C   16110.91289630 +.00000273 +00000-0 +15783-3 0  9992,2 25159 107.9795 144.2390 0046264 289.1891 070.4243 14.29107311945899
1 25159U 98007C   16111.96285445 +.00000239 +00000-0 +14444-3 0  9993,2 25159 107.9794 146.3787 0046292 287.4461 072.1619 14.29108103946040
1 25159U 98007C   16112.10284871  .00000240  00000-0  14491-3 0  9996,2 25159 107.9794 146.6639 0046310 287.1800  72.4270 14.29108277946132
1 25159U 98007C   16112.94281489 +.00000227 +00000-0 +13976-3 0  9992,2 25159 107.9793 148.3757 0046317 285.7935 073.8098 14.29108922946186
1 25159U 98007C   16113.15280615  .00000232  00000-0  14166-3 0  9994,2 25159 107.9793 148.8036 0046338 285.3956  74.2064 14.29109187946286
1 25159U 98007C   16113.92277475 +.00000217 +00000-0 +13575-3 0  9995,2 25159 107.9791 150.3727 0046342 284.1287 075.4703 14.29109734946324
1 25159U 98007C   16114.83273736  .00000208  00000-0  13226-3 0  9995,2 25159 107.9790 152.2270 0046361 282.6107  76.9848 14.29110389946528
1 25159U 98007C   16114.90273443 +.00000200 +00000-0 +12907-3 0  9995,2 25159 107.9790 152.3696 0046364 282.4937 077.1015 14.29110417946467
1 25159U 98007C   16115.88269352 +.00000199 +00000-0 +12864-3 0  9996,2 25159 107.9789 154.3666 0046384 280.8485 078.7434 14.29111215946601
1 25159U 98007C   16116.16268173  .00000206  00000-0  13169-3 0  9996,2 25159 107.9789 154.9371 0046404 280.3582  79.2327 14.29111487946716
1 25159U 98007C   16116.93264931 +.00000195 +00000-0 +12736-3 0  9995,2 25159 107.9788 156.5062 0046404 279.0757 080.5130 14.29112006946758
1 25159U 98007C   16117.84261061  .00000196  00000-0  12756-3 0  9990,2 25159 107.9787 158.3605 0046425 277.5496  82.0368 14.29112690946957
1 25159U 98007C   16117.91260760 +.00000197 +00000-0 +12819-3 0  9994,2 25159 107.9787 158.5031 0046428 277.4299 082.1563 14.29112760946894
1 25159U 98007C   16118.96256239 +.00000203 +00000-0 +13046-3 0  9997,2 25159 107.9785 160.6426 0046447 275.6628 083.9213 14.29113621947047
1 25159U 98007C   16119.10255634  .00000202  00000-0  13015-3 0  9997,2 25159 107.9785 160.9279 0046451 275.4312  84.1527 14.29113731947132
1 25159U 98007C   16119.94251969 +.00000221 +00000-0 +13728-3 0  9998,2 25159 107.9784 162.6395 0046485 274.0021 085.5803 14.29114494947182
1 25159U 98007C   16120.15251047  .00000220  00000-0  13693-3 0  9990,2 25159 107.9784 163.0674 0046490 273.6578  85.9243 14.29114684947289
1 25159U 98007C   16120.78248277 +.00000230 +00000-0 +14070-3 0  9991,2 25159 107.9783 164.3511 0046493 272.6021 086.9794 14.29115209947306
1 25159U 98007C   16121.83243609  .00000235  00000-0  14298-3 0  9999,2 25159 107.9782 166.4907 0046508 270.8397  88.7411 14.29116096947525
1 25159U 98007C   16122.95238555 +.00000267 +00000-0 +15529-3 0  9990,2 25159 107.9781 168.7729 0046509 268.9593 090.6215 14.29117249947613
1 25159U 98007C   16123.09237921  .00000267  00000-0  15518-3 0  9990,2 25159 107.9780 169.0581 0046510 268.7250  90.8559 14.29117368947707
