1 25419U 98046G   14365.88490626  .00000573  00000-0  26581-3 0  9990,2 25419 044.9979 160.4144 0000966 220.0707 296.7260 14.31539959856240
1 25419U 98046G   15001.98736296  .00000516  00000-0  24441-3 0  9995,2 25419 044.9981 155.2418 0001022 221.9274 221.9082 14.31542560856404
1 25419U 98046G   15003.52891490  .00000475  00000-0  22934-3 0  9994,2 25419 044.9983 148.0088 0001133 224.7066 251.2625 14.31545970856623
1 25419U 98046G   15004.85865935  .00000775  00000-0  34104-3 0  9991,2 25419 044.9984 141.7698 0001189 228.6586 266.8517 14.31547517856814
1 25419U 98046G   15005.90878851  .00000968  00000-0  41282-3 0  9998,2 25419 044.9984 136.8426 0001256 231.5368 281.1198 14.31548038856964
1 25419U 98046G   15007.49307372  .00001031  00000-0  43652-3 0  9994,2 25419 044.9985 129.4092 0001331 234.6877 170.5921 14.31553239857195
1 25419U 98046G   15008.54353417  .00001103  00000-0  46301-3 0  9996,2 25419 044.9985 124.4805 0001332 236.4981 187.6483 14.31557010857349
1 25419U 98046G   15009.81536781  .00000786  00000-0  34515-3 0  9994,2 25419 044.9986 118.5133 0001377 239.3395 265.6574 14.31559404857525
1 25419U 98046G   15011.25713306  .00000575  00000-0  26658-3 0  9990,2 25419 044.9987 111.7483 0001427 241.9793 140.4834 14.31564463857739
1 25419U 98046G   15012.52357793  .00000626  00000-0  28544-3 0  9998,2 25419 044.9988 105.8062 0001458 246.3442 189.2111 14.31568781857917
1 25419U 98046G   15013.72157728  .00000773  00000-0  34012-3 0  9997,2 25419 044.9989 100.1850 0001467 248.9724 246.6108 14.31572654858089
1 25419U 98046G   15015.52609551  .00001048  00000-0  44256-3 0  9990,2 25419 044.9990 091.7178 0001469 253.2757 191.1699 14.31576979858348
1 25419U 98046G   15016.78346221  .00000859  00000-0  37198-3 0  9997,2 25419 044.9990 085.8180 0001483 256.7523 194.0103 14.31578940858522
1 25419U 98046G   15018.32515675  .00000894  00000-0  38499-3 0  9994,2 25419 044.9991 078.5840 0001485 260.9923 222.8484 14.31582623858747
1 25419U 98046G   15019.51464139  .00000689  00000-0  30868-3 0  9998,2 25419 044.9991 073.0025 0001462 263.3216 236.6779 14.31585302858915
1 25419U 98046G   15020.63143961  .00000445  00000-0  21797-3 0  9991,2 25419 044.9991 067.7621 0001452 266.5101 234.6930 14.31588012859070
1 25419U 98046G   15022.14768171  .00000689  00000-0  30869-3 0  9995,2 25419 044.9993 060.6472 0001416 270.0179 133.0107 14.31591540859295
1 25419U 98046G   15023.49377605  .00000648  00000-0  29335-3 0  9993,2 25419 044.9994 054.3308 0001392 275.1287 232.0049 14.31593117859481
1 25419U 98046G   15024.53842821  .00000786  00000-0  34497-3 0  9994,2 25419 044.9995 049.4290 0001364 278.6037 217.5927 14.31593186859633
1 25419U 98046G   15026.19578103  .00000920  00000-0  39462-3 0  9994,2 25419 044.9996 041.6521 0001302 284.6994 121.3112 14.31595772859873
1 25419U 98046G   15027.47390292  .00000990  00000-0  42058-3 0  9999,2 25419 044.9996 035.6549 0001245 289.9014 229.5840 14.31599861860057
1 25419U 98046G   15028.57606638  .00001002  00000-0  42500-3 0  9992,2 25419 044.9997 030.4832 0001186 293.6572 151.5931 14.31603850860218
1 25419U 98046G   15030.60283721  .00001047  00000-0  44182-3 0  9990,2 25419 044.9999 020.9728 0001058 299.5585 161.2996 14.31610930860503
1 25419U 98046G   15030.60283721  .00001047  00000-0  44182-3 0  9990,2 25419 044.9999 020.9728 0001058 299.5585 161.2996 14.31610930860503
1 25419U 98046G   15032.12893081  .00001252  00000-0  51807-3 0  9995,2 25419 045.0000 013.8119 0000945 304.2590 109.3711 14.31618069860720
1 25419U 98046G   15033.17893412  .00001436  00000-0  58654-3 0  9990,2 25419 045.0000 008.8849 0000864 307.3443 123.0365 14.31622274860872
1 25419U 98046G   15034.50903108  .00001222  00000-0  50699-3 0  9996,2 25419 044.9999 002.6438 0000768 312.8259 139.2764 14.31626082861067
1 25419U 98046G   15035.89250704  .00001397  00000-0  57198-3 0  9990,2 25419 044.9998 356.1519 0000646 318.3679 070.8476 14.31631025861260
1 25419U 98046G   15037.08501219  .00002005  00000-0  79788-3 0  9999,2 25419 044.9995 350.5521 0000704 324.8647 096.3087 14.31634197861433
1 25419U 98046G   15038.21681615  .00002043  00000-0  81221-3 0  9991,2 25419 044.9995 345.2412 0000612 329.8665 170.1269 14.31637527861596
1 25419U 98046G   15039.33344123  .00001092  00000-0  45835-3 0  9999,2 25419 044.9995 340.0056 0000345 341.4218 159.0878 14.31647837861755
1 25419U 98046G   15041.21909572  .00000913  00000-0  39172-3 0  9992,2 25419 044.9993 331.1571 0000227 020.6902 127.7345 14.31653796862024
1 25419U 98046G   15042.26988331  .00000997  00000-0  42279-3 0  9992,2 25419 044.9991 326.2261 0000154 040.3737 128.9867 14.31655527862179
1 25419U 98046G   15044.06727221  .00000766  00000-0  33711-3 0  9996,2 25419 044.9987 317.7915 0000231 103.2713 338.7012 14.31657293862438
1 25419U 98046G   15045.26741199  .00000821  00000-0  35736-3 0  9990,2 25419 044.9984 312.1595 0000319 121.8363 031.5859 14.31658394862601
1 25419U 98046G   15049.85386302  .00000602  00000-0  27578-3 0  9992,2 25419 044.9977 290.6357 0000780 154.4372 260.3087 14.31670227863260
1 25419U 98046G   15051.12542428  .00000723  00000-0  32102-3 0  9991,2 25419 044.9976 284.6682 0000906 160.5407 334.1798 14.31670910863448
1 25419U 98046G   15052.50899414  .00000788  00000-0  34522-3 0  9993,2 25419 044.9974 278.1751 0001058 166.6808 265.8712 14.31672984863643
1 25419U 98046G   15053.83340856  .00000828  00000-0  35981-3 0  9996,2 25419 044.9973 271.9595 0001192 171.4630 253.7470 14.31674051863830
1 25419U 98046G   15055.03811104  .00000969  00000-0  41242-3 0  9992,2 25419 044.9972 266.3058 0001295 176.2108 344.0636 14.31678102864007
1 25419U 98046G   15056.54680045  .00000740  00000-0  32720-3 0  9995,2 25419 044.9973 259.2243 0001423 182.0583 201.5740 14.31681514864228
1 25419U 98046G   15057.89359483  .00000745  00000-0  32890-3 0  9996,2 25419 044.9979 252.8963 0001116 191.1440 300.6459 14.31683134864413
1 25419U 98046G   15058.94375491  .00000842  00000-0  36520-3 0  9992,2 25419 044.9978 247.9676 0001221 195.1458 314.4577 14.31685462864564
1 25419U 98046G   15060.52656140  .00001041  00000-0  43895-3 0  9997,2 25419 044.9978 240.5390 0001341 201.8924 193.4872 14.31689781864798
1 25419U 98046G   15060.52656140  .00001041  00000-0  43895-3 0  9997,2 25419 044.9978 240.5390 0001341 201.8924 193.4872 14.31689781864798
1 25419U 98046G   15061.87785295  .00001194  00000-0  49561-3 0  9995,2 25419 044.9979 234.1972 0001477 206.4797 320.2956 14.31693621864985
1 25419U 98046G   15063.52938481  .00001133  00000-0  47317-3 0  9996,2 25419 044.9982 226.4462 0001635 212.6470 194.5007 14.31696999865228
1 25419U 98046G   15064.87758113  .00001006  00000-0  42575-3 0  9997,2 25419 044.9982 220.1189 0001742 217.2322 305.3750 14.31699399865416
1 25419U 98046G   15066.54418247  .00001192  00000-0  49505-3 0  9990,2 25419 044.9981 212.2970 0001901 223.7381 257.0355 14.31704592865651
1 25419U 98046G   15067.80666749  .00001236  00000-0  51119-3 0  9995,2 25419 044.9982 206.3718 0002000 228.6395 285.4408 14.31708094865831
1 25419U 98046G   15069.38867289  .00001177  00000-0  48920-3 0  9992,2 25419 044.9982 198.9469 0002121 234.7360 161.1162 14.31712067866062
1 25419U 98046G   15070.50685366  .00001081  00000-0  45368-3 0  9999,2 25419 044.9984 193.6989 0002205 238.6780 166.0275 14.31714597866222
1 25419U 98046G   15071.78549345  .00001103  00000-0  46164-3 0  9996,2 25419 044.9984 187.6980 0002258 242.4890 278.9157 14.31718170866402
1 25419U 98046G   15073.16311394  .00000992  00000-0  42034-3 0  9998,2 25419 044.9986 181.2324 0002355 247.1879 181.5846 14.31720884866604
1 25419U 98046G   15074.48722115  .00000952  00000-0  40554-3 0  9992,2 25419 044.9985 175.0181 0002415 251.2106 168.8593 14.31723554866795
1 25419U 98046G   15076.09471959  .00000797  00000-0  34803-3 0  9995,2 25419 044.9984 167.4737 0002494 256.7118 176.7323 14.31725762867025
1 25419U 98046G   15077.20058740  .00001182  00000-0  49097-3 0  9998,2 25419 044.9983 162.2834 0002528 260.5937 118.2463 14.31730716867183
1 25419U 98046G   15078.47538443  .00001217  00000-0  50399-3 0  9997,2 25419 044.9982 156.3004 0002542 264.9245 210.8669 14.31734525867360
1 25419U 98046G   15079.52481791  .00000900  00000-0  38614-3 0  9991,2 25419 044.9983 151.3749 0002566 268.2015 221.8435 14.31735321867515
1 25419U 98046G   15080.64146799  .00000880  00000-0  37880-3 0  9993,2 25419 044.9983 146.1341 0002603 272.6115 218.4852 14.31738014867671
1 25419U 98046G   15082.15652517  .00000819  00000-0  35596-3 0  9995,2 25419 044.9984 139.0231 0002641 278.0988 109.5408 14.31741473867895
1 25419U 98046G   15083.20652873  .00000916  00000-0  39217-3 0  9999,2 25419 044.9984 134.0950 0002656 281.8838 122.9863 14.31744391868044
1 25419U 98046G   15084.55362020  .00000994  00000-0  42082-3 0  9990,2 25419 044.9982 127.7723 0002653 286.7344 228.1272 14.31747437868230
1 25419U 98046G   15086.14833069  .00001281  00000-0  52730-3 0  9994,2 25419 044.9980 120.2872 0002641 292.6170 169.7885 14.31752388868467
1 25419U 98046G   15087.48267927  .00001358  00000-0  55615-3 0  9996,2 25419 044.9979 114.0242 0002606 297.5723 209.1181 14.31756048868652
1 25419U 98046G   15088.53329926  .00001315  00000-0  54012-3 0  9994,2 25419 044.9979 109.0929 0002590 301.6934 225.4613 14.31758797868802
1 25419U 98046G   15089.83804582  .00001432  00000-0  58346-3 0  9998,2 25419 044.9981 102.9687 0002561 306.9330 111.8124 14.31762947868991
1 25419U 98046G   15091.46232163  .00001374  00000-0  56170-3 0  9998,2 25419 044.9982 095.3448 0002504 313.5131 205.3982 14.31767154869225
1 25419U 98046G   15092.83991417  .00001469  00000-0  59709-3 0  9990,2 25419 044.9984 088.8787 0002442 318.6983 107.6843 14.31771668869429
1 25419U 98046G   15094.10642348  .00001404  00000-0  57270-3 0  9998,2 25419 044.9985 082.9341 0002370 324.0046 156.7504 14.31775034869602
1 25419U 98046G   15095.14042231  .00001304  00000-0  53569-3 0  9994,2 25419 044.9985 078.0807 0002299 328.7406 086.7946 14.31777529869755
1 25419U 98046G   15096.41165998  .00001260  00000-0  51921-3 0  9992,2 25419 044.9986 072.1139 0002226 334.6763 159.6588 14.31781138869934
1 25419U 98046G   15098.14308553  .00001115  00000-0  46542-3 0  9992,2 25419 044.9989 063.9868 0002100 342.7336 084.7094 14.31785424870182
1 25419U 98046G   15099.34772890  .00001012  00000-0  42742-3 0  9998,2 25419 044.9990 058.3323 0002008 349.2430 173.4471 14.31788206870357
1 25419U 98046G   15100.85654838  .00001012  00000-0  42723-3 0  9997,2 25419 044.9994 051.2500 0001893 357.2170 030.1100 14.31792262870570
1 25419U 98046G   15102.20313286  .00001148  00000-0  47783-3 0  9998,2 25419 044.9996 044.9295 0001786 005.0148 129.9280 14.31796479870767
1 25419U 98046G   15103.25456807  .00001097  00000-0  45870-3 0  9999,2 25419 044.9997 039.9943 0001695 010.9678 148.7988 14.31798945870915
1 25419U 98046G   15104.29664336  .00001109  00000-0  46326-3 0  9993,2 25419 044.9998 035.1030 0001615 017.6387 118.6705 14.31801799871066
1 25419U 98046G   15106.18388888  .00001436  00000-0  58434-3 0  9994,2 25419 044.9998 026.2446 0001470 030.3614 123.1470 14.31809314871333
1 25419U 98046G   15107.22718147  .00001448  00000-0  58894-3 0  9998,2 25419 044.9999 021.3475 0001418 038.8922 097.4790 14.31812811871489
1 25419U 98046G   15108.81466201  .00001442  00000-0  58632-3 0  9999,2 25419 045.0000 013.8959 0001343 051.9256 355.0656 14.31817863871712
1 25419U 98046G   15110.16176065  .00001560  00000-0  63031-3 0  9996,2 25419 045.0002 007.5728 0001306 063.5133 093.8685 14.31822855871907
1 25419U 98046G   15111.20532545  .00001768  00000-0  70724-3 0  9998,2 25419 045.0002 002.6745 0001292 072.3936 069.3056 14.31827523872059
1 25419U 98046G   15112.72118218  .00001832  00000-0  73093-3 0  9997,2 25419 045.0001 355.5592 0001274 086.6703 316.1834 14.31833206872274
1 25419U 98046G   15113.78079198  .00001720  00000-0  68911-3 0  9996,2 25419 045.0000 350.5854 0001295 096.5060 013.4872 14.31836459872427
1 25419U 98046G   15114.81609838  .00001759  00000-0  70371-3 0  9996,2 25419 044.9999 345.7255 0001314 105.4562 306.2968 14.31840517872577
1 25419U 98046G   15116.08846595  .00001515  00000-0  61328-3 0  9992,2 25419 044.9997 339.7528 0001386 117.3299 019.3402 14.31843960872759
1 25419U 98046G   15117.39855472  .00001194  00000-0  49439-3 0  9993,2 25419 044.9997 333.6029 0001474 128.3992 287.8320 14.31846940872941
1 25419U 98046G   15118.44753740  .00001060  00000-0  44466-3 0  9992,2 25419 044.9996 328.6786 0001552 136.6068 291.9881 14.31849553873095
1 25419U 98046G   15119.55535934  .00000944  00000-0  40182-3 0  9999,2 25419 044.9996 323.4780 0001649 144.6545 239.9018 14.31851912873252
1 25419U 98046G   15121.04311669  .00000837  00000-0  36207-3 0  9997,2 25419 044.9995 316.4938 0001805 154.6900 346.1704 14.31854776873465
1 25419U 98046G   15122.55631727  .00000700  00000-0  31122-3 0  9994,2 25419 044.9994 309.3904 0001962 164.0140 224.4435 14.31857177873684
1 25419U 98046G   15123.82342448  .00000648  00000-0  29192-3 0  9999,2 25419 044.9993 303.4422 0002095 171.2866 275.0217 14.31859399873864
1 25419U 98046G   15124.95530826  .00000653  00000-0  29379-3 0  9996,2 25419 044.9992 298.1285 0002226 177.4531 349.0070 14.31861584874020
1 25419U 98046G   15126.83516685  .00000835  00000-0  36119-3 0  9994,2 25419 044.9988 289.3034 0002460 186.2642 319.6471 14.31860292874292
1 25419U 98046G   15128.49001485  .00000133  00000-0  10109-3 0  9997,2 25419 044.9994 281.5352 0002548 195.1914 209.1916 14.31861987874530
1 25419U 98046G   15129.82966822  .00001008  00000-0  42516-3 0  9999,2 25419 044.9991 275.2461 0002670 201.3286 275.2489 14.31866392874721
1 25419U 98046G   15130.88019498  .00001086  00000-0  45420-3 0  9998,2 25419 044.9990 270.3144 0002779 206.1726 290.8077 14.31869223874874
1 25419U 98046G   15132.39839632  .00001644  00000-0  66054-3 0  9992,2 25419 044.9990 263.1872 0002905 213.0930 197.3752 14.31876346875097
1 25419U 98046G   15133.51367745  .00001638  00000-0  65824-3 0  9995,2 25419 044.9989 257.9515 0003018 217.8820 187.1412 14.31879943875250
1 25419U 98046G   15134.79162867  .00001790  00000-0  71447-3 0  9991,2 25419 044.9988 251.9522 0003106 223.2131 295.7225 14.31885390875436
1 25419U 98046G   15135.96793096  .00001500  00000-0  60701-3 0  9995,2 25419 044.9987 246.4300 0003196 227.9197 240.4589 14.31887968875602
1 25419U 98046G   15137.14608075  .00001454  00000-0  58988-3 0  9991,2 25419 044.9987 240.8991 0003303 232.7696 194.6007 14.31891734875773
1 25419U 98046G   15138.41229086  .00001178  00000-0  48797-3 0  9993,2 25419 044.9985 234.9547 0003396 237.6859 243.0613 14.31894131875955
1 25419U 98046G   15139.44632231  .00001148  00000-0  47689-3 0  9993,2 25419 044.9985 230.1004 0003442 242.0029 174.1416 14.31897045876102
1 25419U 98046G   15140.50511630  .00000913  00000-0  38971-3 0  9994,2 25419 044.9984 225.1298 0003504 246.0181 233.2974 14.31898389876256
1 25419U 98046G   15141.54529851  .00000742  00000-0  32652-3 0  9993,2 25419 044.9984 220.2467 0003571 250.4499 196.0112 14.31899860876407
1 25419U 98046G   15142.60492571  .00000556  00000-0  25755-3 0  9998,2 25419 044.9983 215.2723 0003615 254.6209 259.3245 14.31901045876554
1 25419U 98046G   15143.65249308  .00000413  00000-0  20463-3 0  9995,2 25419 044.9982 210.3544 0003661 258.8336 260.3741 14.31902147876702
1 25419U 98046G   15145.16192718  .00000334  00000-0  17543-3 0  9992,2 25419 044.9980 203.2680 0003719 264.6985 122.9295 14.31903894876922
1 25419U 98046G   15146.50148110  .00000310  00000-0  16674-3 0  9996,2 25419 044.9978 196.9791 0003753 269.8903 189.6119 14.31905257877117
1 25419U 98046G   15147.55843233  .00000359  00000-0  18477-3 0  9996,2 25419 044.9976 192.0170 0003768 274.0711 239.1259 14.31906446877267
1 25419U 98046G   15148.93838939  .00000385  00000-0  19431-3 0  9996,2 25419 044.9975 185.5383 0003785 279.5495 154.0060 14.31907849877462
1 25419U 98046G   15150.11728692  .00000339  00000-0  17722-3 0  9993,2 25419 044.9974 180.0034 0003781 284.0795 112.4049 14.31908753877633
1 25419U 98046G   15150.55477160  .00000349  00000-0  18098-3 0  9990,2 25419 044.9975 177.9497 0003802 286.5612 207.2521 14.31901279877691
1 25419U 98046G   15152.14319313  .00000327  00000-0  17276-3 0  9995,2 25419 044.9976 170.4923 0003779 293.1133 116.6730 14.31902739877922
1 25419U 98046G   15153.49030683  .00000252  00000-0  14501-3 0  9999,2 25419 044.9975 164.1680 0003744 298.4047 222.2551 14.31903658878113
1 25419U 98046G   15155.14172105  .00000349  00000-0  18118-3 0  9994,2 25419 044.9976 156.4149 0003690 304.9080 096.7716 14.31905631878354
1 25419U 98046G   15156.41959584  .00000428  00000-0  21030-3 0  9994,2 25419 044.9975 150.4156 0003634 310.4464 204.8570 14.31907047878534
1 25419U 98046G   15157.46278405  .00000514  00000-0  24219-3 0  9994,2 25419 044.9975 145.5179 0003580 314.8415 183.1474 14.31908446878680
1 25419U 98046G   15159.12068832  .00000656  00000-0  29475-3 0  9996,2 25419 044.9976 137.7342 0003482 322.2899 090.2335 14.31911072878926
1 25419U 98046G   15159.95339117 +.00000817 +00000-0 +35402-3 0  9990,2 25419 044.9977 133.8248 0003433 326.1641 062.9884 14.31913212878858
1 25419U 98046G   15160.17043822  .00000797  00000-0  34667-3 0  9990,2 25419 044.9977 132.8058 0003415 327.1391 101.9444 14.31913357879070
1 25419U 98046G   15160.93076095 +.00000824 +00000-0 +35686-3 0  9995,2 25419 044.9978 129.2360 0003340 330.3019 061.9429 14.31914675878999
1 25419U 98046G   15161.37489174  .00000799  00000-0  34741-3 0  9992,2 25419 044.9979 127.1509 0003304 332.5412 191.3582 14.31915218879244
1 25419U 98046G   15161.90708676 +.00000870 +00000-0 +37388-3 0  9992,2 25419 044.9981 124.6522 0003268 334.9805 054.9761 14.31916506879137
1 25419U 98046G   15162.95688719 +.00000918 +00000-0 +39153-3 0  9998,2 25419 044.9983 119.7236 0003187 340.0840 066.7137 14.31918726879283
1 25419U 98046G   15163.93331186 +.00000983 +00000-0 +41565-3 0  9992,2 25419 044.9985 115.1394 0003111 344.8491 060.1859 14.31920901879424
1 25419U 98046G   15164.90968975 +.00000996 +00000-0 +42026-3 0  9999,2 25419 044.9986 110.5556 0003035 349.8823 053.1557 14.31922851879561
1 25419U 98046G   15165.34726441  .00000978  00000-0  41382-3 0  9992,2 25419 044.9986 108.5014 0003019 352.5155 148.3631 14.31923693879811
1 25419U 98046G   15165.88634671 +.00000906 +00000-0 +38689-3 0  9991,2 25419 044.9987 105.9704 0002976 355.3897 047.0992 14.31924353879701
1 25419U 98046G   15166.32335941 +.00000889 +00000-0 +38079-3 0  9992,2 25419 044.9987 103.9188 0002938 357.5957 139.8369 14.31925167879762
1 25419U 98046G   15167.83876711  .00000794  00000-0  34562-3 0  9992,2 25419 044.9988 096.8040 0002804 005.7942 031.0081 14.31927827880174
1 25419U 98046G   15168.81876444 +.00000713 +00000-0 +31569-3 0  9999,2 25419 044.9989 092.2031 0002727 011.5064 042.0039 14.31929445880127
1 25419U 98046G   15169.18523124  .00000711  00000-0  31474-3 0  9997,2 25419 044.9989 090.4826 0002700 013.7977 130.6533 14.31930169880361
1 25419U 98046G   15170.23560404  .00000571  00000-0  26311-3 0  9995,2 25419 044.9991 085.5513 0002616 020.0333 144.2632 14.31931347880512
1 25419U 98046G   15171.33725851  .00000497  00000-0  23576-3 0  9993,2 25419 044.9993 080.3792 0002534 026.7818 061.9757 14.31932773880670
1 25419U 98046G   15172.38733954  .00000428  00000-0  21013-3 0  9990,2 25419 044.9994 075.4492 0002451 034.2087 072.8988 14.31933880880827
1 25419U 98046G   15173.77030360  .00000407  00000-0  20228-3 0  9999,2 25419 044.9995 068.9565 0002361 043.9109 359.2078 14.31935406881029
1 25419U 98046G   15175.11684730  .00000697  00000-0  30964-3 0  9994,2 25419 044.9995 062.6348 0002297 053.2322 097.9894 14.31939093881217
1 25419U 98046G   15176.56732135  .00000454  00000-0  21987-3 0  9993,2 25419 044.9995 055.8250 0002233 063.4343 012.1643 14.31939483881426
1 25419U 98046G   15177.75339567  .00000393  00000-0  19711-3 0  9991,2 25419 044.9995 050.2564 0002211 071.8664 003.8303 14.31940861881598
1 25419U 98046G   15179.02641450  .00000325  00000-0  17207-3 0  9993,2 25419 044.9995 044.2797 0002212 081.4037 083.0274 14.31942259881771
1 25419U 98046G   15180.07224384  .00000269  00000-0  15118-3 0  9999,2 25419 044.9996 039.3697 0002226 088.8239 072.0560 14.31943287881921
1 25419U 98046G   15181.44964832  .00000233  00000-0  13822-3 0  9991,2 25419 044.9997 032.9028 0002241 099.3180 328.9330 14.31944461882124
1 25419U 98046G   15182.77340862  .00000284  00000-0  15689-3 0  9998,2 25419 044.9997 026.6876 0002296 109.8300 309.0559 14.31945900882319
1 25419U 98046G   15183.97738888  .00000300  00000-0  16263-3 0  9998,2 25419 044.9997 021.0350 0002362 118.6159 032.7880 14.31947055882487
1 25419U 98046G   15185.02158984  .00000366  00000-0  18725-3 0  9996,2 25419 044.9997 016.1325 0002425 126.1876 013.2786 14.31948324882630
1 25419U 98046G   15186.53620091  .00000645  00000-0  29037-3 0  9994,2 25419 044.9997 009.0212 0002511 136.5981 258.2521 14.31951518882855
1 25419U 98046G   15187.80125736  .00000500  00000-0  23676-3 0  9994,2 25419 044.9997 003.0817 0002613 144.7234 297.8178 14.31952319883033
1 25419U 98046G   15188.85898491  .00000539  00000-0  25107-3 0  9998,2 25419 044.9998 358.1157 0002690 151.1444 349.2762 14.31953864883188
1 25419U 98046G   15190.51516028  .00000695  00000-0  30868-3 0  9990,2 25419 044.9996 350.3394 0002899 161.1920 245.1005 14.31950671883428
1 25419U 98046G   15191.86156782  .00000097  00000-0  87853-4 0  9999,2 25419 044.9999 344.0183 0002971 169.3659 344.3851 14.31951054883615
1 25419U 98046G   15192.90534823  .00000181  00000-0  11890-3 0  9992,2 25419 044.9999 339.1180 0003072 174.3683 325.2944 14.31952592883768
1 25419U 98046G   15194.48842473  .00000561  00000-0  25931-3 0  9993,2 25419 044.9999 331.6853 0003214 183.1692 205.1902 14.31955720883999
1 25419U 98046G   15195.76849762  .00000510  00000-0  24039-3 0  9995,2 25419 044.9998 325.6755 0003329 189.6468 323.9151 14.31957510884176
1 25419U 98046G   15196.81717595  .00000405  00000-0  20171-3 0  9996,2 25419 044.9998 320.7519 0003439 194.8145 329.9534 14.31958484884321
1 25419U 98046G   15198.46878039  .00000279  00000-0  15515-3 0  9995,2 25419 044.9998 312.9974 0003594 202.7817 204.3142 14.31959936884566
1 25419U 98046G   15199.51774414  .00000266  00000-0  15006-3 0  9995,2 25419 044.9997 308.0724 0003696 207.7553 212.0288 14.31960926884714
1 25419U 98046G   15200.78932628  .00000246  00000-0  14260-3 0  9999,2 25419 044.9997 302.1024 0003803 213.6757 287.5187 14.31961906884897
1 25419U 98046G   15202.10125106  .00000179  00000-0  11789-3 0  9990,2 25419 044.9996 295.9428 0003920 219.6928 211.0859 14.31962559885084
1 25419U 98046G   15203.14871632  .00000191  00000-0  12243-3 0  9997,2 25419 044.9995 291.0250 0003996 224.2549 211.4906 14.31963468885231
1 25419U 98046G   15204.47308604  .00000183  00000-0  11934-3 0  9995,2 25419 044.9993 284.8071 0004080 229.8255 199.7299 14.31964530885425
1 25419U 98046G   15205.52212072  .00000167  00000-0  11364-3 0  9994,2 25419 044.9991 279.8818 0004143 234.3094 208.3172 14.31965297885572
1 25419U 98046G   15206.65381823  .00000157  00000-0  10987-3 0  9999,2 25419 044.9989 274.5684 0004200 239.1467 283.0981 14.31966074885733
1 25419U 98046G   15208.53326178  .00000183  00000-0  11949-3 0  9998,2 25419 044.9985 265.7440 0004306 247.0906 253.1874 14.31967402886000
1 25419U 98046G   15209.58257374  .00000252  00000-0  14504-3 0  9992,2 25419 044.9984 260.8172 0004361 251.6030 263.1877 14.31968438886157
1 25419U 98046G   15210.62647360  .00000278  00000-0  15450-3 0  9996,2 25419 044.9982 255.9158 0004403 256.0752 245.3039 14.31969242886304
1 25419U 98046G   15212.14113890  .00000288  00000-0  15828-3 0  9991,2 25419 044.9980 248.8040 0004448 262.4095 134.7436 14.31970432886522
1 25419U 98046G   15213.48929500  .00000311  00000-0  16663-3 0  9997,2 25419 044.9979 242.4740 0004467 268.1363 245.5988 14.31971752886719
1 25419U 98046G   15214.53132797  .00000280  00000-0  15525-3 0  9999,2 25419 044.9978 237.5814 0004472 272.3874 218.3153 14.31972493886866
1 25419U 98046G   15216.11970697  .00000264  00000-0  14930-3 0  9995,2 25419 044.9977 230.1233 0004478 279.1465 127.7163 14.31973739887090
1 25419U 98046G   15217.46648902  .00000314  00000-0  16792-3 0  9999,2 25419 044.9976 223.7997 0004458 284.8731 231.4958 14.31975003887283
1 25419U 98046G   15219.13385999  .00000355  00000-0  18290-3 0  9999,2 25419 044.9975 215.9706 0004423 291.7757 188.3743 14.31976565887523
1 25419U 98046G   15220.32268782  .00000417  00000-0  20607-3 0  9996,2 25419 044.9976 210.3885 0004382 296.7149 197.8976 14.31977949887693
1 25419U 98046G   15221.43888595  .00000492  00000-0  23356-3 0  9996,2 25419 044.9976 205.1476 0004339 301.6432 192.6634 14.31979641887857
1 25419U 98046G   15223.17006403  .00000339  00000-0  17698-3 0  9991,2 25419 044.9978 197.0191 0004253 309.3179 118.0462 14.31980729888109
1 25419U 98046G   15224.37450405  .00000278  00000-0  15466-3 0  9992,2 25419 044.9979 191.3639 0004184 315.0660 207.3393 14.31981716888276
1 25419U 98046G   15225.75151800  .00000189  00000-0  12163-3 0  9994,2 25419 044.9981 184.8984 0004101 321.3317 106.6179 14.31982422888477
1 25419U 98046G   15226.85943325  .00000327  00000-0  17274-3 0  9999,2 25419 044.9981 179.6962 0004025 326.3281 058.5798 14.31981714888638
1 25419U 98046G   15227.90930539  .00000282  00000-0  15613-3 0  9994,2 25419 044.9982 174.7666 0003944 331.2948 071.0696 14.31982507888784
1 25419U 98046G   15229.18242128  .00000378  00000-0  19131-3 0  9991,2 25419 044.9982 168.7889 0003831 337.5900 154.2008 14.31984205888964
1 25419U 98046G   15229.86174154 +.00000374 +00000-0 +18988-3 0  9994,2 25419 044.9983 165.5992 0003779 340.8622 056.3024 14.31984828888875
1 25419U 98046G   15230.29917381  .00000320  00000-0  16995-3 0  9997,2 25419 044.9983 163.5455 0003749 343.0341 151.3325 14.31984894889129
1 25419U 98046G   15230.83829803 +.00000297 +00000-0 +16161-3 0  9996,2 25419 044.9984 161.0140 0003704 345.6909 050.6223 14.31985268889015
1 25419U 98046G   15231.60991716  .00000208  00000-0  12885-3 0  9996,2 25419 044.9985 157.3911 0003643 349.6623 068.3005 14.31985510889316
1 25419U 98046G   15231.89954902 +.00000235 +00000-0 +13852-3 0  9998,2 25419 044.9985 156.0312 0003614 351.1416 121.3577 14.31985911889165
1 25419U 98046G   15232.93308659  .00000213  00000-0  13053-3 0  9995,2 25419 044.9987 151.1785 0003521 356.5740 049.1100 14.31986720889509
1 25419U 98046G   15234.21075906  .00000220  00000-0  13307-3 0  9994,2 25419 044.9988 145.1796 0003422 003.6706 154.9692 14.31987815889683
1 25419U 98046G   15234.88587913 +.00000205 +00000-0 +12757-3 0  9994,2 25419 044.9988 142.0096 0003363 007.3055 035.0435 14.31988254889596
1 25419U 98046G   15235.79305361  .00000265  00000-0  14965-3 0  9999,2 25419 044.9988 137.7502 0003294 012.4241 031.0683 14.31989255889915
1 25419U 98046G   15236.91192280 +.00000282 +00000-0 +15587-3 0  9998,2 25419 044.9987 132.4968 0003211 018.8632 038.1489 14.31990189889881
1 25419U 98046G   15238.10888789  .00000275  00000-0  15352-3 0  9999,2 25419 044.9986 126.8765 0003126 025.7836 087.7374 14.31991053890246
1 25419U 98046G   15239.77613756 +.00000308 +00000-0 +16561-3 0  9993,2 25419 044.9986 119.0479 0003006 035.9386 040.8379 14.31992868890297
1 25419U 98046G   15240.54278244  .00000340  00000-0  17759-3 0  9995,2 25419 044.9986 115.4482 0002959 040.6781 032.1045 14.31993928890594
1 25419U 98046G   15240.89057053 +.00000350 +00000-0 +18114-3 0  9993,2 25419 044.9986 113.8151 0002940 042.8708 024.5533 14.31994434890457
1 25419U 98046G   15240.89057053 +.00000350 +00000-0 +18114-3 0  9993,2 25419 044.9986 113.8151 0002940 042.8708 024.5533 14.31994434890457
1 25419U 98046G   15241.72415030  .00000372  00000-0  18940-3 0  9990,2 25419 044.9987 109.9010 0002890 048.5033 000.3253 14.31995561890763
1 25419U 98046G   15241.86687271 +.00000372 +00000-0 +18930-3 0  9992,2 25419 044.9987 109.2309 0002878 049.4875 015.8119 14.31995736890594
1 25419U 98046G   15242.70049546 +.00000332 +00000-0 +17454-3 0  9999,2 25419 044.9987 105.3166 0002833 055.2513 351.6769 14.31996474890713
1 25419U 98046G   15243.07098859  .00000330  00000-0  17367-3 0  9992,2 25419 044.9987 103.5771 0002823 057.8214 100.9121 14.31996870890953
1 25419U 98046G   15243.76155995 +.00000343 +00000-0 +17857-3 0  9991,2 25419 044.9988 100.3345 0002787 062.5873 059.6094 14.31997683890861
1 25419U 98046G   15244.52095274  .00000350  00000-0  18113-3 0  9993,2 25419  44.9988  96.7688 0002758  67.7811  13.0105 14.31998480891163
1 25419U 98046G   15244.73803685 +.00000344 +00000-0 +17887-3 0  9999,2 25419 044.9988 095.7495 0002753 069.3703 051.6124 14.31998684891009
1 25419U 98046G   15245.71447778 +.00000314 +00000-0 +16779-3 0  9991,2 25419 044.9987 091.1646 0002725 076.2428 043.3431 14.31999439891330
1 25419U 98046G   15246.68988380 +.00000284 +00000-0 +15683-3 0  9996,2 25419 044.9987 086.5845 0002711 083.0726 029.7788 14.32000133891283
1 25419U 98046G   15247.03603145  .00000274  00000-0  15304-3 0  9998,2 25419  44.9987  84.9593 0002716  85.6673  13.3673 14.32000387891529
1 25419U 98046G   15247.66583041 +.00000259 +00000-0 +14759-3 0  9995,2 25419 044.9986 082.0019 0002710 090.4169 018.4930 14.32000862891427
1 25419U 98046G   15248.55846456  .00000240  00000-0  14029-3 0  9996,2 25419  44.9986  77.8104 0002720  96.9958 298.0672 14.32001489891742
1 25419U 98046G   15248.93029001 +.00000232 +00000-0 +13749-3 0  9996,2 25419 044.9987 076.0645 0002728 099.5730 054.1767 14.32001761891603
1 25419U 98046G   15249.82361609  .00000199  00000-0  12538-3 0  9995,2 25419  44.9987  71.8696 0002768 106.6003 336.8758 14.32002312891927
1 25419U 98046G   15249.90907866 +.00000201 +00000-0 +12593-3 0  9990,2 25419 044.9987 071.4683 0002769 107.0665 057.4123 14.32002387891743
1 25419U 98046G   15250.88392675  .00000198  00000-0  12488-3 0  9993,2 25419  44.9989  66.8909 0002797 113.6133  41.2627 14.32003152892076
1 25419U 98046G   15251.92498178  .00000229  00000-0  13641-3 0  9991,2 25419  44.9990  62.0026 0002835 120.7964   6.1203 14.32004138892222
1 25419U 98046G   15252.90741640 +.00000236 +00000-0 +13909-3 0  9990,2 25419 044.9992 057.3897 0002876 127.1873 029.2802 14.32004908892172
1 25419U 98046G   15253.52564307  .00000265  00000-0  14968-3 0  9990,2 25419  44.9993  54.4867 0002907 131.2604 335.3769 14.32005512892457
1 25419U 98046G   15253.88385166 +.00000254 +00000-0 +14564-3 0  9993,2 25419 044.9994 052.8048 0002930 133.5532 021.5108 14.32005737892317
1 25419U 98046G   15254.85293197  .00000300  00000-0  16270-3 0  9991,2 25419  44.9994  48.2544 0003018 140.0624 335.6330 14.32002364892645
1 25419U 98046G   15254.92732918 +.00000284 +00000-0 +15675-3 0  9997,2 25419 044.9994 047.9052 0003023 140.6774 358.9213 14.32002446892462
1 25419U 98046G   15255.90350961  .00000222  00000-0  13397-3 0  9991,2 25419  44.9995  43.3216 0003094 146.6519 350.2189 14.32002970892791
1 25419U 98046G   15255.90350961 +.00000222 +00000-0 +13397-3 0  9991,2 25419 044.9995 043.3216 0003094 146.6519 350.2189 14.32002970892601
1 25419U 98046G   15256.81243869 +.00000184 +00000-0 +11963-3 0  9994,2 25419 044.9995 039.0538 0003163 152.4433 354.6722 14.32003521892735
1 25419U 98046G   15257.50186455  .00000181  00000-0  11873-3 0  9995,2 25419  44.9996  35.8165 0003216 156.5568 308.1273 14.32004050893025
1 25419U 98046G   15257.79041605 +.00000178 +00000-0 +11751-3 0  9994,2 25419 044.9996 034.4617 0003239 158.1457 355.5193 14.32004258892871
1 25419U 98046G   15258.53657612  .00000181  00000-0  11875-3 0  9999,2 25419  44.9997  30.9581 0003300 162.6615 241.3338 14.32004921893172
1 25419U 98046G   15258.83244825 +.00000182 +00000-0 +11893-3 0  9991,2 25419 044.9998 029.5689 0003319 164.3996 326.3533 14.32005161893029
1 25419U 98046G   15259.81502656  .00000157  00000-0  10963-3 0  9998,2 25419  44.9999  24.9554 0003399 170.1414 350.9067 14.32005723893353
1 25419U 98046G   15260.78512228 +.00000190 +00000-0 +12188-3 0  9990,2 25419 045.0000 020.4004 0003481 175.5245 311.4094 14.32006576893306
1 25419U 98046G   15261.19230709  .00000210  00000-0  12922-3 0  9996,2 25419  45.0001  18.4884 0003512 177.8710 250.2176 14.32006941893551
1 25419U 98046G   15261.76767013 +.00000233 +00000-0 +13789-3 0  9999,2 25419 045.0001 015.7868 0003565 180.8240 336.2536 14.32007442893443
1 25419U 98046G   15262.51621387  .00000298  00000-0  16188-3 0  9993,2 25419  45.0002  12.2720 0003636 184.9675 234.7482 14.32008322893742
1 25419U 98046G   15262.81107888 +.00000313 +00000-0 +16726-3 0  9997,2 25419 045.0002 010.8876 0003657 186.3302 314.9496 14.32008617893590
1 25419U 98046G   15263.78746328  .00000349  00000-0  18085-3 0  9991,2 25419  45.0002   6.3031 0003740 191.3685 308.2570 14.32009553893922
1 25419U 98046G   15264.68934994 +.00000333 +00000-0 +17467-3 0  9995,2 25419 045.0002 002.0684 0003812 195.8642 277.6868 14.32010261893861
1 25419U 98046G   15265.51846228  .00000337  00000-0  17612-3 0  9996,2 25419  45.0001 358.1754 0003887 200.1258 231.8234 14.32011142894171
1 25419U 98046G   15265.73985369 +.00000341 +00000-0 +17780-3 0  9991,2 25419 045.0001 357.1360 0003898 201.0315 293.3458 14.32011418894019
1 25419U 98046G   15266.72302916  .00000341  00000-0  17783-3 0  9995,2 25419  45.0000 352.5195 0003977 205.8560 321.9228 14.32012518894346
1 25419U 98046G   15267.69255728 +.00000383 +00000-0 +19312-3 0  9996,2 25419 045.0000 347.9672 0004053 210.5150 280.2469 14.32013923894297
1 25419U 98046G   15268.23124591  .00000395  00000-0  19761-3 0  9991,2 25419  45.0000 345.4377 0004096 213.1639 177.3537 14.32014614894560
1 25419U 98046G   15268.67539532 +.00000388 +00000-0 +19514-3 0  9992,2 25419 044.9999 343.3523 0004126 215.0780 307.3516 14.32015044894433
1 25419U 98046G   15269.57809689  .00000384  00000-0  19370-3 0  9991,2 25419  44.9999 339.1137 0004193 219.2799 281.2982 14.32016013894756
1 25419U 98046G   15269.72013157 +.00000384 +00000-0 +19372-3 0  9997,2 25419 044.9999 338.4467 0004200 219.9059 293.6044 14.32016169894588
1 25419U 98046G   15270.62760330  .00000425  00000-0  20852-3 0  9991,2 25419  44.9998 334.1857 0004261 224.1070 292.1710 14.32017329894900
1 25419U 98046G   15271.60386194 +.00000424 +00000-0 +20827-3 0  9993,2 25419 044.9998 329.6017 0004323 228.5557 285.4503 14.32018315894859
1 25419U 98046G   15272.21310255  .00000447  00000-0  21679-3 0  9997,2 25419  44.9997 326.7409 0004363 231.3099 186.5253 14.32019060895131
1 25419U 98046G   15272.36106192 +.00000448 +00000-0 +21730-3 0  9995,2 25419 044.9997 326.0462 0004373 231.9594 229.3824 14.32019235894964
1 25419U 98046G   15273.55635196  .00000501  00000-0  23682-3 0  9996,2 25419  44.9995 320.4337 0004426 237.3101 272.0244 14.32020878895321
1 25419U 98046G   15273.62354956 +.00000500 +00000-0 +23630-3 0  9998,2 25419 044.9995 320.1181 0004428 237.6632 258.4279 14.32020953895149
1 25419U 98046G   15274.59588647  .00000517  00000-0  24266-3 0  9995,2 25419  44.9993 315.5525 0004471 242.0256 231.5702 14.32022268895477
1 25419U 98046G   15275.51067193 +.00000570 +00000-0 +26232-3 0  9990,2 25419 044.9992 311.2570 0004505 246.0407 268.0847 14.32023795895414
1 25419U 98046G   15276.18799547  .00000531  00000-0  24765-3 0  9995,2 25419  44.9991 308.0765 0004534 248.8832 160.4098 14.32024545895706
1 25419U 98046G   15276.55271748 +.00000550 +00000-0 +25496-3 0  9997,2 25419 044.9990 306.3640 0004539 250.4596 240.8947 14.32025109895566
1 25419U 98046G   15277.53529071  .00000493  00000-0  23388-3 0  9995,2 25419  44.9989 301.7500 0004571 254.6870 267.0075 14.32026090895894
1 25419U 98046G   15278.51144287 +.00000466 +00000-0 +22393-3 0  9991,2 25419 044.9988 297.1662 0004596 258.9333 259.9723 14.32027238895848
1 25419U 98046G   15279.18645140  .00000441  00000-0  21466-3 0  9992,2 25419  44.9988 293.9964 0004612 261.8054 140.3289 14.32027867896130
1 25419U 98046G   15279.48764626 +.00000443 +00000-0 +21535-3 0  9995,2 25419 044.9988 292.5822 0004611 263.1625 253.2206 14.32028225895980
1 25419U 98046G   15280.46389272  .00000495  00000-0  23452-3 0  9992,2 25419  44.9987 287.9979 0004624 267.3987 246.6904 14.32029698896315
1 25419U 98046G   15281.56753856  .00000470  00000-0  22539-3 0  9995,2 25419  44.9987 282.8154 0004624 271.9842 177.2321 14.32030915896478
1 25419U 98046G   15281.91408369 +.00000464 +00000-0 +22287-3 0  9993,2 25419 044.9987 281.1881 0004630 273.5742 163.9149 14.32031295896338
1 25419U 98046G   15282.94892664 +.00000386 +00000-0 +19431-3 0  9992,2 25419 044.9986 276.3287 0004618 278.1351 099.4444 14.32032130896482
1 25419U 98046G   15283.16537481  .00000383  00000-0  19303-3 0  9995,2 25419  44.9986 275.3122 0004612 278.9589 135.5568 14.32032394896700
1 25419U 98046G   15283.45988940 +.00000373 +00000-0 +18946-3 0  9998,2 25419 044.9986 273.9294 0004604 280.3405 213.9572 14.32032701896550
1 25419U 98046G   15284.44313928  .00000337  00000-0  17626-3 0  9990,2 25419  44.9986 269.3123 0004583 284.5321 243.6267 14.32033704896880
1 25419U 98046G   15284.97501727 +.00000333 +00000-0 +17463-3 0  9999,2 25419 044.9986 266.8147 0004576 286.9097 105.8990 14.32034318896778
1 25419U 98046G   15285.95127071 +.00000335 +00000-0 +17537-3 0  9998,2 25419 044.9986 262.2304 0004549 291.2930 099.2785 14.32035454896914
1 25419U 98046G   15286.16725900  .00000340  00000-0  17731-3 0  9999,2 25419  44.9986 261.2162 0004538 292.1690 132.9676 14.32035713897133
1 25419U 98046G   15286.92750220 +.00000343 +00000-0 +17832-3 0  9991,2 25419 044.9986 257.6463 0004518 295.5753 092.6490 14.32036539897055
1 25419U 98046G   15287.37137213  .00000424  00000-0  20840-3 0  9995,2 25419  44.9986 255.5621 0004494 297.6217 221.1084 14.32037433897309
1 25419U 98046G   15287.77241321 +.00000429 +00000-0 +21016-3 0  9996,2 25419 044.9987 253.6788 0004484 299.3783 128.8481 14.32037857897178
1 25419U 98046G   15288.74875522  .00000457  00000-0  22042-3 0  9991,2 25419  44.9986 249.0941 0004444 303.5717 122.8855 14.32038982897504
1 25419U 98046G   15288.89439612 +.00000501 +00000-0 +23653-3 0  9992,2 25419 044.9986 248.4102 0004435 304.2078 153.8031 14.32039399897338
1 25419U 98046G   15289.85640664  .00000559  00000-0  25803-3 0  9992,2 25419  44.9986 243.8928 0004383 308.5438  73.7482 14.32040752897663
1 25419U 98046G   15290.90611556  .00000627  00000-0  28305-3 0  9994,2 25419  44.9986 238.9635 0004320 313.2304  85.9014 14.32042473897814
1 25419U 98046G   15291.88238088 +.00000673 +00000-0 +30016-3 0  9990,2 25419 044.9986 234.3792 0004257 317.6576 079.3283 14.32044223897760
1 25419U 98046G   15292.17186988  .00000721  00000-0  31786-3 0  9993,2 25419  44.9986 233.0199 0004234 319.0171 131.8299 14.32044978897992
1 25419U 98046G   15292.85867421 +.00000721 +00000-0 +31767-3 0  9995,2 25419 044.9986 229.7947 0004187 322.1346 072.8567 14.32046161897900
1 25419U 98046G   15293.22875421  .00000752  00000-0  32917-3 0  9998,2 25419  44.9986 228.0570 0004157 323.8994 180.8317 14.32046979898145
1 25419U 98046G   15293.92003387 +.00000732 +00000-0 +32188-3 0  9997,2 25419 044.9986 224.8109 0004106 326.8896 145.0852 14.32048174898051
1 25419U 98046G   15294.27255983  .00000738  00000-0  32411-3 0  9992,2 25419  44.9986 223.1556 0004081 328.6149 162.5168 14.32048815898294
1 25419U 98046G   15294.88443399 +.00000747 +00000-0 +32730-3 0  9993,2 25419 044.9986 220.2823 0004033 331.4822 077.1375 14.32050035898193
1 25419U 98046G   15295.78738655  .00000702  00000-0  31064-3 0  9995,2 25419  44.9986 216.0423 0003970 335.8004  52.3771 14.32051372898517
1 25419U 98046G   15295.92992684 +.00000729 +00000-0 +32058-3 0  9998,2 25419 044.9986 215.3729 0003954 336.4007 067.3367 14.32051806898340
1 25419U 98046G   15296.83711838  .00000704  00000-0  31155-3 0  9999,2 25419  44.9985 211.1128 0003882 340.8361  64.3408 14.32053258898669
1 25419U 98046G   15296.90626209 +.00000725 +00000-0 +31924-3 0  9991,2 25419 044.9985 210.7881 0003870 341.1479 060.8361 14.32053494898482
1 25419U 98046G   15297.89820109 +.00000752 +00000-0 +32905-3 0  9995,2 25419 044.9984 206.1301 0003788 346.1536 134.6055 14.32055404898623
1 25419U 98046G   15298.18398588  .00000756  00000-0  33073-3 0  9990,2 25419  44.9983 204.7881 0003767 347.6251 167.8914 14.32055943898851
1 25419U 98046G   15298.78988512 +.00000770 +00000-0 +33595-3 0  9993,2 25419 044.9983 201.9429 0003715 350.5663 051.6209 14.32057099898751
1 25419U 98046G   15299.22695252  .00000678  00000-0  30185-3 0  9998,2 25419  44.9982 199.8905 0003678 352.8756 144.7449 14.32057266899005
1 25419U 98046G   15299.90852122 +.00000653 +00000-0 +29271-3 0  9991,2 25419 044.9982 196.6898 0003618 356.4160 058.3612 14.32058281898913
1 25419U 98046G   15300.82072696  .00000596  00000-0  27168-3 0  9994,2 25419  44.9981 192.4061 0003538   1.3942  80.7202 14.32059532899233
1 25419U 98046G   15300.96716942 +.00000598 +00000-0 +27235-3 0  9995,2 25419 044.9981 191.7184 0003527 002.1964 115.6183 14.32059780899064
1 25419U 98046G   15301.71848421 +.00000537 +00000-0 +24990-3 0  9995,2 25419 044.9981 188.1903 0003465 006.2223 028.6729 14.32060677899175
1 25419U 98046G   15302.15805154  .00000509  00000-0  23946-3 0  9999,2 25419  44.9981 186.1261 0003432   8.8457 134.3910 14.32061208899427
1 25419U 98046G   15302.91081110 +.00000508 +00000-0 +23919-3 0  9990,2 25419 044.9981 182.5912 0003367 012.9829 054.7941 14.32062358899343
1 25419U 98046G   15303.67095439  .00000490  00000-0  23269-3 0  9991,2 25419  44.9980 179.0216 0003309  17.3557  13.0672 14.32063364899643
1 25419U 98046G   15303.88693968 +.00000504 +00000-0 +23774-3 0  9992,2 25419 044.9981 178.0074 0003289 018.6452 046.3497 14.32063767899483
1 25419U 98046G   15304.72056050  .00000478  00000-0  22795-3 0  9993,2 25419  44.9980 174.0927 0003227  23.5024  23.3150 14.32064703899793
1 25419U 98046G   15305.83914473  .00000593  00000-0  27041-3 0  9995,2 25419  44.9978 168.8399 0003146  30.3380  28.8346 14.32066709899958
1 25419U 98046G   15305.91308693 +.00000509 +00000-0 +23960-3 0  9998,2 25419 044.9978 168.4927 0003141 030.8017 049.9431 14.32066344899772
1 25419U 98046G   15306.96994994 +.00000485 +00000-0 +23070-3 0  9994,2 25419 044.9977 163.5296 0003071 037.2882 097.3091 14.32067404899923
1 25419U 98046G   15307.04375797  .00000485  00000-0  23060-3 0  9997,2 25419  44.9976 163.1830 0003068  37.7115 117.7662 14.32067487900129
1 25419U 98046G   15307.94627161 +.00000527 +00000-0 +24599-3 0  9996,2 25419 044.9975 158.9448 0003015 043.5234 089.3041 14.32068722900065
1 25419U 98046G   15308.08669784  .00000525  00000-0  24548-3 0  9991,2 25419  44.9975 158.2853 0003009  44.4588  93.0275 14.32068888900270
1 25419U 98046G   15308.92278991 +.00000520 +00000-0 +24359-3 0  9995,2 25419 044.9973 154.3590 0002957 049.7472 082.3297 14.32069830900200
1 25419U 98046G   15309.39825255  .00000454  00000-0  21914-3 0  9998,2 25419  44.9973 152.1261 0002932  52.9230  12.7440 14.32070019900468
1 25419U 98046G   15309.97211038 +.00000434 +00000-0 +21181-3 0  9994,2 25419 044.9972 149.4312 0002904 056.7343 090.2858 14.32070594900359
1 25419U 98046G   15310.57819209  .00000420  00000-0  20683-3 0  9997,2 25419  44.9972 146.5848 0002873  60.8094 333.8542 14.32071236900636
1 25419U 98046G   15310.95002066 +.00000384 +00000-0 +19322-3 0  9991,2 25419 044.9972 144.8387 0002862 063.5508 089.9088 14.32071449900497
1 25419U 98046G   15311.77042435  .00000429  00000-0  20986-3 0  9994,2 25419  44.9973 140.9859 0002827  69.3378 357.7646 14.32072784900803
1 25419U 98046G   15311.92862780 +.00000413 +00000-0 +20417-3 0  9996,2 25419 044.9974 140.2430 0002832 070.2776 093.2240 14.32072897900639
1 25419U 98046G   15312.90081023  .00000387  00000-0  19443-3 0  9995,2 25419  44.9974 135.6775 0002802  76.8548  63.5371 14.32073922900966
1 25419U 98046G   15313.79623056 +.00000440 +00000-0 +21399-3 0  9994,2 25419 044.9975 131.4723 0002778 083.1073 358.0536 14.32075338900902
1 25419U 98046G   15314.85489346  .00000455  00000-0  21955-3 0  9998,2 25419  44.9976 126.5007 0002770  90.1310  54.2071 14.32076671901245
1 25419U 98046G   15314.92686894 +.00000513 +00000-0 +24109-3 0  9992,2 25419 044.9976 126.1626 0002771 090.7439 065.0211 14.32077110901062
1 25419U 98046G   15315.90338994  .00000459  00000-0  22108-3 0  9992,2 25419  44.9976 121.5767 0002764  97.9977  57.0600 14.32077954901390
1 25419U 98046G   15316.87932001 +.00000472 +00000-0 +22600-3 0  9990,2 25419 044.9977 116.9936 0002773 104.7003 046.6050 14.32079191901347
1 25419U 98046G   15316.94641060  .00000404  00000-0  20060-3 0  9993,2 25419  44.9977 116.6786 0002772 105.0872  32.4361 14.32078901901542
1 25419U 98046G   15317.92277123 +.00000444 +00000-0 +21549-3 0  9994,2 25419 044.9978 112.0934 0002788 111.8170 024.1813 14.32080369901496
1 25419U 98046G   15318.46163252  .00000454  00000-0  21919-3 0  9993,2 25419  44.9978 109.5627 0002801 115.6915 281.0836 14.32081114901769
1 25419U 98046G   15318.89902714 +.00000418 +00000-0 +20594-3 0  9992,2 25419 044.9978 107.5088 0002810 118.5553 015.3819 14.32081522901636
1 25419U 98046G   15319.52111640  .00000419  00000-0  20642-3 0  9998,2 25419  44.9979 104.5872 0002828 122.8347 341.3772 14.32082345901918
1 25419U 98046G   15319.87602884 +.00000406 +00000-0 +20160-3 0  9992,2 25419 044.9979 102.9206 0002837 125.2818 010.4477 14.32082795901770
1 25419U 98046G   15320.85162213  .00000503  00000-0  23704-3 0  9994,2 25419  44.9981  98.3390 0002875 131.9785 358.2820 14.32084772902104
1 25419U 98046G   15321.82791306 +.00000604 +00000-0 +27447-3 0  9993,2 25419 044.9984 093.7541 0002915 138.1662 350.2307 14.32086816902059
1 25419U 98046G   15322.36651082  .00000642  00000-0  28862-3 0  9993,2 25419  44.9985  91.2248 0002933 141.6710 246.1547 14.32087850902328
1 25419U 98046G   15322.80431126 +.00000673 +00000-0 +29978-3 0  9990,2 25419 044.9986 089.1689 0002955 144.3464 342.7465 14.32088741902191
1 25419U 98046G   15323.41623505  .00000697  00000-0  30858-3 0  9997,2 25419  44.9988  86.2952 0002986 148.2993 256.6260 14.32089924902479
1 25419U 98046G   15323.78663351 +.00000684 +00000-0 +30375-3 0  9990,2 25419 044.9988 084.5558 0003007 150.5890 005.7774 14.32090431902332
1 25419U 98046G   15324.53503748  .00000682  00000-0  30313-3 0  9997,2 25419  44.9990  81.0412 0003057 155.1551 263.3531 14.32091654902630
1 25419U 98046G   15324.76382333 +.00000650 +00000-0 +29155-3 0  9994,2 25419 044.9990 079.9669 0003074 156.3231 002.8366 14.32091886902478
1 25419U 98046G   15325.80613119  .00000669  00000-0  29834-3 0  9993,2 25419  44.9991  75.0721 0003141 162.5395 335.4626 14.32093797902815
1 25419U 98046G   15326.78242821 +.00000694 +00000-0 +30764-3 0  9991,2 25419 044.9992 070.4873 0003204 168.2622 327.9395 14.32095716902765
1 25419U 98046G   15327.11755295  .00000621  00000-0  28051-3 0  9999,2 25419  44.9993  68.9135 0003225 170.2732 255.3471 14.32095925903006
1 25419U 98046G   15327.69132884 +.00000668 +00000-0 +29785-3 0  9991,2 25419 044.9993 066.2190 0003268 173.5037 333.1020 14.32097214902893
1 25419U 98046G   15328.51342034  .00000624  00000-0  28188-3 0  9991,2 25419  44.9994  62.3583 0003330 178.1327 250.9002 14.32098437903200
1 25419U 98046G   15328.66752022 +.00000643 +00000-0 +28866-3 0  9993,2 25419 044.9994 061.6347 0003337 178.8851 325.3851 14.32098798903036
1 25419U 98046G   15329.71677431  .00000607  00000-0  27555-3 0  9994,2 25419  44.9995  56.7072 0003410 184.5546 334.4281 14.32100387903377
1 25419U 98046G   15330.69385466 +.00000546 +00000-0 +25283-3 0  9995,2 25419 044.9997 052.1187 0003477 189.7095 331.5346 14.32101544903326
1 25419U 98046G   15330.69385466 +.00000546 +00000-0 +25283-3 0  9995,2 25419 044.9997 052.1187 0003477 189.7095 331.5346 14.32101544903326
1 25419U 98046G   15331.51576359  .00000561  00000-0  25862-3 0  9990,2 25419  44.9998  48.2588 0003539 193.9634 248.7783 14.32102846903637
1 25419U 98046G   15331.67077953 +.00000556 +00000-0 +25676-3 0  9990,2 25419 044.9998 047.5309 0003548 194.6748 328.0338 14.32103031903460
1 25419U 98046G   15332.57323286  .00000574  00000-0  26317-3 0  9996,2 25419  44.9999  43.2928 0003611 199.2405 300.6224 14.32104346903788
1 25419U 98046G   15332.63998127 +.00000569 +00000-0 +26156-3 0  9990,2 25419 044.9999 042.9794 0003616 199.5375 284.7840 14.32104411903609
1 25419U 98046G   15333.68955539  .00000588  00000-0  26830-3 0  9996,2 25419  45.0000  38.0506 0003684 204.6533 296.0526 14.32105934903945
1 25419U 98046G   15334.59840442 +.00000666 +00000-0 +29708-3 0  9997,2 25419 045.0000 033.7825 0003740 209.0726 301.8047 14.32107709903885
1 25419U 98046G   15335.20678603  .00000597  00000-0  27160-3 0  9997,2 25419  45.0000  30.9254 0003783 212.0068 198.4625 14.32108202904163
1 25419U 98046G   15335.64181331 +.00000598 +00000-0 +27219-3 0  9998,2 25419 045.0000 028.8826 0003804 214.0073 281.4489 14.32108833904033
1 25419U 98046G   15336.55218001  .00000546  00000-0  25302-3 0  9998,2 25419  45.0000  24.6074 0003856 218.2211 295.2465 14.32109931904351
1 25419U 98046G   15337.45520539 +.00000491 +00000-0 +23261-3 0  9991,2 25419 045.0000 020.3666 0003908 222.3931 271.2036 14.32110945904292
1 25419U 98046G   15339.18720630  .00000374  00000-0  18943-3 0  9998,2 25419  45.0000  12.2327 0003997 230.3466 201.3760 14.32112539904734
1 25419U 98046G   15339.55317535 +.00000439 +00000-0 +21365-3 0  9999,2 25419 045.0000 010.5141 0004005 232.0224 288.3139 14.32113328904597
1 25419U 98046G   15340.52931713  .00000497  00000-0  23493-3 0  9996,2 25419  45.0000   5.9299 0004045 236.4282 281.3724 14.32114815904927
1 25419U 98046G   15341.90669883 +.00000582 +00000-0 +26626-3 0  9991,2 25419 045.0000 359.4612 0004102 242.3451 183.5625 14.32116976904935
1 25419U 98046G   15342.18033017  .00000600  00000-0  27282-3 0  9996,2 25419  45.0000 358.1761 0004111 243.4620 154.5474 14.32117459905169
1 25419U 98046G   15342.54900338 +.00000601 +00000-0 +27310-3 0  9998,2 25419 044.9999 356.4448 0004119 245.1164 255.4666 14.32117866905028
1 25419U 98046G   15343.45764461  .00000601  00000-0  27298-3 0  9999,2 25419  44.9999 352.1776 0004141 249.0962 260.6220 14.32119030905343
1 25419U 98046G   15344.83618258  .00000692  00000-0  30653-3 0  9993,2 25419  44.9999 345.7036 0004164 254.9322 168.8829 14.32121635905540
1 25419U 98046G   15344.96657678 +.00000559 +00000-0 +25752-3 0  9992,2 25419 044.9999 345.0912 0004166 255.5402 121.1878 14.32121057905379
1 25419U 98046G   15345.94673015 +.00000606 +00000-0 +27497-3 0  9995,2 25419 044.9999 340.4881 0004172 259.6204 135.3037 14.32122899905510
1 25419U 98046G   15346.15794269  .00000588  00000-0  26828-3 0  9990,2 25419  44.9999 339.4961 0004176 260.2817 144.6299 14.32123147905733
1 25419U 98046G   15346.86075664 +.00000583 +00000-0 +26643-3 0  9999,2 25419 044.9999 336.1956 0004173 263.5166 168.3523 14.32124233905641
1 25419U 98046G   15347.43659606  .00000561  00000-0  25849-3 0  9990,2 25419  44.9998 333.4912 0004163 266.0959 257.4644 14.32125019905916
1 25419U 98046G   15347.96866119 +.00000533 +00000-0 +24790-3 0  9990,2 25419 044.9998 330.9924 0004170 268.2985 121.0516 14.32125638905801
1 25419U 98046G   15348.81342169  .00000601  00000-0  27312-3 0  9998,2 25419  44.9998 327.0251 0004165 271.8314 157.0166 14.32127262906111
1 25419U 98046G   15348.94501051 +.00000647 +00000-0 +29000-3 0  9995,2 25419 044.9998 326.4070 0004162 272.4160 115.5152 14.32127777905941
1 25419U 98046G   15349.92127339 +.00000690 +00000-0 +30598-3 0  9999,2 25419 044.9998 321.8220 0004152 276.4028 109.6689 14.32129513906088
1 25419U 98046G   15350.13710189  .00000686  00000-0  30426-3 0  9990,2 25419  44.9998 320.8084 0004149 277.2624 142.6230 14.32129847906306
1 25419U 98046G   15350.97162729 +.00000591 +00000-0 +26950-3 0  9995,2 25419 044.9998 316.8891 0004131 280.8420 125.7318 14.32130532906236
1 25419U 98046G   15351.19539287  .00000586  00000-0  26738-3 0  9995,2 25419  44.9998 315.8382 0004124 281.7410 199.6080 14.32130836906458
1 25419U 98046G   15351.94746266 +.00000592 +00000-0 +26961-3 0  9990,2 25419 044.9997 312.3061 0004102 285.0004 117.5181 14.32132015906378
1 25419U 98046G   15352.84951492  .00000668  00000-0  29786-3 0  9991,2 25419  44.9997 308.0697 0004076 288.8705  88.8292 14.32133853906693
1 25419U 98046G   15352.92322132 +.00000539 +00000-0 +25021-3 0  9998,2 25419 044.9997 307.7236 0004070 289.2466 108.8258 14.32133234906510
1 25419U 98046G   15353.89945075  .00000583  00000-0  26658-3 0  9998,2 25419  44.9997 303.1388 0004036 293.1911 102.8705 14.32135037906849
1 25419U 98046G   15354.94806881 +.00000611 +00000-0 +27663-3 0  9995,2 25419 044.9996 298.2141 0003987 297.5999 110.0309 14.32136950906809
1 25419U 98046G   15355.16432493  .00000607  00000-0  27514-3 0  9994,2 25419  44.9996 297.1986 0003973 298.5481 145.1096 14.32137302907025
1 25419U 98046G   15355.92501766 +.00000605 +00000-0 +27454-3 0  9999,2 25419 044.9996 293.6260 0003935 301.7992 107.5486 14.32138732906946
1 25419U 98046G   15356.22190550  .00000599  00000-0  27221-3 0  9992,2 25419  44.9995 292.2318 0003916 303.0929 198.3977 14.32139218907177
1 25419U 98046G   15356.90120872 +.00000592 +00000-0 +26980-3 0  9991,2 25419 044.9995 289.0414 0003881 305.8438 101.3149 14.32140379907089
1 25419U 98046G   15357.27184039  .00000608  00000-0  27575-3 0  9996,2 25419  44.9994 287.3008 0003853 307.6390 212.2327 14.32141080907321
1 25419U 98046G   15358.31515310  .00000632  00000-0  28426-3 0  9995,2 25419  44.9993 282.4009 0003793 312.1600 191.9235 14.32142925907471
1 25419U 98046G   15358.85385374 +.00000581 +00000-0 +26558-3 0  9996,2 25419 044.9992 279.8709 0003760 314.4190 089.7326 14.32143484907364
1 25419U 98046G   15359.83009400  .00000532  00000-0  24779-3 0  9997,2 25419  44.9991 275.2860 0003689 318.8726  83.3574 14.32144656907697
1 25419U 98046G   15359.89895383 +.00000481 +00000-0 +22893-3 0  9994,2 25419 044.9990 274.9626 0003680 319.2325 078.3614 14.32144441907515
1 25419U 98046G   15360.80676209 +.00000436 +00000-0 +21226-3 0  9990,2 25419 044.9989 270.6990 0003612 323.4135 079.1059 14.32145424907649
1 25419U 98046G   15360.80676209 +.00000436 +00000-0 +21226-3 0  9990,2 25419 044.9989 270.6990 0003612 323.4135 079.1059 14.32145424907649
1 25419U 98046G   15361.24355149  .00000442  00000-0  21457-3 0  9999,2 25419  44.9989 268.6477 0003575 325.4806 171.1791 14.32146045907894
1 25419U 98046G   15361.92505370 +.00000348 +00000-0 +17987-3 0  9995,2 25419 044.9988 265.4469 0003518 328.5715 085.1192 14.32146354907802
1 25419U 98046G   15362.75865786  .00000322  00000-0  17023-3 0  9990,2 25419  44.9987 261.5319 0003453 332.5715  63.1057 14.32147163908115
1 25419U 98046G   15362.90128361 +.00000290 +00000-0 +15864-3 0  9993,2 25419 044.9987 260.8621 0003439 333.2448 078.4822 14.32147161907945
1 25419U 98046G   15363.87699032 +.00000248 +00000-0 +14301-3 0  9996,2 25419 044.9986 256.2796 0003360 337.9051 069.1609 14.32147985908080
1 25419U 98046G   15364.17901362  .00000234  00000-0  13796-3 0  9994,2 25419  44.9985 254.8613 0003339 339.4560 186.2647 14.32148203908312
1 25419U 98046G   15364.92703376 +.00000197 +00000-0 +12413-3 0  9995,2 25419 044.9984 251.3481 0003272 343.0488 082.9885 14.32148711908233
1 25419U 98046G   15365.82969586  .00000268  00000-0  15036-3 0  9995,2 25419  44.9983 247.1088 0003199 347.4705  56.9485 14.32149903908552
1 25419U 98046G   15365.90318223 +.00000265 +00000-0 +14944-3 0  9994,2 25419 044.9983 246.7636 0003192 347.7908 075.8708 14.32149963908371
1 25419U 98046G   16001.87905868 +.00000224 +00000-0 +13413-3 0  9990,2 25419 044.9981 242.1804 0003105 352.7469 067.1384 14.32150574908518
1 25419U 98046G   16002.10716925  .00000227  00000-0  13515-3 0  9997,2 25419  44.9980 241.1091 0003090 353.9951 163.1049 14.32150760908732
1 25419U 98046G   16002.92943008 +.00000249 +00000-0 +14332-3 0  9993,2 25419 044.9979 237.2472 0003011 358.2695 082.2902 14.32151533908665
1 25419U 98046G   16003.83179904  .00000290  00000-0  15831-3 0  9991,2 25419  44.9977 233.0091 0002930   3.1299  54.3073 14.32152436908986
1 25419U 98046G   16003.90533655 +.00000252 +00000-0 +14436-3 0  9994,2 25419 044.9977 232.6637 0002924 003.5585 073.3852 14.32152267908801
1 25419U 98046G   16004.96236847 +.00000256 +00000-0 +14586-3 0  9994,2 25419 044.9975 227.6991 0002821 009.6271 122.3700 14.32153095908954
1 25419U 98046G   16005.10285091  .00000250  00000-0  14392-3 0  9995,2 25419  44.9975 227.0393 0002812  10.3939 126.5948 14.32153175909167
1 25419U 98046G   16005.93121426 +.00000209 +00000-0 +12882-3 0  9993,2 25419 044.9974 223.1486 0002732 015.0723 076.8755 14.32153588909093
1 25419U 98046G   16006.83382116  .00000204  00000-0  12670-3 0  9998,2 25419  44.9974 218.9093 0002651  20.4060  49.6543 14.32154293909416
1 25419U 98046G   16006.90680253 +.00000187 +00000-0 +12047-3 0  9997,2 25419 044.9974 218.5665 0002647 020.8619 065.8356 14.32154250909231
1 25419U 98046G   16007.96879250 +.00000166 +00000-0 +11295-3 0  9992,2 25419 044.9973 213.5786 0002559 027.2828 140.0628 14.32154958909383
1 25419U 98046G   16008.03254813  .00000165  00000-0  11243-3 0  9995,2 25419  44.9973 213.2792 0002555  27.6522 108.7193 14.32154998909582
1 25419U 98046G   16008.94360567 +.00000142 +00000-0 +10392-3 0  9998,2 25419 044.9973 209.0002 0002485 033.2782 124.8211 14.32155507909523
1 25419U 98046G   16009.83570218  .00000128  00000-0  98784-4 0  9999,2 25419  44.9974 204.8102 0002417  38.8672  43.1088 14.32156022909845
1 25419U 98046G   16009.91681446 +.00000141 +00000-0 +10370-3 0  9993,2 25419 044.9974 204.4292 0002414 039.4138 101.1617 14.32156158909665
1 25419U 98046G   16010.89270154  .00000156  00000-0  10904-3 0  9991,2 25419  44.9974 199.8457 0002338  45.8742  91.0018 14.32156839909996
1 25419U 98046G   16010.96631233 +.00000156 +00000-0 +10930-3 0  9997,2 25419 044.9974 199.5000 0002335 046.3376 110.4248 14.32156896909818
1 25419U 98046G   16011.94255666  .00000185  00000-0  11994-3 0  9991,2 25419  44.9973 194.9148 0002268  52.9161 101.9928 14.32157631910145
1 25419U 98046G   16012.91860252 +.00000232 +00000-0 +13706-3 0  9998,2 25419 044.9973 190.3305 0002204 059.7696 092.2646 14.32158495910090
1 25419U 98046G   16013.52522347  .00000265  00000-0  14908-3 0  9997,2 25419  44.9972 187.4812 0002176  63.8433 338.8095 14.32159096910378
1 25419U 98046G   16013.89553039 +.00000239 +00000-0 +13977-3 0  9995,2 25419 044.9972 185.7420 0002166 066.4574 087.2565 14.32159206910233
1 25419U 98046G   16014.87207862  .00000238  00000-0  13921-3 0  9992,2 25419  44.9973 181.1553 0002125  73.4914  79.9460 14.32159947910562
1 25419U 98046G   16015.47699130 +.00000219 +00000-0 +13249-3 0  9994,2 25419 044.9973 178.3141 0002099 077.8881 317.3553 14.32160347910461
1 25419U 98046G   16015.91521525 +.00000218 +00000-0 +13179-3 0  9996,2 25419 044.9974 176.2559 0002087 081.1149 055.6951 14.32160694910520
1 25419U 98046G   16016.04764275  .00000213  00000-0  13017-3 0  9998,2 25419  44.9974 175.6339 0002082  82.0276  18.2086 14.32160791910730
1 25419U 98046G   16016.89064522 +.00000234 +00000-0 +13782-3 0  9991,2 25419 044.9975 171.6744 0002053 088.5045 042.2634 14.32161609910667
1 25419U 98046G   16017.42931039  .00000225  00000-0  13459-3 0  9998,2 25419  44.9977 169.1444 0002038  92.4618 298.2273 14.32161975910939
1 25419U 98046G   16017.87311012 +.00000248 +00000-0 +14281-3 0  9999,2 25419 044.9978 167.0600 0002029 095.8320 065.2020 14.32162498910807
1 25419U 98046G   16018.47885704  .00000239  00000-0  13968-3 0  9991,2 25419  44.9979 164.2149 0002014 100.4512 306.6985 14.32162916911083
1 25419U 98046G   16018.91800625 +.00000228 +00000-0 +13553-3 0  9997,2 25419 044.9979 162.1525 0002013 103.6341 049.8614 14.32163219910959
1 25419U 98046G   16019.52438058  .00000272  00000-0  15177-3 0  9995,2 25419  44.9981 159.3044 0002006 108.2624 294.5890 14.32163922911231
1 25419U 98046G   16019.89255147 +.00000253 +00000-0 +14473-3 0  9998,2 25419 044.9981 157.5754 0002007 110.6823 032.2131 14.32164092911096
1 25419U 98046G   16020.86898308  .00000319  00000-0  16923-3 0  9994,2 25419  44.9982 152.9894 0002017 117.8307  24.2036 14.32165206911428
1 25419U 98046G   16021.84509831 +.00000359 +00000-0 +18388-3 0  9994,2 25419 044.9983 148.4049 0002040 124.9702 014.5760 14.32166382911371
1 25419U 98046G   16022.52628733  .00000369  00000-0  18749-3 0  9995,2 25419  44.9983 145.2055 0002058 130.1209 284.8908 14.32167122911664
1 25419U 98046G   16022.82100714 +.00000382 +00000-0 +19239-3 0  9992,2 25419 044.9983 143.8213 0002069 131.9476 004.0482 14.32167499911511
1 25419U 98046G   16023.65790852  .00000365  00000-0  18596-3 0  9998,2 25419  44.9983 139.8906 0002100 137.7392 357.3221 14.32168297911828
1 25419U 98046G   16024.78023537  .00000332  00000-0  17395-3 0  9992,2 25419  44.9984 134.6193 0002143 145.3771  21.7728 14.32169400911981
1 25419U 98046G   16025.74974256 +.00000325 +00000-0 +17129-3 0  9999,2 25419 044.9985 130.0657 0002186 151.8838 338.6889 14.32170464911935
1 25419U 98046G   16026.08416359  .00000264  00000-0  14880-3 0  9995,2 25419  44.9986 128.4950 0002202 154.2303 262.2193 14.32170492912174
1 25419U 98046G   16026.73221175 +.00000295 +00000-0 +16024-3 0  9993,2 25419 044.9986 125.4513 0002241 158.2585 002.6332 14.32171303912077
1 25419U 98046G   16027.26811322  .00000297  00000-0  16116-3 0  9995,2 25419  44.9987 122.9343 0002272 161.6457 244.9230 14.32171799912348
1 25419U 98046G   16027.70835009 +.00000307 +00000-0 +16479-3 0  9996,2 25419 044.9988 120.8667 0002299 164.2895 354.2520 14.32172266912212
1 25419U 98046G   16028.39927686  .00000272  00000-0  15195-3 0  9990,2 25419  44.9989 117.6215 0002345 168.7815 315.4930 14.32172653912505
1 25419U 98046G   16028.68450586 +.00000298 +00000-0 +16153-3 0  9995,2 25419 044.9989 116.2819 0002356 170.3988 345.8858 14.32173057912350
1 25419U 98046G   16029.66058553  .00000309  00000-0  16545-3 0  9990,2 25419  44.9990 111.6976 0002427 176.1237 337.5138 14.32173885912689
1 25419U 98046G   16030.63743035 +.00000314 +00000-0 +16710-3 0  9995,2 25419 044.9990 107.1096 0002495 181.2687 333.6731 14.32174681912639
1 25419U 98046G   16031.24277824  .00000301  00000-0  16232-3 0  9996,2 25419  44.9989 104.2664 0002540 184.6527 214.3730 14.32175149912912
1 25419U 98046G   16031.68007140 +.00000339 +00000-0 +17635-3 0  9995,2 25419 044.9989 102.2127 0002564 186.7523 309.0604 14.32175792912780
1 25419U 98046G   16032.50770355  .00000388  00000-0  19454-3 0  9997,2 25419  44.9989  98.3254 0002624 191.0319 256.0350 14.32176897913096
1 25419U 98046G   16032.59040279 +.00000387 +00000-0 +19406-3 0  9997,2 25419 044.9989 097.9371 0002626 191.4651 322.3970 14.32176969912911
1 25419U 98046G   16033.56692584  .00000344  00000-0  17811-3 0  9998,2 25419  44.9989  93.3505 0002688 196.3270 317.1891 14.32177685913246
1 25419U 98046G   16033.63943693 +.00000335 +00000-0 +17484-3 0  9992,2 25419 044.9989 093.0099 0002696 196.6039 331.1290 14.32177728913063
1 25419U 98046G   16034.61390172  .00000348  00000-0  17988-3 0  9992,2 25419  44.9989  88.4330 0002755 201.4559 315.3140 14.32178856913394
1 25419U 98046G   16035.59125608 +.00000338 +00000-0 +17602-3 0  9992,2 25419 044.9989 083.8425 0002815 206.2130 314.5093 14.32179811913348
1 25419U 98046G   16036.12367075  .00000342  00000-0  17739-3 0  9994,2 25419  44.9989  81.3417 0002849 208.8991 179.5227 14.32180375913617
1 25419U 98046G   16037.54343170  .00000549  00000-0  25338-3 0  9994,2 25419  44.9990  74.6726 0003044 217.8760 297.9393 14.32220038913811
1 25419U 98046G   16038.64692282  .00000569  00000-0  26075-3 0  9998,2 25419  44.9991  69.4892 0003094 222.6881 228.2142 14.32221756913975
1 25419U 98046G   16038.92259950 +.00000590 +00000-0 +26839-3 0  9992,2 25419 044.9991 068.1943 0003111 223.9446 209.7191 14.32222253913824
1 25419U 98046G   16039.56292273 +.00000677 +00000-0 +30047-3 0  9990,2 25419 044.9991 065.1866 0003135 226.6535 271.7062 14.32223649913916
1 25419U 98046G   16040.09781360  .00000581  00000-0  26531-3 0  9997,2 25419  44.9991  62.6741 0003160 228.9582 149.9636 14.32223906914184
1 25419U 98046G   16040.53895164 +.00000652 +00000-0 +29135-3 0  9996,2 25419 044.9991 060.6020 0003171 230.8978 264.7313 14.32224962914052
1 25419U 98046G   16041.51549071  .00000660  00000-0  29419-3 0  9992,2 25419  44.9992  56.0150 0003200 235.1359 260.4021 14.32226595914389
1 25419U 98046G   16042.46579462  .00002162  00000-0  79322-3 0  9991,2 25419  44.9998  51.5521 0004343 233.0754 127.0167 14.32239780914527
1 25419U 98046G   16042.49202765 +.00000604 +00000-0 +27373-3 0  9991,2 25419 044.9992 051.4280 0003222 239.2524 256.1881 14.32227884914338
1 25419U 98046G   16043.10317279  .00000611  00000-0  27626-3 0  9996,2 25419  44.9992  48.5572 0003242 241.7987 167.7626 14.32228973914617
1 25419U 98046G   16043.47315369 +.00000639 +00000-0 +28668-3 0  9991,2 25419 044.9993 046.8194 0003243 243.3213 275.7134 14.32229777914471
1 25419U 98046G   16044.14895029  .00000598  00000-0  27160-3 0  9992,2 25419  44.9993  43.6449 0003262 246.0714 160.7536 14.32230657914766
1 25419U 98046G   16044.45009873 +.00000601 +00000-0 +27259-3 0  9994,2 25419 044.9993 042.2303 0003266 247.2325 273.8223 14.32231161914619
1 25419U 98046G   16045.42615546  .00000728  00000-0  31913-3 0  9994,2 25419  44.9995  37.6455 0003273 251.2994 267.1968 14.32233381914946
1 25419U 98046G   16045.96169262 +.00000673 +00000-0 +29902-3 0  9996,2 25419 044.9995 035.1299 0003289 253.3723 149.0407 14.32233933914832
1 25419U 98046G   16046.80327554  .00000689  00000-0  30475-3 0  9994,2 25419  44.9996  31.1768 0003295 256.7141 169.1264 14.32235330915140
1 25419U 98046G   16046.93440870 +.00000618 +00000-0 +27860-3 0  9991,2 25419 044.9996 030.5608 0003296 257.1965 125.4250 14.32235127914970
1 25419U 98046G   16047.91079583  .00000778  00000-0  33748-3 0  9998,2 25419  44.9997  25.9744 0003302 260.9256 120.8584 14.32237604915302
1 25419U 98046G   16048.90148781 +.00000708 +00000-0 +31169-3 0  9993,2 25419 044.9999 021.3209 0003292 264.7191 190.0621 14.32239002915257
1 25419U 98046G   16049.10284775  .00000700  00000-0  30888-3 0  9999,2 25419  44.9999  20.3751 0003282 265.5213 148.4866 14.32239343915471
1 25419U 98046G   16049.93923666 +.00000654 +00000-0 +29216-3 0  9990,2 25419 044.9999 016.4465 0003269 268.8417 141.8041 14.32240557915400
1 25419U 98046G   16050.23464981  .00000637  00000-0  28568-3 0  9995,2 25419  45.0000  15.0589 0003256 270.0121 225.2744 14.32240994915637
1 25419U 98046G   16050.38073752 +.00000720 +00000-0 +31606-3 0  9993,2 25419 045.0000 014.3727 0003251 270.6069 258.6453 14.32241703915462
1 25419U 98046G   16051.35101697  .00000572  00000-0  26173-3 0  9999,2 25419  45.0000   9.8152 0003219 274.3815 222.5301 14.32242570915798
1 25419U 98046G   16051.96183487 +.00000454 +00000-0 +21859-3 0  9998,2 25419 045.0000 006.9460 0003208 276.4360 132.9386 14.32242923915692
1 25419U 98046G   16052.86470584  .00000468  00000-0  22343-3 0  9999,2 25419  45.0000   2.7050 0003184 280.4028 108.7506 14.32248572916018
1 25419U 98046G   16052.95006617 +.00000421 +00000-0 +20642-3 0  9990,2 25419 045.0000 002.3041 0003164 280.6689 189.0358 14.32248614915830
1 25419U 98046G   16053.92666108 +.00000345 +00000-0 +17823-3 0  9997,2 25419 045.0000 357.7169 0003136 284.3177 185.6666 14.32249711915978
1 25419U 98046G   16054.21099992  .00000342  00000-0  17731-3 0  9996,2 25419  45.0000 356.3813 0003120 285.3393 212.1396 14.32250002916201
1 25419U 98046G   16054.89417131 +.00000307 +00000-0 +16445-3 0  9991,2 25419 045.0001 353.1723 0003089 288.1130 135.2658 14.32250585916113
1 25419U 98046G   16055.26066125  .00000313  00000-0  16652-3 0  9993,2 25419  45.0001 351.4508 0003070 289.4655 225.3974 14.32250969916355
1 25419U 98046G   16055.66188654 +.00000293 +00000-0 +15923-3 0  9996,2 25419 045.0001 349.5661 0003058 290.9735 134.6449 14.32251145916227
1 25419U 98046G   16056.71058093  .00000318  00000-0  16847-3 0  9990,2 25419  45.0000 344.6402 0003005 295.0992 142.9175 14.32252078916569
1 25419U 98046G   16056.92054881 +.00000275 +00000-0 +15249-3 0  9991,2 25419 045.0000 343.6538 0002989 295.8813 145.7976 14.32252024916402
1 25419U 98046G   16057.82145883  .00000305  00000-0  16366-3 0  9999,2 25419  45.0000 339.4220 0002937 299.5054 111.8483 14.32252936916728
1 25419U 98046G   16057.90258448 +.00000294 +00000-0 +15981-3 0  9999,2 25419 045.0000 339.0410 0002921 299.9821 170.0688 14.32252993916541
1 25419U 98046G   16058.87814640 +.00000278 +00000-0 +15365-3 0  9996,2 25419 045.0000 334.4586 0002861 303.8017 161.2121 14.32253802916688
1 25419U 98046G   16059.23921557  .00000276  00000-0  15296-3 0  9994,2 25419  44.9999 332.7626 0002839 305.2972 223.2281 14.32254144916923
1 25419U 98046G   16059.85448544 +.00000307 +00000-0 +16425-3 0  9992,2 25419 044.9999 329.8725 0002802 307.5486 156.4422 14.32254893916829
1 25419U 98046G   16060.82038765  .00000267  00000-0  14984-3 0  9994,2 25419  44.9998 325.3355 0002741 311.4129  97.6920 14.32255598917157
1 25419U 98046G   16061.87481943  .00000315  00000-0  16739-3 0  9994,2 25419  44.9997 320.3826 0002669 315.6096 135.5226 14.32256820917309
1 25419U 98046G   16061.94774318 +.00000275 +00000-0 +15262-3 0  9998,2 25419 044.9997 320.0400 0002664 315.9481 151.5512 14.32256689917129
1 25419U 98046G   16062.85776683 +.00000300 +00000-0 +16170-3 0  9994,2 25419 044.9995 315.7653 0002608 319.5599 164.6641 14.32257539917253
1 25419U 98046G   16063.14290161  .00000303  00000-0  16285-3 0  9999,2 25419  44.9995 314.4260 0002588 320.8213 195.0130 14.32257776917487
1 25419U 98046G   16063.82662318 +.00000316 +00000-0 +16776-3 0  9990,2 25419 044.9994 311.2143 0002533 323.6234 120.9704 14.32258391917393
1 25419U 98046G   16064.18653581  .00000315  00000-0  16741-3 0  9993,2 25419  44.9992 309.5236 0002490 325.2495 176.8925 14.32258678917633
1 25419U 98046G   16064.79398822 +.00000356 +00000-0 +18254-3 0  9990,2 25419 044.9991 306.6701 0002433 327.8252 069.4447 14.32259353917539
1 25419U 98046G   16065.49839067  .00000396  00000-0  19712-3 0  9993,2 25419  44.9990 303.3613 0002386 330.8314 101.9387 14.32260168917827
1 25419U 98046G   16065.91721331 +.00000365 +00000-0 +18555-3 0  9994,2 25419 044.9989 301.3939 0002341 332.6971 101.6648 14.32260401917696
1 25419U 98046G   16066.76075039  .00000416  00000-0  20439-3 0  9996,2 25419  44.9987 297.4313 0002266 336.2846 131.6713 14.32261511918007
1 25419U 98046G   16067.80454818  .00000459  00000-0  22009-3 0  9990,2 25419  44.9986 292.5279 0002159 340.8892 114.2367 14.32263054918158
1 25419U 98046G   16067.95166542 +.00000429 +00000-0 +20926-3 0  9993,2 25419 044.9986 291.8369 0002149 341.7014 152.7149 14.32263069917986
1 25419U 98046G   16068.85500258 +.00000418 +00000-0 +20532-3 0  9990,2 25419 044.9985 287.5934 0002048 345.7548 130.9004 14.32264167918113
1 25419U 98046G   16069.06699605  .00000402  00000-0  19916-3 0  9996,2 25419  44.9984 286.5975 0002020 346.8186 143.9628 14.32264357918337
1 25419U 98046G   16069.69085877 +.00000402 +00000-0 +19936-3 0  9997,2 25419 044.9984 283.6668 0001951 349.4804 121.1385 14.32265128918236
1 25419U 98046G   16070.45016847  .00000376  00000-0  18982-3 0  9994,2 25419  44.9983 280.1001 0001895 352.9400  76.5776 14.32265881918532
1 25419U 98046G   16070.73981303 +.00000367 +00000-0 +18631-3 0  9994,2 25419 044.9983 278.7394 0001850 354.5153 129.8971 14.32266151918387
1 25419U 98046G   16071.85599007  .00000390  00000-0  19486-3 0  9999,2 25419  44.9981 273.4961 0001742   0.2837 124.8733 14.32267515918736
1 25419U 98046G   16072.89710598 +.00000371 +00000-0 +18794-3 0  9994,2 25419 044.9980 268.6052 0001615 005.0981 093.4074 14.32268511918695
1 25419U 98046G   16072.97187714  .00000372  00000-0  18836-3 0  9999,2 25419  44.9980 268.2540 0001605   5.5797 118.8307 14.32268600918894
1 25419U 98046G   16073.87306402 +.00000371 +00000-0 +18790-3 0  9994,2 25419 044.9979 264.0203 0001503 010.2932 085.2746 14.32269462918838
1 25419U 98046G   16074.02107899  .00000371  00000-0  18806-3 0  9999,2 25419  44.9979 263.3250 0001490  11.1833 128.3119 14.32269615919044
1 25419U 98046G   16074.92278050 +.00000374 +00000-0 +18891-3 0  9993,2 25419 044.9978 259.0891 0001400 016.3373 096.9744 14.32270470918980
1 25419U 98046G   16075.46212963  .00000434  00000-0  21096-3 0  9992,2 25419  44.9978 256.5553 0001354  19.3529 357.6234 14.32271396919251
1 25419U 98046G   16075.89888306 +.00000389 +00000-0 +19463-3 0  9993,2 25419 044.9978 254.5034 0001301 022.5129 088.6151 14.32271585919122
1 25419U 98046G   16076.80057179  .00000387  00000-0  19372-3 0  9998,2 25419  44.9978 250.2676 0001203  28.5912  56.2944 14.32272553919446
1 25419U 98046G   16076.95611126 +.00000354 +00000-0 +18163-3 0  9993,2 25419 044.9978 249.5368 0001193 029.7208 137.9290 14.32272562919276
1 25419U 98046G   16077.85118887  .00000321  00000-0  16953-3 0  9998,2 25419  44.9979 245.3320 0001111  36.2196  71.0700 14.32273358919591
1 25419U 98046G   16077.92557029 +.00000319 +00000-0 +16867-3 0  9992,2 25419 044.9979 244.9826 0001093 037.0275 094.1569 14.32273439919413
1 25419U 98046G   16078.90792432  .00000314  00000-0  16697-3 0  9996,2 25419  44.9980 240.3678 0001023  44.5802 116.6950 14.32274437919741
1 25419U 98046G   16079.87771757 +.00000310 +00000-0 +16538-3 0  9990,2 25419 044.9981 235.8121 0000948 052.8951 073.6458 14.32275379919691
1 25419U 98046G   16080.48968553  .00000321  00000-0  16955-3 0  9996,2 25419  44.9981 232.9373 0000908  58.2121 346.7994 14.32275991919973
1 25419U 98046G   16080.57433674 +.00000315 +00000-0 +16732-3 0  9993,2 25419 044.9981 232.5396 0000903 059.2624 062.6484 14.32276037919798
1 25419U 98046G   16081.55060487 +.00000315 +00000-0 +16722-3 0  9999,2 25419 044.9982 227.9535 0000847 068.8191 051.7810 14.32276929920125
1 25419U 98046G   16082.81267995  .00000280  00000-0  15456-3 0  9996,2 25419  44.9981 222.0247 0000791  83.2649  71.1277 14.32277827920308
1 25419U 98046G   16084.19048109  .00000303  00000-0  16283-3 0  9998,2 25419  44.9981 215.5523 0000749  99.7218 325.7522 14.32279185920501
1 25419U 98046G   16084.53671259 +.00000271 +00000-0 +15115-3 0  9991,2 25419 044.9981 213.9258 0000751 104.3154 308.1228 14.32279320920366
1 25419U 98046G   16085.51181697  .00000236  00000-0  13833-3 0  9998,2 25419  44.9981 209.3451 0000761 116.1109 289.0218 14.32280009920690
