1 25417U 98046E   14365.06827247  .00000667  00000-0  30065-3 0  9997,2 25417 044.9975 164.1022 0000082 318.4332 041.6507 14.31546815856122
1 25417U 98046E   15001.46401552  .00000586  00000-0  27077-3 0  9995,2 25417 044.9978 157.5533 0000033 187.9755 172.1090 14.31549107856328
1 25417U 98046E   15002.65039479  .00000644  00000-0  29224-3 0  9993,2 25417 044.9980 151.9869 0000130 185.5779 174.5065 14.31550368856496
1 25417U 98046E   15003.83677188  .00000838  00000-0  36452-3 0  9995,2 25417 044.9981 146.4205 0000218 191.1910 168.8931 14.31551260856666
1 25417U 98046E   15005.23250935  .00000810  00000-0  35403-3 0  9993,2 25417 044.9982 139.8717 0000338 195.7778 164.3057 14.31555596856864
1 25417U 98046E   15007.53546880  .00001012  00000-0  42912-3 0  9993,2 25417 044.9983 129.0661 0000508 201.8418 158.2406 14.31562752857192
1 25417U 98046E   15008.79162469  .00000952  00000-0  40687-3 0  9998,2 25417 044.9984 123.1722 0000575 202.4027 157.6794 14.31567755857374
1 25417U 98046E   15010.74563779  .00000675  00000-0  30352-3 0  9995,2 25417 044.9987 114.0038 0000702 202.5132 157.5683 14.31570984857651
1 25417U 98046E   15012.49028645  .00000626  00000-0  28549-3 0  9998,2 25417 044.9988 105.8176 0000827 207.1207 152.9596 14.31573005857902
1 25417U 98046E   15013.67664604  .00000620  00000-0  28315-3 0  9995,2 25417 044.9988 100.2512 0000882 210.4424 149.6371 14.31574150858079
1 25417U 98046E   15014.72343348  .00000622  00000-0  28379-3 0  9993,2 25417 044.9989 095.3396 0000931 212.7357 147.3431 14.31575607858226
1 25417U 98046E   15016.25872008  .00000600  00000-0  27561-3 0  9991,2 25417 044.9990 088.1356 0000995 216.0607 144.0172 14.31577925858444
1 25417U 98046E   15017.37529021  .00000489  00000-0  23432-3 0  9997,2 25417 044.9991 082.8965 0001029 217.6613 142.4160 14.31582105858608
1 25417U 98046E   15018.63142785  .00000269  00000-0  15246-3 0  9995,2 25417 044.9990 077.0024 0001079 222.7991 137.2770 14.31585248858789
1 25417U 98046E   15020.16670313  .00000513  00000-0  24330-3 0  9995,2 25417 044.9992 069.7982 0001127 224.9981 135.0774 14.31587214859000
1 25417U 98046E   15021.35304351  .00000690  00000-0  30915-3 0  9995,2 25417 044.9993 064.2314 0001216 230.2667 129.8072 14.31602988859176
1 25417U 98046E   15022.46959372  .00000905  00000-0  38903-3 0  9991,2 25417 044.9993 058.9922 0001194 238.6060 121.4669 14.31604861859335
1 25417U 98046E   15023.51635803  .00000795  00000-0  34827-3 0  9996,2 25417 044.9994 054.0802 0001215 238.6528 121.4198 14.31606044859481
1 25417U 98046E   15024.56312128  .00000778  00000-0  34193-3 0  9991,2 25417 044.9994 049.1683 0001223 240.4768 119.5955 14.31606981859635
1 25417U 98046E   15026.44729365  .00000773  00000-0  33997-3 0  9991,2 25417 044.9996 040.3271 0001205 245.3578 114.7143 14.31611788859903
1 25417U 98046E   15027.49405404  .00000767  00000-0  33759-3 0  9991,2 25417 044.9997 035.4152 0001191 247.7607 112.3112 14.31615367860055
1 25417U 98046E   15029.16886592  .00000858  00000-0  37138-3 0  9994,2 25417 044.9998 027.5561 0001177 249.7238 110.3481 14.31619869860292
1 25417U 98046E   15030.42497070  .00001049  00000-0  44249-3 0  9998,2 25417 044.9999 021.6620 0001172 251.0306 109.0412 14.31622428860475
1 25417U 98046E   15031.47172256  .00001105  00000-0  46322-3 0  9997,2 25417 045.0000 016.7501 0001142 253.0017 107.0704 14.31624259860624
1 25417U 98046E   15033.07673855  .00001375  00000-0  56370-3 0  9999,2 25417 045.0000 009.2187 0001086 255.0664 105.0061 14.31627483860859
1 25417U 98046E   15034.12348733  .00001047  00000-0  44180-3 0  9992,2 25417 044.9999 004.3069 0001048 256.3052 103.7677 14.31634009861000
1 25417U 98046E   15035.17023256  .00000993  00000-0  42159-3 0  9991,2 25417 044.9999 359.3951 0001016 257.1945 102.8787 14.31638108861150
1 25417U 98046E   15036.35654025  .00001012  00000-0  42871-3 0  9990,2 25417 044.9999 353.8285 0000981 258.2244 101.8492 14.31643178861327
1 25417U 98046E   15037.89175495  .00000850  00000-0  36844-3 0  9991,2 25417 044.9998 346.6243 0000928 258.6148 101.4594 14.31648156861542
1 25417U 98046E   15039.00827135  .00000914  00000-0  39187-3 0  9995,2 25417 044.9998 341.3851 0000868 259.1690 100.9058 14.31653068861705
1 25417U 98046E   15040.19456586  .00001014  00000-0  42905-3 0  9999,2 25417 044.9996 335.8185 0000825 258.8447 101.2306 14.31656755861874
1 25417U 98046E   15041.86932991  .00000943  00000-0  40288-3 0  9995,2 25417 044.9993 327.9595 0000764 257.3220 102.7541 14.31657826862118
1 25417U 98046E   15043.19518495  .00000715  00000-0  31817-3 0  9997,2 25417 044.9990 321.7377 0000691 255.1313 104.9456 14.31659670862302
1 25417U 98046E   15044.24191099  .00000507  00000-0  24076-3 0  9999,2 25417 044.9988 316.8257 0000664 252.5825 107.4948 14.31661238862453
1 25417U 98046E   15045.77710708  .00000309  00000-0  16708-3 0  9995,2 25417 044.9986 309.6211 0000624 246.4894 113.5886 14.31663136862677
1 25417U 98046E   15047.87055207  .00000265  00000-0  15055-3 0  9999,2 25417 044.9982 299.7970 0000620 238.7761 121.3024 14.31664510862978
1 25417U 98046E   15049.12661670  .00000414  00000-0  20619-3 0  9994,2 25417 044.9980 293.9024 0000630 232.3669 127.7119 14.31666252863151
1 25417U 98046E   15051.15027166  .00000608  00000-0  27816-3 0  9997,2 25417 044.9978 284.4055 0000673 224.0117 136.0675 14.31668625863448
1 25417U 98046E   15052.47611336  .00000648  00000-0  29317-3 0  9993,2 25417 044.9977 278.1832 0000736 223.3967 136.6821 14.31672276863632
1 25417U 98046E   15053.87173322  .00000678  00000-0  30403-3 0  9997,2 25417 044.9975 271.6335 0000772 223.2231 136.8554 14.31675112863838
1 25417U 98046E   15054.98822781  .00000741  00000-0  32738-3 0  9994,2 25417 044.9975 266.3937 0000859 218.7162 141.3622 14.31679464863993
1 25417U 98046E   15056.52340219  .00000683  00000-0  30612-3 0  9991,2 25417 044.9976 259.1879 0000900 221.6950 138.3827 14.31681734864216
1 25417U 98046E   15057.57011061  .00000683  00000-0  30592-3 0  9994,2 25417 044.9976 254.2754 0000936 222.7545 137.3228 14.31682668864362
1 25417U 98046E   15058.89593904  .00000719  00000-0  31923-3 0  9990,2 25417 044.9980 248.0457 0000788 242.9983 117.0782 14.31684549864554
1 25417U 98046E   15059.94264438  .00000935  00000-0  39959-3 0  9991,2 25417 044.9981 243.1333 0000847 241.5046 118.5714 14.31687838864707
1 25417U 98046E   15061.54758903  .00001147  00000-0  47834-3 0  9992,2 25417 044.9981 235.6009 0000913 242.9984 117.0769 14.31692404864937
1 25417U 98046E   15063.50142931  .00001227  00000-0  50814-3 0  9999,2 25417 044.9983 226.4312 0001014 244.3291 115.7450 14.31697042865211
1 25417U 98046E   15064.54812620  .00001230  00000-0  50895-3 0  9996,2 25417 044.9982 221.5187 0001077 243.8734 116.2001 14.31699615865363
1 25417U 98046E   15065.80415997  .00001077  00000-0  45204-3 0  9999,2 25417 044.9982 215.6239 0001172 243.3911 116.6814 14.31702009865541
1 25417U 98046E   15067.47886640  .00001138  00000-0  47495-3 0  9993,2 25417 044.9982 207.7639 0001293 246.9341 113.1368 14.31706954865782
1 25417U 98046E   15068.80467230  .00001183  00000-0  49139-3 0  9998,2 25417 044.9983 201.5415 0001384 249.8984 110.1712 14.31710752865975
1 25417U 98046E   15070.47937288  .00000836  00000-0  36256-3 0  9999,2 25417 044.9984 193.6815 0001421 252.4836 107.5855 14.31712491866217
1 25417U 98046E   15071.73539675  .00000716  00000-0  31811-3 0  9996,2 25417 044.9985 187.7868 0001514 255.5806 104.4872 14.31713960866390
1 25417U 98046E   15073.47987297  .00000462  00000-0  22384-3 0  9999,2 25417 044.9986 179.5996 0001585 259.6357 100.4310 14.31714701866641
1 25417U 98046E   15074.73589461  .00000343  00000-0  17951-3 0  9992,2 25417 044.9985 173.7050 0001636 262.3585 097.7075 14.31715347866821
1 25417U 98046E   15076.06169425  .00000255  00000-0  14687-3 0  9999,2 25417 044.9985 167.4827 0001668 265.6028 094.4627 14.31716136867012
1 25417U 98046E   15076.61991326  .00000238  00000-0  14027-3 0  9992,2 25417 044.9981 164.8625 0001709 269.5969 090.4681 14.31736263867095
1 25417U 98046E   15078.43413161  .00000859  00000-0  37103-3 0  9999,2 25417 044.9983 156.3472 0001716 271.8315 088.2335 14.31742932867352
1 25417U 98046E   15080.17857086  .00000594  00000-0  27243-3 0  9991,2 25417 044.9986 148.1601 0001790 277.7776 082.2866 14.31745896867609
1 25417U 98046E   15081.50434104  .00000579  00000-0  26686-3 0  9994,2 25417 044.9986 141.9377 0001815 282.3947 077.6696 14.31748356867793
1 25417U 98046E   15082.62077677  .00000929  00000-0  39702-3 0  9998,2 25417 044.9985 136.6975 0001829 285.7874 074.2770 14.31751733867955
1 25417U 98046E   15084.15587326  .00000931  00000-0  39755-3 0  9996,2 25417 044.9983 129.4924 0001839 290.6267 069.4381 14.31754932868172
1 25417U 98046E   15085.48163568  .00001028  00000-0  43365-3 0  9991,2 25417 044.9982 123.2698 0001818 294.7028 065.3628 14.31758197868365
1 25417U 98046E   15087.15627871  .00001136  00000-0  47349-3 0  9995,2 25417 044.9981 115.4094 0001789 300.0386 060.0282 14.31762520868602
1 25417U 98046E   15088.48203381  .00001158  00000-0  48158-3 0  9991,2 25417 044.9981 109.1866 0001756 304.5903 055.4777 14.31765919868799
1 25417U 98046E   15090.15666858  .00001242  00000-0  51295-3 0  9990,2 25417 044.9983 101.3261 0001707 310.0745 049.9950 14.31770193869035
1 25417U 98046E   15091.41264089  .00001290  00000-0  53064-3 0  9999,2 25417 044.9983 095.4308 0001652 314.4562 045.6149 14.31773569869217
1 25417U 98046E   15092.80816159  .00001381  00000-0  56427-3 0  9991,2 25417 044.9984 088.8806 0001581 319.2694 040.8034 14.31777884869413
1 25417U 98046E   15094.13390189  .00001415  00000-0  57692-3 0  9992,2 25417 044.9985 082.6578 0001534 326.2022 033.8725 14.31782150869605
1 25417U 98046E   15095.38985771  .00001154  00000-0  47982-3 0  9998,2 25417 044.9986 076.7628 0001463 331.9187 028.1580 14.31790960869785
1 25417U 98046E   15097.13423672  .00001095  00000-0  45816-3 0  9998,2 25417 044.9988 068.5746 0001343 338.4526 021.6263 14.31795451870039
1 25417U 98046E   15098.32041168  .00001010  00000-0  42648-3 0  9993,2 25417 044.9990 063.0067 0001259 344.7725 015.3082 14.31798026870204
1 25417U 98046E   15099.78568354  .00000958  00000-0  40709-3 0  9991,2 25417 044.9992 056.1288 0001159 352.4127 007.6701 14.31801248870411
1 25417U 98046E   15100.83230350  .00000969  00000-0  41147-3 0  9991,2 25417 044.9994 051.2160 0001069 357.9191 002.1650 14.31803908870563
1 25417U 98046E   15102.15801955  .00001077  00000-0  45113-3 0  9991,2 25417 044.9996 044.9935 0000980 007.4004 352.6856 14.31807804870756
1 25417U 98046E   15103.27440919  .00001020  00000-0  43025-3 0  9992,2 25417 044.9997 039.7533 0000883 014.5146 345.5725 14.31810488870917
1 25417U 98046E   15104.80944079  .00001202  00000-0  49757-3 0  9998,2 25417 044.9998 032.5481 0000781 026.7065 333.3821 14.31815788871138
1 25417U 98046E   15106.13514552  .00001386  00000-0  56579-3 0  9998,2 25417 044.9999 026.3252 0000679 040.5533 319.5364 14.31820735871323
1 25417U 98046E   15107.25152560  .00001389  00000-0  56662-3 0  9995,2 25417 045.0000 021.0848 0000634 054.7905 305.3000 14.31824109871488
1 25417U 98046E   15108.78654461  .00001362  00000-0  55683-3 0  9994,2 25417 045.0000 013.8794 0000610 074.4478 285.6435 14.31828296871703
1 25417U 98046E   15109.83314587  .00001300  00000-0  53362-3 0  9997,2 25417 045.0001 008.9667 0000629 087.9048 272.1870 14.31830920871857
1 25417U 98046E   15111.15883955  .00001436  00000-0  58419-3 0  9993,2 25417 045.0016 002.7423 0000780 087.3221 272.7714 14.31829049872045
1 25417U 98046E   15112.76362398  .00000901  00000-0  38593-3 0  9991,2 25417 045.0001 355.2111 0000752 123.9508 236.1410 14.31833648872275
1 25417U 98046E   15114.08931236  .00001122  00000-0  46759-3 0  9990,2 25417 045.0002 348.9879 0000871 136.8971 223.1943 14.31837352872469
1 25417U 98046E   15115.13590661  .00000984  00000-0  41655-3 0  9995,2 25417 045.0001 344.0751 0000976 145.5693 214.5216 14.31839294872619
1 25417U 98046E   15116.81045435  .00000797  00000-0  34719-3 0  9990,2 25417 044.9999 336.2144 0001145 157.5380 202.5516 14.31842115872859
1 25417U 98046E   15117.99659045  .00000671  00000-0  30071-3 0  9996,2 25417 044.9998 330.6465 0001257 164.9168 195.1716 14.31843744873020
1 25417U 98046E   15119.04318000  .00000583  00000-0  26784-3 0  9995,2 25417 044.9997 325.7336 0001334 170.3084 189.7788 14.31845058873179
1 25417U 98046E   15120.50840356  .00000470  00000-0  22624-3 0  9996,2 25417 044.9996 318.8555 0001468 178.0474 182.0378 14.31846709873388
1 25417U 98046E   15121.76430823  .00000384  00000-0  19418-3 0  9990,2 25417 044.9996 312.9600 0001610 183.8395 176.2439 14.31847998873563
1 25417U 98046E   15123.02021131  .00000379  00000-0  19254-3 0  9991,2 25417 044.9995 307.0646 0001753 189.3610 170.7203 14.31849686873740
1 25417U 98046E   15124.48542984  .00000408  00000-0  20292-3 0  9993,2 25417 044.9994 300.1865 0001898 196.1848 163.8937 14.31851697873950
1 25417U 98046E   15125.53201382  .00000390  00000-0  19649-3 0  9998,2 25417 044.9993 295.2735 0001988 200.6876 159.3890 14.31852721874106
1 25417U 98046E   15126.85768545  .00000554  00000-0  25713-3 0  9994,2 25417 044.9992 289.0503 0002111 206.2090 153.8649 14.31854973874290
1 25417U 98046E   15127.90426802  .00000516  00000-0  24293-3 0  9998,2 25417 044.9991 284.1370 0002161 210.3060 149.7661 14.31855678874443
1 25417U 98046E   15129.50902528  .00000475  00000-0  22774-3 0  9996,2 25417 044.9991 276.6035 0002329 216.5072 143.5616 14.31857226874672
1 25417U 98046E   15130.76492032  .00000495  00000-0  23533-3 0  9996,2 25417 044.9991 270.7079 0002439 221.3392 138.7270 14.31859003874853
1 25417U 98046E   15132.43944415  .00000773  00000-0  33835-3 0  9994,2 25417 044.9992 262.8470 0002570 227.6950 132.3678 14.31863026875095
1 25417U 98046E   15133.48602549  .00000747  00000-0  32855-3 0  9991,2 25417 044.9988 257.9336 0002618 229.7083 130.3534 14.31853395875243
1 25417U 98046E   15134.74192382  .00000879  00000-0  37737-3 0  9990,2 25417 044.9988 252.0382 0002698 234.9350 125.1243 14.31856345875420
1 25417U 98046E   15136.13736451  .00000732  00000-0  32316-3 0  9992,2 25417 044.9987 245.4875 0002772 240.1007 119.9564 14.31857987875625
1 25417U 98046E   15137.46303023  .00000810  00000-0  35178-3 0  9990,2 25417 044.9987 239.2645 0002900 245.4652 114.5891 14.31860768875814
1 25417U 98046E   15139.13755194  .00000684  00000-0  30520-3 0  9991,2 25417 044.9986 231.4039 0002983 251.7964 108.2557 14.31863564876054
1 25417U 98046E   15140.39344043  .00000643  00000-0  29017-3 0  9992,2 25417 044.9986 225.5082 0003032 256.3265 103.7243 14.31866038876238
1 25417U 98046E   15141.50978483  .00000558  00000-0  25869-3 0  9993,2 25417 044.9986 220.2678 0003084 260.3193 099.7305 14.31867651876395
1 25417U 98046E   15142.62612806  .00000461  00000-0  22269-3 0  9995,2 25417 044.9985 215.0275 0003116 264.4162 095.6328 14.31869047876555
1 25417U 98046E   15143.67269900  .00000390  00000-0  19618-3 0  9999,2 25417 044.9984 210.1145 0003144 268.0998 091.9487 14.31870194876701
1 25417U 98046E   15145.13789710  .00000338  00000-0  17724-3 0  9996,2 25417 044.9981 203.2361 0003198 273.3174 086.7306 14.31871685876916
1 25417U 98046E   15146.18446660  .00000280  00000-0  15573-3 0  9992,2 25417 044.9979 198.3230 0003201 277.2318 082.8164 14.31872433877068
1 25417U 98046E   15147.51012054  .00000272  00000-0  15256-3 0  9995,2 25417 044.9977 192.0998 0003204 281.9813 078.0673 14.31873574877253
1 25417U 98046E   15148.41713887  .00000246  00000-0  14280-3 0  9994,2 25417 044.9972 187.8511 0003790 303.8030 056.2455 14.31892228877383
1 25417U 98046E   15148.55667438  .00000254  00000-0  14579-3 0  9999,2 25417 044.9978 187.1865 0003315 286.4564 073.5917 14.31901206877400
1 25417U 98046E   15150.16138058  .00000290  00000-0  15930-3 0  9992,2 25417 044.9976 179.6523 0003314 291.5527 068.4965 14.31902811877634
1 25417U 98046E   15150.16138058  .00000290  00000-0  15930-3 0  9992,2 25417 044.9976 179.6523 0003314 291.5527 068.4965 14.31902811877634
1 25417U 98046E   15151.41723717  .00000532  00000-0  24893-3 0  9990,2 25417 044.9976 173.7564 0003294 296.6992 063.3516 14.31905263877813
1 25417U 98046E   15154.13825711  .00000225  00000-0  13508-3 0  9999,2 25417 044.9976 160.9817 0003214 307.3604 052.6949 14.31905554878202
1 25417U 98046E   15155.46388083  .00000310  00000-0  16659-3 0  9997,2 25417 044.9974 154.7583 0003153 312.7808 047.2772 14.31906953878397
1 25417U 98046E   15156.51042493  .00000339  00000-0  17725-3 0  9992,2 25417 044.9974 149.8449 0003100 317.1306 042.9298 14.31908017878542
1 25417U 98046E   15158.11512459  .00000433  00000-0  21211-3 0  9994,2 25417 044.9974 142.3110 0003008 324.0726 035.9917 14.31910016878772
1 25417U 98046E   15159.44074437  .00000615  00000-0  27932-3 0  9998,2 25417 044.9976 136.0874 0002918 329.7656 030.3021 14.31912394878961
1 25417U 98046E   15159.92912970 +.00000670 +00000-0 +29995-3 0  9996,2 25417 044.9977 133.7943 0002890 331.8396 028.2294 14.31913395878855
1 25417U 98046E   15160.90590068 +.00000714 +00000-0 +31593-3 0  9992,2 25417 044.9979 129.2085 0002824 336.5527 023.5190 14.31914776878991
1 25417U 98046E   15161.11520837  .00000738  00000-0  32496-3 0  9992,2 25417 044.9979 128.2259 0002805 337.3610 022.7112 14.31915248879209
1 25417U 98046E   15161.95243948 +.00000809 +00000-0 +35125-3 0  9990,2 25417 044.9981 124.2951 0002743 341.4583 018.6162 14.31916727879148
1 25417U 98046E   15162.37105441  .00000847  00000-0  36541-3 0  9997,2 25417 044.9982 122.3299 0002712 343.7113 016.3645 14.31917629879382
1 25417U 98046E   15162.92920757 +.00000868 +00000-0 +37299-3 0  9997,2 25417 044.9983 119.7094 0002668 346.4824 013.5950 14.31918605879287
1 25417U 98046E   15163.83620523  .00000957  00000-0  40586-3 0  9998,2 25417 044.9984 115.4513 0002595 351.2122 008.8678 14.31920686879591
1 25417U 98046E   15163.90597421 +.00000950 +00000-0 +40348-3 0  9995,2 25417 044.9984 115.1237 0002588 351.5419 008.5382 14.31920788879429
1 25417U 98046E   15164.88273951 +.00000956 +00000-0 +40541-3 0  9993,2 25417 044.9985 110.5380 0002512 357.1837 002.8994 14.31922715879564
1 25417U 98046E   15165.16181487  .00000972  00000-0  41153-3 0  9995,2 25417 044.9985 109.2279 0002491 358.8432 001.2408 14.31923434879787
1 25417U 98046E   15165.85950289 +.00000935 +00000-0 +39789-3 0  9996,2 25417 044.9986 105.9523 0002440 002.7516 357.3343 14.31924777879701
1 25417U 98046E   15166.27811553  .00000851  00000-0  36652-3 0  9996,2 25417 044.9986 103.9871 0002404 005.0789 355.0081 14.31925215879941
1 25417U 98046E   15167.81302620  .00000749  00000-0  32896-3 0  9999,2 25417 044.9988 096.7808 0002286 013.9667 346.1242 14.31927939880164
1 25417U 98046E   15168.85955427  .00000694  00000-0  30864-3 0  9995,2 25417 044.9990 091.8674 0002202 020.0553 340.0379 14.31929818880314
1 25417U 98046E   15169.90608139  .00000596  00000-0  27223-3 0  9993,2 25417 044.9992 086.9542 0002126 026.7657 333.3298 14.31931236880466
1 25417U 98046E   15169.90608139 +.00000596 +00000-0 +27223-3 0  9993,2 25417 044.9992 086.9542 0002126 026.7657 333.3298 14.31931236880286
1 25417U 98046E   15171.09214342  .00000607  00000-0  27631-3 0  9991,2 25417 044.9994 081.3859 0002059 034.7150 325.3830 14.31933480880635
1 25417U 98046E   15172.13866756  .00000633  00000-0  28586-3 0  9998,2 25417 044.9995 076.4726 0001991 042.4519 317.6481 14.31935366880780
1 25417U 98046E   15173.18519029  .00000651  00000-0  29263-3 0  9995,2 25417 044.9995 071.5594 0001946 050.3063 309.7954 14.31937235880932
1 25417U 98046E   15174.72008600  .00000916  00000-0  39053-3 0  9996,2 25417 044.9996 064.3534 0001902 062.0803 298.0235 14.31941839881153
1 25417U 98046E   15175.76660636  .00000697  00000-0  30952-3 0  9999,2 25417 044.9996 059.4401 0001881 070.6087 289.4962 14.31942184881308
1 25417U 98046E   15177.09219746  .00000342  00000-0  17822-3 0  9997,2 25417 044.9995 053.2167 0001884 080.6407 279.4651 14.31942064881499
1 25417U 98046E   15178.76662770  .00000130  00000-0  10010-3 0  9998,2 25417 044.9996 045.3552 0001900 094.0985 266.0078 14.31942317881732
1 25417U 98046E   15180.02245002  .00000004  00000-0  53184-4 0  9995,2 25417 044.9996 039.4591 0001935 104.6845 255.4215 14.31942248881918
1 25417U 98046E   15180.02245002  .00000004  00000-0  53184-4 0  9995,2 25417 044.9996 039.4591 0001935 104.6845 255.4215 14.31942248881918
1 25417U 98046E   15181.48757586 -.00000037  00000-0  38356-4 0  9992,2 25417 044.9998 032.5803 0001972 115.6330 244.4720 14.31942205882128
1 25417U 98046E   15182.74338627 -.00000072  00000-0  25368-4 0  9991,2 25417 044.9997 026.6844 0002062 124.6795 235.4246 14.31942166882301
1 25417U 98046E   15184.06897570 -.00000099  00000-0  15389-4 0  9996,2 25417 044.9997 020.4609 0002154 133.9416 226.1608 14.31942271882493
1 25417U 98046E   15185.81317204 -.00000099  00000-0  15157-4 0  9994,2 25417 044.9997 012.2720 0002291 145.7319 214.3675 14.31942593882749
1 25417U 98046E   15186.99922508 -.00000041  00000-0  36878-4 0  9993,2 25417 044.9997 006.7035 0002363 152.7760 207.3210 14.31943139882917
1 25417U 98046E   15188.46434832  .00000069  00000-0  77391-4 0  9999,2 25417 044.9998 359.8245 0002519 162.2195 197.8739 14.31944162883124
1 25417U 98046E   15189.51086449  .00000155  00000-0  10906-3 0  9997,2 25417 044.9998 354.9110 0002602 168.2322 191.8585 14.31944963883270
1 25417U 98046E   15190.83645065  .00000221  00000-0  13348-3 0  9996,2 25417 044.9999 348.6875 0002752 175.6386 184.4484 14.31945994883469
1 25417U 98046E   15192.02250092  .00000196  00000-0  12421-3 0  9993,2 25417 044.9999 343.1190 0002887 182.2043 177.8791 14.31946563883631
1 25417U 98046E   15193.41785331  .00000132  00000-0  10083-3 0  9998,2 25417 044.9999 336.5679 0003000 188.9383 171.1409 14.31947164883830
1 25417U 98046E   15194.46436716  .00000095  00000-0  86842-4 0  9999,2 25417 044.9999 331.6546 0003098 193.9432 166.1329 14.31947635883981
1 25417U 98046E   15195.78995054  .00000122  00000-0  97094-4 0  9992,2 25417 044.9999 325.4311 0003210 200.2009 159.8710 14.31948642884174
1 25417U 98046E   15196.83646345  .00000090  00000-0  85008-4 0  9991,2 25417 044.9999 320.5177 0003315 205.2008 154.8676 14.31949022884326
1 25417U 98046E   15198.44111600  .00000070  00000-0  77550-4 0  9992,2 25417 044.9998 312.9838 0003458 212.5797 147.4836 14.31949614884556
1 25417U 98046E   15199.76669719  .00000111  00000-0  93044-4 0  9999,2 25417 044.9997 306.7603 0003581 218.4888 141.5703 14.31950573884744
1 25417U 98046E   15201.51087960  .00000237  00000-0  13959-3 0  9993,2 25417 044.9997 298.5716 0003693 226.2057 133.8483 14.31953050884995
1 25417U 98046E   15204.09224233  .00000104  00000-0  90428-4 0  9995,2 25417 044.9993 286.4519 0003789 236.8064 123.2418 14.31971487885366
1 25417U 98046E   15205.41780334  .00000280  00000-0  15528-3 0  9993,2 25417 044.9991 280.2281 0003883 242.0809 117.9644 14.31973103885552
1 25417U 98046E   15206.46429538  .00000274  00000-0  15309-3 0  9995,2 25417 044.9989 275.3153 0003954 247.4477 112.5950 14.31979174885703
1 25417U 98046E   15207.51078480  .00000099  00000-0  88560-4 0  9993,2 25417 044.9986 270.4014 0004023 251.0726 108.9684 14.31981291885850
1 25417U 98046E   15208.62703972  .00000216  00000-0  13157-3 0  9997,2 25417 044.9984 265.1601 0004054 255.5359 104.5037 14.31982219886010
1 25417U 98046E   15210.16188925  .00000200  00000-0  12559-3 0  9992,2 25417 044.9982 257.9534 0004105 261.7366 098.3014 14.31983253886234
1 25417U 98046E   15210.16188925  .00000200  00000-0  12559-3 0  9992,2 25417 044.9982 257.9534 0004105 261.7366 098.3014 14.31983253886234
1 25417U 98046E   15211.34790889  .00000174  00000-0  11613-3 0  9991,2 25417 044.9982 252.3846 0004134 266.5193 093.5180 14.31983946886401
1 25417U 98046E   15212.53392798  .00000189  00000-0  12161-3 0  9995,2 25417 044.9981 246.8159 0004152 271.4922 088.5448 14.31984844886577
1 25417U 98046E   15213.58041504  .00000179  00000-0  11810-3 0  9996,2 25417 044.9980 241.9022 0004164 275.8103 084.2268 14.31985457886724
1 25417U 98046E   15215.18502776  .00000188  00000-0  12123-3 0  9995,2 25417 044.9978 234.3676 0004169 282.2381 077.7997 14.31986381886955
1 25417U 98046E   15216.44081108  .00000192  00000-0  12289-3 0  9994,2 25417 044.9975 228.4711 0004151 287.3691 072.6701 14.31987023887139
1 25417U 98046E   15217.48729666  .00000220  00000-0  13295-3 0  9997,2 25417 044.9974 223.5573 0004127 291.7544 068.2863 14.31987740887281
1 25417U 98046E   15218.53378170  .00000218  00000-0  13218-3 0  9996,2 25417 044.9974 218.6435 0004097 296.1727 063.8698 14.31988402887431
1 25417U 98046E   15220.13839068  .00000264  00000-0  14929-3 0  9994,2 25417 044.9974 211.1089 0004039 302.9296 057.1161 14.31989940887661
1 25417U 98046E   15221.18487410  .00000319  00000-0  16981-3 0  9991,2 25417 044.9975 206.1952 0003990 307.3790 052.6692 14.31991140887819
1 25417U 98046E   15222.44065370  .00000286  00000-0  15741-3 0  9994,2 25417 044.9977 200.2988 0003926 313.0309 047.0207 14.31991991887997
1 25417U 98046E   15224.18479057  .00000220  00000-0  13325-3 0  9992,2 25417 044.9978 192.1093 0003826 320.8083 039.2485 14.31993017888249
1 25417U 98046E   15225.30103731  .00000225  00000-0  13506-3 0  9996,2 25417 044.9979 186.8680 0003753 326.0179 034.0426 14.31993888888407
1 25417U 98046E   15226.34751823  .00000188  00000-0  12136-3 0  9998,2 25417 044.9979 181.9543 0003675 330.8988 029.1653 14.31994413888553
1 25417U 98046E   15227.88235590  .00000179  00000-0  11807-3 0  9990,2 25417 044.9979 174.7474 0003560 338.3865 021.6830 14.31995470888778
1 25417U 98046E   15229.13813079  .00000265  00000-0  14957-3 0  9999,2 25417 044.9981 168.8509 0003461 344.4985 015.5754 14.31997035888951
1 25417U 98046E   15229.27766131 +.00000260 +00000-0 +14800-3 0  9992,2 25417 044.9981 168.1958 0003451 345.2145 014.8599 14.31997135888790
1 25417U 98046E   15230.25437487  .00000220  00000-0  13320-3 0  9993,2 25417 044.9983 163.6097 0003369 350.1160 009.9619 14.31997667889111
1 25417U 98046E   15230.88226190 +.00000198 +00000-0 +12512-3 0  9995,2 25417 044.9984 160.6615 0003315 353.2913 006.7888 14.31998016889028
1 25417U 98046E   15231.30085306  .00000164  00000-0  11253-3 0  9999,2 25417 044.9984 158.6961 0003283 355.6825 004.3992 14.31998178889266
1 25417U 98046E   15231.85897440 +.00000184 +00000-0 +11962-3 0  9998,2 25417 044.9985 156.0754 0003241 358.4596 001.6239 14.31998718889162
1 25417U 98046E   15232.90545092  .00000296  00000-0  16097-3 0  9996,2 25417 044.9986 151.1618 0003154 004.0191 356.0680 14.32000290889499
1 25417U 98046E   15234.16122172  .00000293  00000-0  16004-3 0  9991,2 25417 044.9986 145.2655 0003054 011.3930 348.6984 14.32001487889678
1 25417U 98046E   15234.85887163 +.00000354 +00000-0 +18270-3 0  9990,2 25417 044.9987 141.9897 0003004 015.2446 344.8490 14.32002514889593
1 25417U 98046E   15235.90534581 +.00000379 +00000-0 +19191-3 0  9990,2 25417 044.9986 137.0761 0002929 021.7652 338.3318 14.32003763889745
1 25417U 98046E   15236.81228989  .00000346  00000-0  17951-3 0  9999,2 25417 044.9985 132.8175 0002855 026.8873 333.2120 14.32004412890058
1 25417U 98046E   15236.88205467 +.00000323 +00000-0 +17097-3 0  9998,2 25417 044.9985 132.4900 0002846 027.2926 332.8068 14.32004399889883
1 25417U 98046E   15237.85876467  .00000308  00000-0  16553-3 0  9999,2 25417 044.9986 127.9043 0002833 033.2691 326.8332 14.32003618890201
1 25417U 98046E   15239.74241785 -.00000078 +00000-0 +22946-4 0  9997,2 25417 044.9987 119.0592 0002692 045.6805 314.4261 14.32003584890295
1 25417U 98046E   15240.50983156 -.00000005  00000-0  50092-4 0  9991,2 25417 044.9987 115.4558 0002644 050.2383 309.8696 14.32004111890586
1 25417U 98046E   15241.69583416  .00000061  00000-0  74510-4 0  9999,2 25417 044.9987 109.8869 0002600 059.1098 301.0003 14.32004876890754
1 25417U 98046E   15241.90512867 +.00000070 +00000-0 +77529-4 0  9998,2 25417 044.9987 108.9042 0002588 060.4824 299.6280 14.32004990890604
1 25417U 98046E   15242.74230669  .00000062  00000-0  74847-4 0  9999,2 25417 044.9987 104.9731 0002552 066.5708 293.5406 14.32005226890903
1 25417U 98046E   15243.92830871 +.00000053 +00000-0 +71220-4 0  9993,2 25417 044.9986 099.4042 0002527 075.2181 284.8944 14.32005535890890
1 25417U 98046E   15243.99807351  .00000051  00000-0  70806-4 0  9994,2 25417  44.9986  99.0766 0002527  75.7072 284.4054 14.32005556891086
1 25417U 98046E   15244.69572146 +.00000032 +00000-0 +63760-4 0  9993,2 25417 044.9986 095.8007 0002511 081.0699 279.0431 14.32005708891006
1 25417U 98046E   15245.46313396  .00000013  00000-0  56466-4 0  9993,2 25417  44.9986  92.1973 0002506  86.7825 273.3307 14.32005927891298
1 25417U 98046E   15245.67242820 +.00000010 +00000-0 +55535-4 0  9992,2 25417 044.9986 091.2145 0002512 088.2909 271.8225 14.32006040891149
1 25417U 98046E   15246.64913439  .00000011  00000-0  55920-4 0  9990,2 25417  44.9985  86.6283 0002534  95.4037 264.7098 14.32006582891460
1 25417U 98046E   15246.92819317 +.00000016 +00000-0 +57552-4 0  9999,2 25417 044.9985 085.3180 0002567 098.4199 261.6937 14.32006786891329
1 25417U 98046E   15247.62583988 +.00000057 +00000-0 +72998-4 0  9995,2 25417 044.9985 082.0420 0002549 102.2770 257.8361 14.32007447891423
1 25417U 98046E   15247.97466331  .00000058  00000-0  73345-4 0  9993,2 25417  44.9985  80.4041 0002563 104.8554 255.2576 14.32007638891655
1 25417U 98046E   15248.88160343 +.00000141 +00000-0 +10397-3 0  9998,2 25417 044.9985 076.1454 0002586 110.5910 249.5213 14.32008711891602
1 25417U 98046E   15249.02113253  .00000151  00000-0  10759-3 0  9996,2 25417  44.9985  75.4901 0002611 112.1779 247.9344 14.32008894891802
1 25417U 98046E   15249.92807221 +.00000189 +00000-0 +12171-3 0  9991,2 25417 044.9987 071.2314 0002639 119.0612 241.0498 14.32009658891756
1 25417U 98046E   15250.48618875  .00000202  00000-0  12629-3 0  9993,2 25417  44.9987  68.6106 0002658 122.9519 237.1583 14.32010067892012
1 25417U 98046E   15250.90477598 +.00000225 +00000-0 +13490-3 0  9997,2 25417 044.9988 066.6451 0002684 125.6061 234.5035 14.32010484891896
1 25417U 98046E   15251.88147901 +.00000275 +00000-0 +15329-3 0  9995,2 25417 044.9989 062.0589 0002742 132.2579 227.8500 14.32011462892038
1 25417U 98046E   15251.95124348  .00000276  00000-0  15362-3 0  9991,2 25417  44.9989  61.7313 0002747 132.7153 227.3925 14.32011522892221
1 25417U 98046E   15252.92794595 +.00000280 +00000-0 +15511-3 0  9997,2 25417 044.9991 057.1451 0002794 138.0823 222.0237 14.32012295892182
1 25417U 98046E   15253.48606102  .00000329  00000-0  17326-3 0  9995,2 25417  44.9991  54.5244 0002836 142.0452 218.0594 14.32013107892446
1 25417U 98046E   15253.90464738 +.00000278 +00000-0 +15458-3 0  9996,2 25417 044.9992 052.5590 0002874 144.7222 215.3814 14.32013220892323
1 25417U 98046E   15254.81158393  .00000279  00000-0  15498-3 0  9999,2 25417  44.9993  48.3005 0002948 150.4338 209.6675 14.32014122892639
1 25417U 98046E   15254.88134826 +.00000276 +00000-0 +15387-3 0  9995,2 25417 044.9993 047.9729 0002953 150.8504 209.2507 14.32014179892465
1 25417U 98046E   15255.85804856  .00000232  00000-0  13759-3 0  9993,2 25417  44.9995  43.3867 0003033 156.5710 203.5274 14.32014926892785
1 25417U 98046E   15256.83474846 +.00000194 +00000-0 +12335-3 0  9990,2 25417 044.9996 038.8006 0003115 162.4352 197.6602 14.32015611892745
1 25417U 98046E   15257.18356973  .00000193  00000-0  12305-3 0  9995,2 25417  44.9996  37.1627 0003134 164.3747 195.7196 14.32015903892972
1 25417U 98046E   15257.81144823 +.00000156 +00000-0 +10930-3 0  9995,2 25417 044.9996 034.2143 0003206 167.9600 192.1323 14.32016090892881
1 25417U 98046E   15258.50909038  .00000169  00000-0  11428-3 0  9996,2 25417  44.9997  30.9384 0003273 172.2980 187.7917 14.32016656893165
1 25417U 98046E   15258.85791240 +.00000084 +00000-0 +82674-4 0  9996,2 25417 044.9997 029.3006 0003286 174.3331 185.7553 14.32016155893039
1 25417U 98046E   15259.55555494  .00000053  00000-0  71405-4 0  9999,2 25417  44.9997  26.0247 0003362 178.3541 181.7317 14.32016212893311
1 25417U 98046E   15260.74154812 -.00000005  00000-0  50014-4 0  9992,2 25417  45.0000  20.4560 0003471 184.2586 175.8231 14.32015551893482
1 25417U 98046E   15260.81131239 -.00000022 +00000-0 +43616-4 0  9997,2 25417 045.0001 020.1284 0003475 184.7188 175.3626 14.32015541893314
1 25417U 98046E   15261.71824796 -.00000075 +00000-0 +23909-4 0  9995,2 25417 045.0001 015.8699 0003552 189.3152 170.7629 14.32015495893447
1 25417U 98046E   15262.48565481 -.00000071  00000-0  25396-4 0  9991,2 25417  45.0001  12.2665 0003623 193.2605 166.8146 14.32015587893731
1 25417U 98046E   15262.76471186 -.00000063 +00000-0 +28443-4 0  9997,2 25417 045.0001 010.9564 0003640 194.5239 165.5503 14.32015653893591
1 25417U 98046E   15263.74141133 -.00000062  00000-0  28735-4 0  9995,2 25417  45.0001   6.3704 0003721 199.3493 160.7212 14.32015846893915
1 25417U 98046E   15264.78787486 -.00000071  00000-0  25705-4 0  9991,2 25417  45.0002   1.4569 0003806 204.4123 155.6543 14.32016080894061
1 25417U 98046E   15265.76457397 -.00000064 +00000-0 +27967-4 0  9999,2 25417 045.0002 356.8710 0003886 208.9194 151.1437 14.32016392894026
1 25417U 98046E   15266.46221615 -.00000060  00000-0  29446-4 0  9999,2 25417  45.0002 353.5951 0003942 212.2648 147.7958 14.32016577894307
1 25417U 98046E   15266.74127227 -.00000056 +00000-0 +31068-4 0  9992,2 25417 045.0001 352.2845 0003981 213.5860 146.4733 14.32017966894161
1 25417U 98046E   15267.64820597  .00000228  00000-0  13587-3 0  9997,2 25417  45.0000 348.0261 0004047 218.0172 142.0388 14.32018765894475
1 25417U 98046E   15268.69466721  .00000379  00000-0  19178-3 0  9997,2 25417  45.0000 343.1125 0004116 222.6594 137.3933 14.32020050894626
1 25417U 98046E   15269.67136369 +.00000378 +00000-0 +19132-3 0  9997,2 25417 044.9999 338.5264 0004176 227.1495 132.9000 14.32020972894583
1 25417U 98046E   15270.22947564  .00000394  00000-0  19726-3 0  9994,2 25417  44.9998 335.9057 0004213 229.6636 130.3842 14.32021586894846
1 25417U 98046E   15270.64805944 +.00000409 +00000-0 +20261-3 0  9998,2 25417 044.9998 333.9404 0004231 231.5672 128.4794 14.32022083894726
1 25417U 98046E   15271.48522662  .00000408  00000-0  20249-3 0  9999,2 25417  44.9997 330.0094 0004281 235.2223 124.8220 14.32022965895023
1 25417U 98046E   15271.62475450 +.00000387 +00000-0 +19479-3 0  9996,2 25417 044.9997 329.3543 0004285 235.8945 124.1495 14.32022989894868
1 25417U 98046E   15272.32239335 +.00000394 +00000-0 +19716-3 0  9996,2 25417 044.9997 326.0784 0004326 238.9151 121.1271 14.32023808894969
1 25417U 98046E   15273.15955947  .00000391  00000-0  19612-3 0  9994,2 25417  44.9996 322.1474 0004364 242.6007 117.4395 14.32024771895264
1 25417U 98046E   15273.57814249 +.00000399 +00000-0 +19890-3 0  9995,2 25417 044.9995 320.1821 0004378 244.4597 115.5796 14.32025271895143
1 25417U 98046E   15274.20601662  .00000403  00000-0  20065-3 0  9991,2 25417  44.9995 317.2337 0004411 247.1596 112.8784 14.32026015895413
1 25417U 98046E   15274.62459932 +.00000402 +00000-0 +19998-3 0  9990,2 25417 044.9994 315.2684 0004418 249.0703 110.9670 14.32026468895294
1 25417U 98046E   15275.53152773  .00000488  00000-0  23207-3 0  9996,2 25417  44.9993 311.0098 0004451 252.9905 107.0453 14.32027977895607
1 25417U 98046E   15276.57798328  .00000458  00000-0  22067-3 0  9993,2 25417  44.9991 306.0959 0004485 257.4579 102.5765 14.32028852895754
1 25417U 98046E   15277.48491092 +.00000408 +00000-0 +20229-3 0  9995,2 25417 044.9990 301.8371 0004506 261.2225 098.8110 14.32029417895703
1 25417U 98046E   15278.18254705  .00000378  00000-0  19126-3 0  9991,2 25417  44.9989 298.5611 0004522 264.1955  95.8375 14.32029940895981
1 25417U 98046E   15278.53136523 +.00000345 +00000-0 +17921-3 0  9992,2 25417 044.9989 296.9232 0004525 265.7303 094.3026 14.32030037895851
1 25417U 98046E   15279.50805540  .00000304  00000-0  16414-3 0  9993,2 25417  44.9987 292.3368 0004528 269.7688  90.2638 14.32030704896173
1 25417U 98046E   15280.48474475 +.00000330 +00000-0 +17354-3 0  9994,2 25417 044.9987 287.7504 0004527 273.9841 086.0488 14.32031827896139
1 25417U 98046E   15281.11261620  .00000300  00000-0  16236-3 0  9996,2 25417  44.9987 284.8020 0004527 276.6410  83.3921 14.32032309896400
1 25417U 98046E   15281.88001425 +.00000287 +00000-0 +15781-3 0  9993,2 25417 044.9986 281.1985 0004521 279.9405 080.0931 14.32033056896330
1 25417U 98046E   15282.15906803  .00000266  00000-0  14984-3 0  9999,2 25417  44.9986 279.8880 0004514 280.9680  79.0658 14.32033230896559
1 25417U 98046E   15282.50788520 +.00000259 +00000-0 +14738-3 0  9991,2 25417 044.9986 278.2501 0004505 282.6192 077.4150 14.32033561896421
1 25417U 98046E   15283.48457309  .00000216  00000-0  13161-3 0  9999,2 25417  44.9986 273.6639 0004485 286.9144  73.1210 14.32034262896747
1 25417U 98046E   15284.94960390 +.00000233 +00000-0 +13780-3 0  9996,2 25417 044.9986 266.7844 0004455 293.1683 066.8693 14.32035651896773
1 25417U 98046E   15285.15889399  .00000237  00000-0  13935-3 0  9995,2 25417  44.9986 265.8016 0004444 294.0355  66.0026 14.32035840896983
1 25417U 98046E   15285.92629056 +.00000259 +00000-0 +14738-3 0  9998,2 25417 044.9986 262.1980 0004423 297.4996 062.5400 14.32036563896911
1 25417U 98046E   15286.41463376  .00000275  00000-0  15321-3 0  9991,2 25417  44.9985 259.9049 0004397 299.6692  60.3716 14.32037014897163
1 25417U 98046E   15286.90297670 +.00000284 +00000-0 +15649-3 0  9990,2 25417 044.9985 257.6117 0004384 301.7787 058.2632 14.32037438897051
1 25417U 98046E   15287.74013568  .00000365  00000-0  18639-3 0  9997,2 25417  44.9985 253.6806 0004345 305.5129  54.5311 14.32038552897355
1 25417U 98046E   15288.78658355  .00000396  00000-0  19796-3 0  9990,2 25417  44.9985 248.7666 0004291 310.1007  49.9462 14.32039696897503
1 25417U 98046E   15288.85634658 +.00000433 +00000-0 +21139-3 0  9994,2 25417 044.9984 248.4390 0004286 310.4141 049.6330 14.32039998897336
1 25417U 98046E   15289.34468855 +.00000461 +00000-0 +22200-3 0  9994,2 25417 044.9985 246.1459 0004253 312.6229 047.4258 14.32040684897400
1 25417U 98046E   15290.18184566  .00000491  00000-0  23287-3 0  9991,2 25417  44.9985 242.2148 0004206 316.4277  43.6236 14.32041838897704
1 25417U 98046E   15290.87947594 +.00000532 +00000-0 +24823-3 0  9998,2 25417 044.9985 238.9387 0004163 319.7010 040.3527 14.32042997897629
1 25417U 98046E   15291.29805387  .00000564  00000-0  25977-3 0  9994,2 25417  44.9985 236.9733 0004134 321.7084  38.3468 14.32043779897860
1 25417U 98046E   15291.92592012 +.00000599 +00000-0 +27293-3 0  9993,2 25417 044.9986 234.0249 0004092 324.5324 035.5250 14.32044983897779
1 25417U 98046E   15292.34449775  .00000615  00000-0  27872-3 0  9999,2 25417  44.9986 232.0594 0004067 326.4851  33.5737 14.32045653898019
1 25417U 98046E   15292.83283781 +.00000628 +00000-0 +28356-3 0  9998,2 25417 044.9987 229.7662 0004036 328.6834 031.3771 14.32046474897903
1 25417U 98046E   15293.87927966  .00000692  00000-0  30710-3 0  9991,2 25417  44.9987 224.8524 0003960 333.5235  26.5408 14.32048549898236
1 25417U 98046E   15294.78619499 +.00000723 +00000-0 +31859-3 0  9991,2 25417 044.9986 220.5938 0003896 337.8721 022.1956 14.32050189898189
1 25417U 98046E   15295.20477092  .00000732  00000-0  32185-3 0  9993,2 25417  44.9986 218.6283 0003865 340.0298  20.0396 14.32050951898420
1 25417U 98046E   15295.90239709 +.00000745 +00000-0 +32680-3 0  9995,2 25417 044.9985 215.3523 0003811 343.4238 016.6482 14.32052167898341
1 25417U 98046E   15296.25121016  .00000750  00000-0  32854-3 0  9994,2 25417  44.9985 213.7144 0003786 345.1353  14.9381 14.32052705898572
1 25417U 98046E   15296.87907355 +.00000641 +00000-0 +28836-3 0  9994,2 25417 044.9984 210.7660 0003738 348.5655 011.5105 14.32053013898480
1 25417U 98046E   15297.78598622  .00000582  00000-0  26651-3 0  9995,2 25417  44.9983 206.5072 0003660 353.3030   6.7766 14.32054087898799
1 25417U 98046E   15297.85574890 +.00000540 +00000-0 +25118-3 0  9995,2 25417 044.9983 206.1797 0003654 353.7255 006.3544 14.32053924898626
1 25417U 98046E   15298.83242342 +.00000434 +00000-0 +21197-3 0  9993,2 25417 044.9982 201.5932 0003572 358.8957 001.1880 14.32054727898762
1 25417U 98046E   15299.11147323  .00000409  00000-0  20274-3 0  9995,2 25417  44.9982 200.2829 0003550   0.3230 359.7618 14.32054930898983
1 25417U 98046E   15299.87886004 +.00000307 +00000-0 +16511-3 0  9990,2 25417 044.9982 196.6793 0003487 004.4994 355.5883 14.32055267898917
1 25417U 98046E   15300.15790974  .00000283  00000-0  15602-3 0  9997,2 25417  44.9981 195.3690 0003468   5.9622 354.1265 14.32055421899137
1 25417U 98046E   15300.85553354 +.00000256 +00000-0 +14626-3 0  9998,2 25417 044.9981 192.0929 0003410 009.6341 350.4569 14.32056018899052
1 25417U 98046E   15301.20434543  .00000248  00000-0  14339-3 0  9998,2 25417  44.9981 190.4550 0003387  11.5935 348.4988 14.32056294899281
1 25417U 98046E   15301.83220655 +.00000236 +00000-0 +13868-3 0  9997,2 25417 044.9982 187.5066 0003335 015.0629 345.0316 14.32056799899191
1 25417U 98046E   15302.80887909  .00000234  00000-0  13803-3 0  9993,2 25417  44.9981 182.9202 0003260  20.4621 339.6355 14.32057568899513
1 25417U 98046E   15302.87864139 +.00000241 +00000-0 +14068-3 0  9992,2 25417 044.9982 182.5926 0003253 020.8513 339.2465 14.32057658899348
1 25417U 98046E   15303.85531300 +.00000288 +00000-0 +15787-3 0  9992,2 25417 044.9981 178.0062 0003179 026.5100 333.5908 14.32058715899489
1 25417U 98046E   15304.13436194  .00000294  00000-0  16040-3 0  9999,2 25417  44.9980 176.6959 0003165  28.3225 331.7792 14.32058981899701
1 25417U 98046E   15304.76222181 +.00000301 +00000-0 +16267-3 0  9997,2 25417 044.9979 173.7475 0003108 032.1738 327.9297 14.32059516899611
1 25417U 98046E   15305.80865400  .00000416  00000-0  20529-3 0  9993,2 25417  44.9978 168.8334 0003035  38.7081 321.3982 14.32061108899946
1 25417U 98046E   15305.87841611 +.00000360 +00000-0 +18463-3 0  9990,2 25417 044.9978 168.5059 0003034 039.1346 320.9718 14.32060886899770
1 25417U 98046E   15306.85508532  .00000461  00000-0  22187-3 0  9991,2 25417  44.9976 163.9195 0002986  45.4801 314.6288 14.32062434900090
1 25417U 98046E   15306.92484746 +.00000368 +00000-0 +18746-3 0  9991,2 25417 044.9976 163.5919 0002983 045.9813 314.1278 14.32061991899925
1 25417U 98046E   15307.90151586 +.00000410 +00000-0 +20315-3 0  9996,2 25417 044.9974 159.0054 0002939 052.2290 307.8822 14.32063292900062
1 25417U 98046E   15307.97127787  .00000409  00000-0  20251-3 0  9996,2 25417  44.9974 158.6778 0002938  52.6967 307.4146 14.32063363900259
1 25417U 98046E   15308.59913558 +.00000413 +00000-0 +20395-3 0  9998,2 25417 044.9973 155.7293 0002908 056.7144 303.3980 14.32064121900161
1 25417U 98046E   15309.01770738  .00000408  00000-0  20220-3 0  9998,2 25417  44.9973 153.7637 0002897  59.6482 300.4650 14.32064558900408
1 25417U 98046E   15309.92461276 +.00000320 +00000-0 +16972-3 0  9994,2 25417 044.9972 149.5047 0002861 065.7024 294.4120 14.32064947900356
1 25417U 98046E   15310.55246983  .00000323  00000-0  17088-3 0  9993,2 25417  44.9972 146.5562 0002839  69.8383 290.2768 14.32065572900620
1 25417U 98046E   15310.90127930 +.00000308 +00000-0 +16521-3 0  9996,2 25417 044.9973 144.9181 0002833 072.4666 287.6489 14.32065798900493
1 25417U 98046E   15311.87794478  .00000357  00000-0  18344-3 0  9999,2 25417  44.9974 140.3316 0002812  79.2413 280.8749 14.32067049900817
1 25417U 98046E   15312.92437123  .00000359  00000-0  18435-3 0  9990,2 25417  44.9974 135.4173 0002791  86.5190 273.5975 14.32068077900960
1 25417U 98046E   15312.92437123 +.00000359 +00000-0 +18435-3 0  9990,2 25417 044.9974 135.4173 0002791 086.5190 273.5975 14.32068077900780
1 25417U 98046E   15313.90103515 +.00000404 +00000-0 +20090-3 0  9995,2 25417 044.9974 130.8307 0002785 093.0816 267.0349 14.32069271900925
1 25417U 98046E   15314.45912827  .00000425  00000-0  20838-3 0  9993,2 25417  44.9974 128.2098 0002784  97.0416 263.0746 14.32070009901189
1 25417U 98046E   15314.87769827 +.00000408 +00000-0 +20217-3 0  9991,2 25417 044.9974 126.2443 0002801 099.0866 261.0297 14.32070320901064
1 25417U 98046E   15315.50555232  .00000445  00000-0  21577-3 0  9996,2 25417  44.9974 123.2957 0002806 103.6890 256.4268 14.32071325901337
1 25417U 98046E   15315.85436021 +.00000396 +00000-0 +19791-3 0  9998,2 25417 044.9975 121.6578 0002817 106.1978 253.9178 14.32071463901207
1 25417U 98046E   15316.83102145  .00000396  00000-0  19795-3 0  9998,2 25417  44.9975 117.0712 0002843 112.7499 247.3647 14.32072670901520
1 25417U 98046E   15316.90078295 +.00000334 +00000-0 +17510-3 0  9999,2 25417 044.9975 116.7436 0002847 113.2229 246.8917 14.32072427901355
1 25417U 98046E   15317.87744313 +.00000367 +00000-0 +18716-3 0  9992,2 25417 044.9976 112.1570 0002874 120.2422 239.8708 14.32073859901493
1 25417U 98046E   15317.94720452  .00000366  00000-0  18670-3 0  9996,2 25417  44.9976 111.8294 0002876 120.7522 239.3607 14.32073948901683
1 25417U 98046E   15318.85410256 +.00000384 +00000-0 +19342-3 0  9992,2 25417 044.9977 107.5704 0002907 126.9784 233.1328 14.32075158901637
1 25417U 98046E   15319.48195470  .00000370  00000-0  18812-3 0  9996,2 25417  44.9978 104.6218 0002932 131.1114 228.9986 14.32075809901904
1 25417U 98046E   15319.90052243 +.00000368 +00000-0 +18745-3 0  9995,2 25417 044.9979 102.6562 0002955 133.9455 226.1635 14.32076335901780
1 25417U 98046E   15320.80741853  .00000476  00000-0  22716-3 0  9991,2 25417  44.9980  98.3973 0002993 139.8074 220.2993 14.32078062902099
1 25417U 98046E   15320.87717959 +.00000519 +00000-0 +24308-3 0  9995,2 25417 044.9980 098.0697 0002996 140.2314 219.8752 14.32078425901926
1 25417U 98046E   15321.85383602  .00000589  00000-0  26892-3 0  9995,2 25417  44.9982  93.4831 0003050 146.1742 213.9299 14.32080029902249
1 25417U 98046E   15321.85383602 +.00000589 +00000-0 +26892-3 0  9995,2 25417 044.9982 093.4831 0003050 146.1742 213.9299 14.32080029902069
1 25417U 98046E   15322.83049127 +.00000638 +00000-0 +28694-3 0  9992,2 25417 044.9984 088.8967 0003104 152.1215 207.9798 14.32081627902209
1 25417U 98046E   15323.17929644  .00000606  00000-0  27536-3 0  9990,2 25417  44.9985  87.2586 0003123 154.2396 205.8605 14.32081969902432
1 25417U 98046E   15323.80714535 +.00000612 +00000-0 +27743-3 0  9998,2 25417 044.9986 084.3102 0003164 157.8392 202.2591 14.32082965902347
1 25417U 98046E   15324.50475480  .00000587  00000-0  26818-3 0  9992,2 25417  44.9988  81.0341 0003214 162.0251 198.0709 14.32083912902623
1 25417U 98046E   15324.71403749 +.00000544 +00000-0 +25225-3 0  9998,2 25417 044.9988 080.0514 0003226 163.2159 196.8794 14.32084034902476
1 25417U 98046E   15325.83021149  .00000478  00000-0  22807-3 0  9991,2 25417  44.9990  74.8099 0003298 169.7147 190.3767 14.32085413902814
1 25417U 98046E   15326.73710248 +.00000403 +00000-0 +20023-3 0  9992,2 25417 044.9991 070.5511 0003365 174.8070 185.2812 14.32086226902765
1 25417U 98046E   15327.50447145  .00000315  00000-0  16785-3 0  9993,2 25417  44.9992  66.9474 0003433 178.9034 181.1819 14.32086663903054
1 25417U 98046E   15327.71375415 +.00000280 +00000-0 +15484-3 0  9992,2 25417 044.9992 065.9647 0003435 179.9880 180.0966 14.32086628902902
1 25417U 98046E   15328.69040545  .00000197  00000-0  12418-3 0  9994,2 25417  44.9994  61.3783 0003524 185.0146 175.0665 14.32087011903220
1 25417U 98046E   15329.73681742  .00000119  00000-0  95525-4 0  9995,2 25417  44.9995  56.4643 0003609 190.4390 169.6381 14.32087174903376
1 25417U 98046E   15330.71346859 +.00000062 +00000-0 +74619-4 0  9990,2 25417 044.9996 051.8779 0003669 195.5477 164.5257 14.32087184903337
1 25417U 98046E   15331.20179400  .00000052  00000-0  70868-4 0  9992,2 25417  44.9997  49.5846 0003706 198.0524 162.0191 14.32087263903585
1 25417U 98046E   15331.69011949 +.00000046 +00000-0 +68816-4 0  9991,2 25417 044.9997 047.2915 0003739 200.3766 159.6931 14.32087354903471
1 25417U 98046E   15332.45748782  .00000048  00000-0  69386-4 0  9993,2 25417  44.9998  43.6879 0003795 204.1838 155.8830 14.32087580903764
1 25417U 98046E   15332.66677007 +.00000042 +00000-0 +67274-4 0  9995,2 25417 044.9998 042.7051 0003810 205.0770 154.9891 14.32087623903618
1 25417U 98046E   15333.50389882  .00000053  00000-0  71165-4 0  9996,2 25417  44.9999  38.7741 0003859 209.1713 150.8917 14.32088019903912
1 25417U 98046E   15333.64342022 +.00000054 +00000-0 +71639-4 0  9993,2 25417 044.9999 038.1189 0003865 209.5978 150.4649 14.32088108903755
1 25417U 98046E   15334.62006911  .00000055  00000-0  71970-4 0  9995,2 25417  44.9999  33.5324 0003943 214.5596 145.4994 14.32090201904074
1 25417U 98046E   15335.66646835  .00000025  00000-0  60725-4 0  9998,2 25417  45.0000  28.6183 0004030 218.0422 142.0140 14.32106703904220
1 25417U 98046E   15336.92214462 +.00000185 +00000-0 +12000-3 0  9994,2 25417 045.0001 022.7216 0004102 223.7991 136.2529 14.32107692904221
1 25417U 98046E   15337.20118360  .00000282  00000-0  15579-3 0  9998,2 25417  45.0000  21.4112 0004115 225.4330 134.6180 14.32108090904443
1 25417U 98046E   15337.54998234 +.00000346 +00000-0 +17905-3 0  9997,2 25417 045.0000 019.7732 0004123 227.1268 132.9232 14.32108569904315
1 25417U 98046E   15339.15445533  .00000327  00000-0  17202-3 0  9994,2 25417  45.0000  12.2382 0004195 235.0356 125.0096 14.32110079904724
1 25417U 98046E   15339.50325345 +.00000395 +00000-0 +19714-3 0  9996,2 25417 045.0000 010.6003 0004205 235.9308 124.1139 14.32110842904595
1 25417U 98046E   15340.47988789  .00000446  00000-0  21601-3 0  9996,2 25417  44.9999   6.0138 0004245 240.3345 119.7078 14.32112099904917
1 25417U 98046E   15340.96820464 +.00000472 +00000-0 +22555-3 0  9993,2 25417 044.9999 003.7204 0004271 242.4576 117.5836 14.32112797904804
1 25417U 98046E   15341.87507833 +.00000478 +00000-0 +22775-3 0  9996,2 25417 044.9999 359.4615 0004293 246.1148 113.9248 14.32113888904934
1 25417U 98046E   15342.15411621  .00000475  00000-0  22683-3 0  9992,2 25417  44.9998 358.1510 0004302 247.2351 112.8041 14.32114222905159
1 25417U 98046E   15342.50291370 +.00000459 +00000-0 +22092-3 0  9994,2 25417 044.9999 356.5131 0004302 248.8803 111.1583 14.32114520905020
1 25417U 98046E   15343.40978132  .00000418  00000-0  20572-3 0  9998,2 25417  44.9999 352.2523 0004478 250.1552 109.8812 14.32127601905336
1 25417U 98046E   15343.96785273 +.00000360 +00000-0 +18440-3 0  9998,2 25417 044.9996 349.6327 0004405 254.3415 105.6945 14.32126950905235
1 25417U 98046E   15344.80495825  .00000468  00000-0  22412-3 0  9996,2 25417  44.9999 345.7022 0004361 259.3707 100.6648 14.32129053905532
1 25417U 98046E   15344.87471705 +.00000367 +00000-0 +18687-3 0  9991,2 25417 045.0000 345.3744 0004377 259.4770 100.5583 14.32128622905361
1 25417U 98046E   15345.85133921  .00000408  00000-0  20213-3 0  9999,2 25417  45.0000 340.7877 0004407 262.7537  97.2808 14.32130172905689
1 25417U 98046E   15345.92109795 +.00000395 +00000-0 +19717-3 0  9991,2 25417 045.0000 340.4601 0004409 263.0860 096.9484 14.32130183905516
1 25417U 98046E   15346.96747815 +.00000393 +00000-0 +19645-3 0  9995,2 25417 044.9999 335.5458 0004401 267.6863 092.3479 14.32131348905665
1 25417U 98046E   15347.17675402  .00000396  00000-0  19756-3 0  9997,2 25417  44.9999 334.5630 0004405 268.4185  91.6156 14.32131642905870
1 25417U 98046E   15347.94409874 +.00000421 +00000-0 +20668-3 0  9993,2 25417 044.9998 330.9591 0004402 271.5560 088.4781 14.32132644905808
1 25417U 98046E   15348.92071828 +.00000527 +00000-0 +24562-3 0  9990,2 25417 044.9997 326.3724 0004395 275.5954 084.4390 14.32134432905940
1 25417U 98046E   15349.40902757  .00000593  00000-0  27009-3 0  9990,2 25417  44.9997 324.0792 0004376 277.7865  82.2484 14.32135487906193
1 25417U 98046E   15349.96709507 +.00000572 +00000-0 +26246-3 0  9998,2 25417 044.9997 321.4581 0004379 279.7089 080.3262 14.32136178906093
1 25417U 98046E   15350.80419588  .00000539  00000-0  25018-3 0  9999,2 25417  44.9996 317.5268 0004348 283.7850  76.2512 14.32137252906396
1 25417U 98046E   15350.94371263 +.00000494 +00000-0 +23367-3 0  9996,2 25417 044.9996 316.8715 0004341 284.4590 075.5774 14.32137217906233
1 25417U 98046E   15351.85057093  .00000464  00000-0  22272-3 0  9990,2 25417  44.9996 312.6125 0004315 288.4923  71.5454 14.32138464906547
1 25417U 98046E   15351.92032919 +.00000474 +00000-0 +22616-3 0  9991,2 25417 044.9996 312.2848 0004311 288.8012 071.2366 14.32138635906374
1 25417U 98046E   15352.89694471  .00000519  00000-0  24291-3 0  9996,2 25417  44.9996 307.6982 0004275 293.1078  66.9317 14.32140452906693
1 25417U 98046E   15353.94331751 +.00000425 +00000-0 +20831-3 0  9994,2 25417 044.9996 302.7841 0004224 297.7897 062.2520 14.32141616906661
1 25417U 98046E   15354.15259169  .00000429  00000-0  20984-3 0  9993,2 25417  44.9996 301.8013 0004215 298.4443  61.5978 14.32142037906877
1 25417U 98046E   15354.91993050 +.00000540 +00000-0 +25053-3 0  9997,2 25417 044.9996 298.1975 0004178 301.9647 058.0792 14.32143906906800
1 25417U 98046E   15355.19896245  .00000551  00000-0  25453-3 0  9992,2 25417  44.9996 296.8871 0004173 302.9147  57.1297 14.32144489907023
1 25417U 98046E   15355.89654188 +.00000601 +00000-0 +27293-3 0  9997,2 25417 044.9995 293.6109 0004141 305.9853 054.0608 14.32146040906940
1 25417U 98046E   15356.31508967  .00000584  00000-0  26670-3 0  9996,2 25417  44.9995 291.6453 0004109 307.8261  52.2213 14.32146605907184
1 25417U 98046E   15356.87315307 +.00000561 +00000-0 +25842-3 0  9996,2 25417 044.9994 289.0243 0004079 310.1460 049.9028 14.32147323907089
1 25417U 98046E   15357.29170070 +.00000554 +00000-0 +25563-3 0  9991,2 25417 044.9993 287.0587 0004054 312.1966 047.8535 14.32147853907148
1 25417U 98046E   15358.12879515  .00000497  00000-0  23467-3 0  9991,2 25417  44.9992 283.1271 0003995 315.9843  44.0685 14.32148748907444
1 25417U 98046E   15358.89613139 +.00000438 +00000-0 +21302-3 0  9994,2 25417 044.9991 279.5232 0003946 319.6240 040.4313 14.32149475907375
1 25417U 98046E   15359.17516263  .00000406  00000-0  20119-3 0  9996,2 25417  44.9991 278.2128 0003920 320.8020  39.2541 14.32149667907593
1 25417U 98046E   15359.87274050 +.00000326 +00000-0 +17163-3 0  9994,2 25417 044.9990 274.9365 0003874 323.9661 036.0923 14.32150127907515
1 25417U 98046E   15360.22152930  .00000327  00000-0  17227-3 0  9999,2 25417  44.9989 273.2985 0003847 325.6076  34.4521 14.32150564907748
1 25417U 98046E   15360.84934893 +.00000270 +00000-0 +15112-3 0  9991,2 25417 044.9989 270.3498 0003796 328.4150 031.6467 14.32150991907654
1 25417U 98046E   15361.26789525  .00000265  00000-0  14914-3 0  9991,2 25417  44.9988 268.3842 0003768 330.5841  29.4792 14.32151452907898
1 25417U 98046E   15361.89571464 +.00000199 +00000-0 +12507-3 0  9993,2 25417 044.9988 265.4355 0003717 333.3661 026.6994 14.32151699907807
1 25417U 98046E   15362.80256450  .00000193  00000-0  12280-3 0  9992,2 25417  44.9987 261.1764 0003643 337.6940  22.3746 14.32152470908119
1 25417U 98046E   15362.87232217 +.00000175 +00000-0 +11601-3 0  9990,2 25417 044.9987 260.8488 0003636 338.0292 022.0397 14.32152434907944
1 25417U 98046E   15363.91868683 +.00000173 +00000-0 +11521-3 0  9997,2 25417 044.9986 255.9346 0003555 342.9013 017.1713 14.32153272908091
1 25417U 98046E   15364.19771733  .00000181  00000-0  11836-3 0  9995,2 25417  44.9985 254.6242 0003534 344.4512  15.6225 14.32153533908315
1 25417U 98046E   15364.89529468 +.00000229 +00000-0 +13617-3 0  9990,2 25417 044.9984 251.3477 0003448 348.2745 011.8020 14.32151695908231
1 25417U 98046E   15365.31384118 -.00000111  00000-0  10748-4 0  9993,2 25417  44.9984 249.3821 0003430 350.2484   9.8295 14.32151254908473
1 25417U 98046E   15365.87190285 +.00000159 +00000-0 +11018-3 0  9995,2 25417 044.9983 246.7611 0003386 352.9533 007.1265 14.32151978908374
1 25417U 98046E   16001.77875249  .00000268  00000-0  15055-3 0  9998,2 25417  44.9980 242.5021 0003307 357.8933   2.1899 14.32152868908682
1 25417U 98046E   16001.91826781 +.00000239 +00000-0 +13952-3 0  9993,2 25417 044.9980 241.8468 0003294 358.5882 001.4954 14.32152788908523
1 25417U 98046E   16002.82511705  .00000241  00000-0  14033-3 0  9995,2 25417  44.9978 237.5877 0003218   3.5529 356.5339 14.32153542908831
1 25417U 98046E   16002.89487467 +.00000223 +00000-0 +13398-3 0  9992,2 25417 044.9978 237.2601 0003214 003.9236 356.1635 14.32153497908663
1 25417U 98046E   16003.87148095 +.00000207 +00000-0 +12774-3 0  9991,2 25417 044.9976 232.6732 0003131 009.2174 350.8728 14.32154185908808
1 25417U 98046E   16004.08075370  .00000195  00000-0  12334-3 0  9998,2 25417  44.9975 231.6904 0003116  10.4287 349.6622 14.32154287909015
1 25417U 98046E   16004.84808684 +.00000183 +00000-0 +11892-3 0  9999,2 25417 044.9975 228.0863 0003046 014.7538 345.3396 14.32154832908945
1 25417U 98046E   16005.75493479  .00000164  00000-0  11217-3 0  9992,2 25417  44.9974 223.8270 0002974  19.8586 340.2375 14.32155418909254
1 25417U 98046E   16005.89444985 +.00000140 +00000-0 +10311-3 0  9993,2 25417 044.9974 223.1718 0002964 020.6926 339.4039 14.32155378909095
1 25417U 98046E   16006.80129732  .00000150  00000-0  10702-3 0  9990,2 25417  44.9973 218.9124 0002890  25.8822 334.2168 14.32156081909400
1 25417U 98046E   16006.94081232 +.00000135 +00000-0 +10127-3 0  9991,2 25417 044.9973 218.2572 0002876 026.7953 333.3041 14.32156077909246
1 25417U 98046E   16007.91741692 +.00000145 +00000-0 +10510-3 0  9999,2 25417 044.9973 213.6703 0002800 032.6727 327.4292 14.32156710909384
1 25417U 98046E   16007.98717439  .00000143  00000-0  10448-3 0  9996,2 25417  44.9973 213.3427 0002796  33.0556 327.0465 14.32156735909579
1 25417U 98046E   16008.89402119 +.00000137 +00000-0 +10206-3 0  9998,2 25417 044.9973 209.0834 0002734 038.5857 321.5184 14.32157157909520
1 25417U 98046E   16009.87062500  .00000125  00000-0  97564-4 0  9993,2 25417  44.9973 204.4965 0002664  44.7131 315.3929 14.32157560909841
1 25417U 98046E   16009.94038237 +.00000135 +00000-0 +10127-3 0  9991,2 25417 044.9973 204.1689 0002659 045.1696 314.9366 14.32157659909676
1 25417U 98046E   16010.91698569 +.00000130 +00000-0 +99720-4 0  9992,2 25417 044.9972 199.5820 0002596 051.6014 308.5065 14.32158137909818
1 25417U 98046E   16010.98674306  .00000129  00000-0  99276-4 0  9996,2 25417  44.9972 199.2543 0002594  52.0117 308.0963 14.32158170910006
1 25417U 98046E   16011.89358845 +.00000141 +00000-0 +10342-3 0  9994,2 25417 044.9971 194.9951 0002545 058.0526 302.0567 14.32158775909953
1 25417U 98046E   16012.52140408  .00000193  00000-0  12293-3 0  9993,2 25417  44.9971 192.0462 0002510  62.2517 297.8583 14.32159502910228
1 25417U 98046E   16012.87019045 +.00000200 +00000-0 +12515-3 0  9999,2 25417 044.9971 190.4082 0002496 064.7207 295.3897 14.32159806910097
1 25417U 98046E   16013.70727735  .00000214  00000-0  13059-3 0  9993,2 25417  44.9971 186.4764 0002457  70.4721 289.6390 14.32160564910391
1 25417U 98046E   16013.91654908 +.00000198 +00000-0 +12469-3 0  9992,2 25417 044.9971 185.4935 0002456 071.9291 288.1822 14.32160644910244
1 25417U 98046E   16014.82339275  .00000209  00000-0  12846-3 0  9992,2 25417  44.9972 181.2342 0002424  78.2104 281.9013 14.32161429910558
1 25417U 98046E   16015.52096445 +.00000211 +00000-0 +12950-3 0  9998,2 25417 044.9973 177.9577 0002407 082.9119 277.2000 14.32162005910476
1 25417U 98046E   16015.86975018  .00000224  00000-0  13416-3 0  9999,2 25417  44.9973 176.3196 0002397  85.4015 274.7104 14.32162359910702
1 25417U 98046E   16016.84634987 +.00000275 +00000-0 +15282-3 0  9994,2 25417 044.9975 171.7326 0002379 092.2586 267.8533 14.32163377910662
1 25417U 98046E   16017.47416370  .00000274  00000-0  15269-3 0  9992,2 25417  44.9976 168.7838 0002367  96.7434 263.3681 14.32163823910936
1 25417U 98046E   16017.89270596 +.00000275 +00000-0 +15278-3 0  9997,2 25417 044.9977 166.8181 0002365 099.6391 260.4723 14.32164181910819
1 25417U 98046E   16018.79954740  .00000322  00000-0  17022-3 0  9999,2 25417  44.9978 162.5589 0002367 106.0049 254.1058 14.32165109911127
1 25417U 98046E   16018.86930435 +.00000293 +00000-0 +15972-3 0  9991,2 25417 044.9978 162.2313 0002365 106.4820 253.6286 14.32165031910959
1 25417U 98046E   16019.77614514 +.00000359 +00000-0 +18386-3 0  9994,2 25417 044.9979 157.9721 0002376 112.7979 247.3118 14.32166101911089
1 25417U 98046E   16020.47371442  .00000331  00000-0  17341-3 0  9993,2 25417  44.9980 154.6957 0002379 117.9262 242.1825 14.32166598911360
1 25417U 98046E   16020.82249886 +.00000341 +00000-0 +17727-3 0  9997,2 25417 044.9980 153.0577 0002387 120.2400 239.8682 14.32167016911237
1 25417U 98046E   16021.79909458  .00000344  00000-0  17826-3 0  9995,2 25417  44.9981 148.4710 0002414 126.9148 233.1920 14.32168156911551
1 25417U 98046E   16022.84544684 +.00000300 +00000-0 +16221-3 0  9998,2 25417 044.9982 143.5565 0002451 133.9416 226.1633 14.32169013911526
1 25417U 98046E   16023.12447394  .00000293  00000-0  15936-3 0  9993,2 25417  44.9982 142.2459 0002459 135.7812 224.3231 14.32169267911741
1 25417U 98046E   16023.54301465 +.00000275 +00000-0 +15287-3 0  9996,2 25417 044.9983 140.2802 0002496 138.4659 221.6377 14.32169581911629
1 25417U 98046E   16024.51960953  .00000210  00000-0  12912-3 0  9998,2 25417  44.9983 135.6933 0002545 144.5807 215.5208 14.32170034911945
1 25417U 98046E   16024.79863656 +.00000194 +00000-0 +12306-3 0  9998,2 25417 044.9984 134.3828 0002541 146.5747 213.5260 14.32170153911809
1 25417U 98046E   16025.70547414  .00000165  00000-0  11240-3 0  9995,2 25417  44.9985 130.1236 0002598 152.3191 207.7794 14.32170605912111
1 25417U 98046E   16026.75182517  .00000111  00000-0  92664-4 0  9991,2 25417  44.9986 125.2092 0002656 158.5733 201.5224 14.32170791912264
1 25417U 98046E   16027.65866248 +.00000083 +00000-0 +82213-4 0  9998,2 25417 044.9987 120.9500 0002715 164.0620 196.0312 14.32170945912216
1 25417U 98046E   16028.21671608  .00000050  00000-0  70222-4 0  9996,2 25417  44.9987 118.3289 0002737 167.5099 192.5815 14.32170930912474
1 25417U 98046E   16028.70501298 +.00000040 +00000-0 +66439-4 0  9991,2 25417 044.9988 116.0356 0002776 170.2372 189.8528 14.32171021912363
1 25417U 98046E   16029.54209320  .00000015  00000-0  57333-4 0  9990,2 25417  44.9988 112.1041 0002835 175.0127 185.0747 14.32171144912668
1 25417U 98046E   16029.61184986 +.00000019 +00000-0 +58750-4 0  9996,2 25417 044.9988 111.7765 0002838 175.3944 184.6928 14.32171194912491
1 25417U 98046E   16030.65819976  .00000004  00000-0  53073-4 0  9993,2 25417  44.9988 106.8621 0002916 180.8025 179.2817 14.32171524912826
1 25417U 98046E   16031.63479245 +.00000032 +00000-0 +63279-4 0  9993,2 25417 044.9989 102.2754 0002980 185.8363 174.2448 14.32172172912785
1 25417U 98046E   16032.19284534  .00000035  00000-0  64636-4 0  9991,2 25417  44.9989  99.6543 0003020 188.8640 171.2153 14.32172446913041
1 25417U 98046E   16032.54162797 +.00000110 +00000-0 +92192-4 0  9998,2 25417 044.9990 098.0163 0003044 190.5042 169.5741 14.32173146912912
1 25417U 98046E   16033.51821960  .00000163  00000-0  11176-3 0  9990,2 25417  44.9990  93.4294 0003100 195.8208 164.2541 14.32174043913234
1 25417U 98046E   16033.65773254 +.00000185 +00000-0 +11977-3 0  9990,2 25417 044.9989 092.7741 0003118 196.2524 163.8223 14.32174274913076
1 25417U 98046E   16034.49478816  .00000159  00000-0  11006-3 0  9993,2 25417  44.9986  88.8419 0003021 197.9168 162.1572 14.32221028913378
1 25417U 98046E   16034.63429674 +.00000145 +00000-0 +10506-3 0  9996,2 25417 044.9989 088.1869 0003057 197.8771 162.1968 14.32220730913212
1 25417U 98046E   16035.54110214  .00000167  00000-0  11287-3 0  9995,2 25417  44.9989  83.9275 0003115 202.1398 157.9313 14.32221230913522
1 25417U 98046E   16036.58741522  .00000247  00000-0  14239-3 0  9991,2 25417  44.9989  79.0127 0003175 207.2400 152.8280 14.32222147913671
1 25417U 98046E   16037.56397358 +.00000283 +00000-0 +15559-3 0  9990,2 25417 044.9989 074.4256 0003226 211.6915 148.3737 14.32223054913631
1 25417U 98046E   16038.19176071  .00000266  00000-0  14933-3 0  9993,2 25417  44.9989  71.4766 0003265 214.5465 145.5169 14.32223500913903
1 25417U 98046E   16038.54053124 +.00000316 +00000-0 +16763-3 0  9994,2 25417 044.9989 069.8385 0003275 216.0793 143.9833 14.32224079913770
1 25417U 98046E   16039.44733395  .00000378  00000-0  19057-3 0  9996,2 25417  44.9990  65.5790 0003318 220.0720 139.9882 14.32225365914081
1 25417U 98046E   16039.58684201 +.00000367 +00000-0 +18646-3 0  9993,2 25417 044.9990 064.9238 0003323 220.6697 139.3901 14.32225466913926
1 25417U 98046E   16040.49364427  .00000342  00000-0  17748-3 0  9995,2 25417  44.9991  60.6643 0003362 224.6561 135.4014 14.32226285914234
1 25417U 98046E   16041.53995379  .00000334  00000-0  17435-3 0  9991,2 25417  44.9992  55.7496 0003399 229.2241 130.8310 14.32227380914383
1 25417U 98046E   16042.51650860 +.00000362 +00000-0 +18457-3 0  9999,2 25417 044.9992 051.1625 0003438 233.3200 126.7330 14.32228579914345
1 25417U 98046E   16043.14429344  .00000369  00000-0  18731-3 0  9992,2 25417  44.9993  48.2135 0003462 235.9638 124.0879 14.32229286914614
1 25417U 98046E   16043.49306265 +.00000399 +00000-0 +19840-3 0  9991,2 25417 044.9993 046.5754 0003463 237.4750 122.5762 14.32229824914482
1 25417U 98046E   16044.19060091  .00000386  00000-0  19334-3 0  9997,2 25417  44.9993  43.2987 0003490 240.3052 119.7447 14.32230453914761
1 25417U 98046E   16044.46961611 +.00000392 +00000-0 +19581-3 0  9996,2 25417 044.9993 041.9882 0003491 241.4829 118.5665 14.32230772914623
1 25417U 98046E   16045.37641509  .00000486  00000-0  23032-3 0  9998,2 25417  44.9994  37.7286 0003510 245.1248 114.9233 14.32232201914937
1 25417U 98046E   16045.93444478 +.00000448 +00000-0 +21620-3 0  9995,2 25417 044.9994 035.1073 0003525 247.4095 112.6378 14.32232624914837
1 25417U 98046E   16046.91099639 +.00000393 +00000-0 +19617-3 0  9991,2 25417 044.9995 030.5201 0003530 251.3919 108.6544 14.32233423914978
1 25417U 98046E   16047.19001087  .00000402  00000-0  19948-3 0  9990,2 25417  44.9995  29.2096 0003509 252.6612 107.3851 14.32233863915195
1 25417U 98046E   16047.95729979 +.00000594 +00000-0 +26993-3 0  9991,2 25417 044.9996 025.6054 0003516 255.7140 104.3315 14.32236063915128
1 25417U 98046E   16048.37582111  .00000590  00000-0  26839-3 0  9998,2 25417  44.9996  23.6397 0003498 257.4980 102.5475 14.32236641915361
1 25417U 98046E   16048.86409591 +.00000481 +00000-0 +22835-3 0  9993,2 25417 044.9997 021.3461 0003507 259.3393 100.7058 14.32236696915254
1 25417U 98046E   16049.70113767  .00000521  00000-0  24293-3 0  9999,2 25417  44.9998  17.4144 0003511 262.5518  97.4929 14.32238114915558
1 25417U 98046E   16050.81719276  .00000409  00000-0  20210-3 0  9990,2 25417  44.9999  12.1722 0003510 266.6915  93.3530 14.32238966915714
1 25417U 98046E   16050.88694610 +.00000408 +00000-0 +20174-3 0  9999,2 25417 044.9999 011.8445 0003509 266.9084 093.1361 14.32239072915540
1 25417U 98046E   16051.86349358  .00000368  00000-0  18684-3 0  9992,2 25417  45.0000   7.2575 0003517 270.4227  89.6216 14.32239993915862
1 25417U 98046E   16051.93324689 +.00000330 +00000-0 +17297-3 0  9998,2 25417 045.0000 006.9298 0003514 270.6612 089.3832 14.32239897915692
1 25417U 98046E   16052.90979382 +.00000310 +00000-0 +16542-3 0  9992,2 25417 045.0000 002.3429 0003494 274.6341 085.4106 14.32240796915835
1 25417U 98046E   16053.18880714  .00000303  00000-0  16290-3 0  9995,2 25417  45.0000   1.0324 0003484 275.6556  84.3893 14.32241031916052
1 25417U 98046E   16053.88634017 +.00000296 +00000-0 +16026-3 0  9993,2 25417 045.0000 357.7559 0003470 278.3735 081.6717 14.32241648915976
1 25417U 98046E   16054.30485997  .00000313  00000-0  16657-3 0  9992,2 25417  45.0000 355.7900 0003448 280.0255  80.0202 14.32242081916218
1 25417U 98046E   16054.79313296 +.00000302 +00000-0 +16242-3 0  9995,2 25417 045.0000 353.4965 0003431 281.9243 078.1218 14.32242401916102
1 25417U 98046E   16055.83943175  .00000259  00000-0  14697-3 0  9999,2 25417  44.9999 348.5818 0003389 285.8529  74.1944 14.32243030916438
1 25417U 98046E   16055.90918492 +.00000238 +00000-0 +13917-3 0  9992,2 25417 044.9999 348.2541 0003386 286.0686 073.9787 14.32243003916265
1 25417U 98046E   16056.88573026 +.00000178 +00000-0 +11689-3 0  9997,2 25417 044.9999 343.6671 0003330 289.9025 070.1462 14.32243389916408
1 25417U 98046E   16057.16474315  .00000171  00000-0  11427-3 0  9993,2 25417  44.9999 342.3565 0003310 291.1386  68.9106 14.32243558916621
1 25417U 98046E   16057.86227505 +.00000174 +00000-0 +11539-3 0  9994,2 25417 044.9999 339.0800 0003279 293.7759 066.2743 14.32244096916549
1 25417U 98046E   16058.28079410  .00000167  00000-0  11280-3 0  9996,2 25417  44.9999 337.1142 0003247 295.4446  64.6064 14.32244385916789
1 25417U 98046E   16058.90857236 +.00000167 +00000-0 +11283-3 0  9998,2 25417 045.0000 334.1654 0003227 297.7102 062.3417 14.32244882916690
1 25417U 98046E   16059.81536302  .00000231  00000-0  13649-3 0  9997,2 25417  44.9999 329.9061 0003169 301.3912  58.6624 14.32245879917006
1 25417U 98046E   16060.86165927 +.00000231 +00000-0 +13661-3 0  9999,2 25417 044.9998 324.9916 0003097 305.6990 054.3567 14.32246683916970
1 25417U 98046E   16061.14067153  .00000241  00000-0  14012-3 0  9995,2 25417  44.9998 323.6811 0003072 306.8880  53.1684 14.32246933917194
1 25417U 98046E   16061.90795498 +.00000271 +00000-0 +15105-3 0  9996,2 25417 044.9996 320.0769 0003029 309.8548 050.2032 14.32247638917122
1 25417U 98046E   16062.81474416  .00000299  00000-0  16139-3 0  9999,2 25417  44.9994 315.8175 0002965 313.4669  46.5930 14.32248434917430
1 25417U 98046E   16063.79128549 +.00000308 +00000-0 +16483-3 0  9993,2 25417 044.9992 311.2304 0002887 317.3772 042.6849 14.32249312917390
1 25417U 98046E   16064.14005017  .00000301  00000-0  16240-3 0  9991,2 25417  44.9991 309.5923 0002847 319.2469  40.8163 14.32249595917624
1 25417U 98046E   16064.76782631 +.00000338 +00000-0 +17575-3 0  9995,2 25417 044.9989 306.6433 0002791 321.8281 038.2367 14.32250354917536
1 25417U 98046E   16065.81411903  .00000375  00000-0  18943-3 0  9994,2 25417  44.9987 301.7285 0002707 326.3261  33.7412 14.32251641917867
1 25417U 98046E   16065.88387184 +.00000327 +00000-0 +17165-3 0  9996,2 25417 044.9987 301.4008 0002703 326.4057 033.6617 14.32251453917695
1 25417U 98046E   16066.72090548 +.00000368 +00000-0 +18689-3 0  9992,2 25417 044.9986 297.4689 0002642 329.9078 030.1616 14.32252552917812
1 25417U 98046E   16067.06966917  .00000400  00000-0  19871-3 0  9993,2 25417  44.9985 295.8306 0002613 331.4778  28.5924 14.32253153918049
1 25417U 98046E   16067.76719642 +.00000401 +00000-0 +19903-3 0  9998,2 25417 044.9985 292.5539 0002546 334.4408 025.6311 14.32253968917961
1 25417U 98046E   16068.39497051  .00000392  00000-0  19577-3 0  9991,2 25417  44.9984 289.6050 0002494 337.1198  22.9537 14.32254672918237
1 25417U 98046E   16068.81348658 +.00000386 +00000-0 +19356-3 0  9994,2 25417 044.9984 287.6390 0002457 338.9045 021.1700 14.32255081918116
1 25417U 98046E   16069.72027069  .00000398  00000-0  19797-3 0  9997,2 25417  44.9983 283.3794 0002382 343.0128  17.0638 14.32256156918424
1 25417U 98046E   16070.90606429 +.00000394 +00000-0 +19651-3 0  9997,2 25417 044.9981 277.8092 0002273 348.4360 011.6433 14.32257425918419
1 25417U 98046E   16071.04556929  .00000395  00000-0  19663-3 0  9996,2 25417  44.9981 277.1539 0002254 349.0962  10.9834 14.32257600918616
1 25417U 98046E   16071.88259891 +.00000486 +00000-0 +23032-3 0  9992,2 25417 044.9980 273.2217 0002149 352.3548 007.7265 14.32259081918555
1 25417U 98046E   16072.51037076  .00000447  00000-0  21582-3 0  9997,2 25417  44.9979 270.2725 0002061 355.0338   5.0487 14.32259634918825
1 25417U 98046E   16072.85913295 +.00000404 +00000-0 +20012-3 0  9990,2 25417 044.9979 268.6343 0002031 356.8649 003.2184 14.32259809918696
1 25417U 98046E   16073.55665690  .00000409  00000-0  20177-3 0  9998,2 25417  44.9979 265.3575 0001961   0.2490 359.8357 14.32260642918972
1 25417U 98046E   16073.90541863 +.00000389 +00000-0 +19438-3 0  9997,2 25417 044.9978 263.7192 0001936 002.2121 357.8733 14.32260981918841
1 25417U 98046E   16074.81219895  .00000342  00000-0  17714-3 0  9999,2 25417  44.9978 259.4594 0001834   6.8173 353.2698 14.32261769919153
1 25417U 98046E   16074.88195123 +.00000375 +00000-0 +18932-3 0  9992,2 25417 044.9978 259.1318 0001831 007.2029 352.8843 14.32262033918988
1 25417U 98046E   16075.85848295  .00000394  00000-0  19618-3 0  9998,2 25417  44.9978 254.5443 0001738  12.4313 347.6576 14.32263287919300
1 25417U 98046E   16075.92823518 +.00000394 +00000-0 +19618-3 0  9997,2 25417 044.9978 254.2166 0001736 012.8036 347.2854 14.32263370919132
1 25417U 98046E   16076.90476617 +.00000381 +00000-0 +19150-3 0  9997,2 25417 044.9979 249.6292 0001644 018.2320 341.8584 14.32264399919272
1 25417U 98046E   16076.97451831  .00000382  00000-0  19193-3 0  9993,2 25417  44.9978 249.3014 0001635  18.6091 341.4814 14.32264494919468
1 25417U 98046E   16077.88129637 +.00000369 +00000-0 +18717-3 0  9996,2 25417 044.9979 245.0418 0001538 023.8686 336.2231 14.32265399919415
1 25417U 98046E   16078.50905894  .00000393  00000-0  19592-3 0  9992,2 25417  44.9986 242.0927 0001616  25.0893 335.0031 14.32280611919684
1 25417U 98046E   16078.85781521 +.00000378 +00000-0 +19025-3 0  9993,2 25417 044.9982 240.4543 0001499 028.1310 331.9617 14.32281515919558
1 25417U 98046E   16079.83433375  .00000341  00000-0  17696-3 0  9995,2 25417  44.9981 235.8668 0001408  34.7552 325.3386 14.32282390919871
1 25417U 98046E   16079.90408505 +.00000340 +00000-0 +17639-3 0  9996,2 25417 044.9981 235.5392 0001405 035.1614 324.9325 14.32282456919706
1 25417U 98046E   16080.53184661 +.00000337 +00000-0 +17538-3 0  9995,2 25417 044.9981 232.5900 0001341 039.4364 320.6579 14.32283026919793
1 25417U 98046E   16081.50836388  .00000317  00000-0  16807-3 0  9999,2 25417  44.9981 228.0027 0001235  46.1340 313.9607 14.32283941920115
1 25417U 98046E   16082.83363659  .00000243  00000-0  14076-3 0  9996,2 25417  44.9981 221.7771 0001127  56.7184 303.3770 14.32284831920308
1 25417U 98046E   16084.15890827  .00000249  00000-0  14306-3 0  9997,2 25417  44.9982 215.5514 0001042  67.8656 292.2301 14.32286068920498
1 25417U 98046E   16084.50766976  .00001166  00000-0  42749-3 0  9994,2 25417  44.9982 213.9146 0000789  68.4539 291.6869 14.32291467920542
1 25417U 98046E   16085.48417925  .00000204  00000-0  12666-3 0  9996,2 25417  44.9982 209.3255 0000998  80.4506 279.6453 14.32286868920681
