1 25416U 98046D   14365.07867199  .00000633  00000-0  28800-3 0  9994,2 25416 044.9952 162.7056 0002601 145.9744 313.7350 14.31543491856098
1 25416U 98046D   15001.67845905  .00000564  00000-0  26242-3 0  9990,2 25416 044.9956 155.1992 0002724 155.5537 276.7120 14.31545672856322
1 25416U 98046D   15002.87746898  .00000748  00000-0  33110-3 0  9990,2 25416 044.9958 149.5732 0002825 162.4423 334.9690 14.31545933856493
1 25416U 98046D   15004.53435468  .00000883  00000-0  38113-3 0  9991,2 25416 044.9959 141.7988 0002960 171.4718 233.0612 14.31549787856739
1 25416U 98046D   15005.81280875  .00001091  00000-0  45861-3 0  9993,2 25416 044.9959 135.8002 0003049 178.6106 340.9050 14.31551891856912
1 25416U 98046D   15007.53816307  .00000953  00000-0  40721-3 0  9995,2 25416 044.9959 127.7044 0003181 187.0328 232.8390 14.31559969857163
1 25416U 98046D   15008.81009234  .00000910  00000-0  39108-3 0  9990,2 25416 044.9960 121.7362 0003255 192.6021 308.6269 14.31564791857342
1 25416U 98046D   15010.76296091  .00000737  00000-0  32669-3 0  9998,2 25416 044.9961 112.5728 0003395 201.8349 293.4744 14.31567852857629
1 25416U 98046D   15011.81327122  .00000769  00000-0  33856-3 0  9999,2 25416 044.9962 107.6444 0003451 206.5257 306.9357 14.31568912857777
1 25416U 98046D   15013.32844424  .00000727  00000-0  32282-3 0  9992,2 25416 044.9962 100.5347 0003538 212.2648 197.4078 14.31571450857993
1 25416U 98046D   15014.74414626  .00000702  00000-0  31380-3 0  9997,2 25416 044.9964 093.8919 0003605 218.4318 294.3267 14.31574600858191
1 25416U 98046D   15016.40077968  .00000705  00000-0  31455-3 0  9992,2 25416 044.9964 086.1182 0003673 225.4175 193.3225 14.31578426858431
1 25416U 98046D   15017.73142517  .00000345  00000-0  18079-3 0  9999,2 25416 044.9965 079.8742 0003718 231.2778 211.8061 14.31582662858629
1 25416U 98046D   15018.78142517  .00000321  00000-0  17160-3 0  9999,2 25416 044.9966 074.9471 0003737 235.4951 224.1932 14.31584790858779
1 25416U 98046D   15020.16345769  .00000596  00000-0  27395-3 0  9993,2 25416 044.9966 068.4617 0003756 240.8931 148.2634 14.31585996858974
1 25416U 98046D   15021.35761545  .00000760  00000-0  33503-3 0  9990,2 25416 044.9977 062.8629 0003842 256.1357 173.3346 14.31597392859147
1 25416U 98046D   15022.55580593  .00000855  00000-0  37041-3 0  9991,2 25416 044.9968 057.2354 0003830 252.7111 237.9323 14.31605012859317
1 25416U 98046D   15024.21382644  .00000819  00000-0  35705-3 0  9998,2 25416 044.9969 049.4546 0003808 258.4545 145.5145 14.31606922859556
1 25416U 98046D   15025.33758963  .00000714  00000-0  31782-3 0  9998,2 25416 044.9970 044.1813 0003781 263.6655 177.5262 14.31610376859718
1 25416U 98046D   15026.59400561  .00000586  00000-0  27027-3 0  9999,2 25416 044.9971 038.2854 0003751 268.9161 173.8382 14.31613559859892
1 25416U 98046D   15028.19370845  .00000699  00000-0  31219-3 0  9991,2 25416 044.9972 030.7785 0003685 275.8542 139.4198 14.31618094860129
1 25416U 98046D   15029.46532510  .00001153  00000-0  48118-3 0  9993,2 25416 044.9973 024.8113 0003631 281.1335 214.1559 14.31619884860300
1 25416U 98046D   15030.57378628  .00001108  00000-0  46431-3 0  9991,2 25416 044.9974 019.6096 0003578 285.4069 168.2210 14.31622794860468
1 25416U 98046D   15030.57378628  .00001108  00000-0  46431-3 0  9991,2 25416 044.9974 019.6096 0003578 285.4069 168.2210 14.31622794860468
1 25416U 98046D   15032.33099390  .00001195  00000-0  49668-3 0  9994,2 25416 044.9974 011.3638 0003458 293.1170 225.6275 14.31628320860713
1 25416U 98046D   15034.12620221  .00001064  00000-0  44776-3 0  9996,2 25416 044.9974 002.9397 0003334 300.8084 119.1217 14.31636157860972
1 25416U 98046D   15035.33091208  .00000960  00000-0  40921-3 0  9999,2 25416 044.9974 357.2862 0003247 304.9203 209.9555 14.31645260861144
1 25416U 98046D   15036.50667922  .00000974  00000-0  41419-3 0  9999,2 25416 044.9973 351.7687 0003157 310.1292 150.3989 14.31649497861319
1 25416U 98046D   15037.89023101  .00000803  00000-0  35082-3 0  9997,2 25416 044.9971 345.2761 0003014 319.5817 078.5650 14.31652504861517
1 25416U 98046D   15039.15598297  .00001002  00000-0  42478-3 0  9990,2 25416 044.9970 339.3363 0002908 325.9355 122.1291 14.31656370861698
1 25416U 98046D   15040.21552160  .00000969  00000-0  41249-3 0  9994,2 25416 044.9968 334.3641 0002813 331.4189 182.7378 14.31660012861844
1 25416U 98046D   15041.79633731  .00000879  00000-0  37906-3 0  9997,2 25416 044.9965 326.9454 0002668 340.0915 049.4123 14.31661488862072
1 25416U 98046D   15043.21682061  .00000663  00000-0  29847-3 0  9992,2 25416 044.9962 320.2792 0002538 348.1707 169.5389 14.31664703862278
1 25416U 98046D   15044.26059277  .00000467  00000-0  22588-3 0  9992,2 25416 044.9960 315.3808 0002447 354.5237 147.9666 14.31666403862421
1 25416U 98046D   15050.11985898  .00000561  00000-0  26055-3 0  9998,2 25416 044.9950 287.8824 0002045 034.3876 095.9674 14.31673939863263
1 25416U 98046D   15051.85112484  .00000661  00000-0  29774-3 0  9995,2 25416 044.9949 279.7569 0001974 047.5801 014.3886 14.31676692863518
1 25416U 98046D   15053.05562836  .00000694  00000-0  30991-3 0  9998,2 25416 044.9948 274.1037 0001943 057.2303 098.7898 14.31679675863688
1 25416U 98046D   15055.00860529  .00000824  00000-0  35829-3 0  9995,2 25416 044.9947 264.9377 0001921 072.8353 078.6431 14.31685330863961
1 25416U 98046D   15056.96294137  .00000697  00000-0  31116-3 0  9990,2 25416 044.9948 255.7643 0001943 087.4452 066.5456 14.31688261864243
1 25416U 98046D   15058.54441737  .00000814  00000-0  35444-3 0  9995,2 25416 044.9952 248.3344 0001944 087.5237 305.3918 14.31690533864474
1 25416U 98046D   15059.59405535  .00000816  00000-0  35526-3 0  9990,2 25416 044.9953 243.4080 0001942 094.9418 313.1203 14.31692484864627
1 25416U 98046D   15060.86794730  .00000885  00000-0  38078-3 0  9991,2 25416 044.9954 237.4292 0001950 104.2779 035.8840 14.31695331864809
1 25416U 98046D   15062.45059123  .00001184  00000-0  49205-3 0  9995,2 25416 044.9955 230.0011 0001974 115.4717 269.6853 14.31700249865032
1 25416U 98046D   15063.50051752  .00001223  00000-0  50639-3 0  9999,2 25416 044.9956 225.0733 0002009 123.5979 278.2305 14.31702795865180
1 25416U 98046D   15064.77402413  .00001065  00000-0  44785-3 0  9992,2 25416 044.9956 219.0962 0002066 133.7829 358.2016 14.31704929865366
1 25416U 98046D   15065.82376131  .00001045  00000-0  44033-3 0  9990,2 25416 044.9957 214.1692 0002128 141.2951 006.4092 14.31707596865518
1 25416U 98046D   15066.87441941  .00001069  00000-0  44927-3 0  9996,2 25416 044.9956 209.2378 0002176 149.0316 019.1544 14.31710602865668
1 25416U 98046D   15068.17864718  .00001145  00000-0  47729-3 0  9990,2 25416 044.9957 203.1163 0002261 157.5656 259.3140 14.31714443865858
1 25416U 98046D   15069.50206090  .00000951  00000-0  40522-3 0  9999,2 25416 044.9958 196.9047 0002369 164.7151 239.8514 14.31716495866047
1 25416U 98046D   15070.77992264  .00000791  00000-0  34580-3 0  9994,2 25416 044.9959 190.9071 0002471 172.7259 344.5255 14.31718143866229
1 25416U 98046D   15072.44743190  .00000711  00000-0  31603-3 0  9997,2 25416 044.9960 183.0807 0002615 182.5715 297.6301 14.31720540866467
1 25416U 98046D   15073.48164273  .00000619  00000-0  28178-3 0  9991,2 25416 044.9960 178.2268 0002690 188.1462 227.7227 14.31721565866614
1 25416U 98046D   15074.82559000  .00000510  00000-0  24144-3 0  9995,2 25416 044.9959 171.9192 0002810 195.0431 314.4830 14.31722845866802
1 25416U 98046D   15076.06395756  .00000401  00000-0  20079-3 0  9991,2 25416 044.9959 166.1069 0002897 201.1615 217.3238 14.31723883866984
1 25416U 98046D   15076.63873252  .00000515  00000-0  24327-3 0  9992,2 25416 044.9956 163.4090 0002892 204.9333 298.9799 14.31742833867061
1 25416U 98046D   15077.68913395  .00001115  00000-0  46590-3 0  9994,2 25416 044.9957 158.4785 0002981 209.4208 313.7882 14.31746462867215
1 25416U 98046D   15078.73374023  .00000918  00000-0  39264-3 0  9990,2 25416 044.9958 153.5754 0003066 214.4966 298.1164 14.31748929867365
1 25416U 98046D   15080.17566047  .00000923  00000-0  39456-3 0  9999,2 25416 044.9958 146.8071 0003192 221.0925 170.7778 14.31751262867574
1 25416U 98046D   15081.52133030  .00000892  00000-0  38288-3 0  9998,2 25416 044.9959 140.4910 0003265 227.3947 267.1722 14.31754364867768
1 25416U 98046D   15082.63827966  .00000998  00000-0  42246-3 0  9995,2 25416 044.9958 135.2483 0003319 232.3931 264.8481 14.31757573867922
1 25416U 98046D   15084.15383728  .00000905  00000-0  38793-3 0  9997,2 25416 044.9957 128.1344 0003398 238.9350 157.5349 14.31760575868144
1 25416U 98046D   15085.50049215  .00001055  00000-0  44359-3 0  9999,2 25416 044.9956 121.8135 0003440 244.6117 259.6766 14.31764146868330
1 25416U 98046D   15087.16852187  .00001178  00000-0  48896-3 0  9999,2 25416 044.9955 113.9836 0003495 251.5903 218.6164 14.31768626868579
1 25416U 98046D   15088.50355682  .00001250  00000-0  51559-3 0  9997,2 25416 044.9955 107.7169 0003520 257.1362 260.9811 14.31772443868761
1 25416U 98046D   15090.09824791  .00001353  00000-0  55383-3 0  9999,2 25416 044.9956 100.2312 0003547 263.5851 202.1160 14.31776825868991
1 25416U 98046D   15091.43281966  .00001413  00000-0  57619-3 0  9990,2 25416 044.9957 093.9668 0003544 269.1131 242.1463 14.31780799869181
1 25416U 98046D   15092.81197277  .00001494  00000-0  60594-3 0  9999,2 25416 044.9958 087.4931 0003529 274.6782 152.1741 14.31785380869381
1 25416U 98046D   15094.07521059  .00001351  00000-0  55303-3 0  9992,2 25416 044.9959 081.5634 0003502 279.7588 184.6510 14.31788506869565
1 25416U 98046D   15095.11054162  .00001219  00000-0  50386-3 0  9993,2 25416 044.9959 076.7035 0003468 283.4899 122.6269 14.31791028869717
1 25416U 98046D   15095.93891465  .00001277  00000-0  52534-3 0  9999,2 25416 044.9969 072.8094 0003407 288.3775 071.6784 14.31794142869827
1 25416U 98046D   15097.13715991  .00001141  00000-0  47516-3 0  9996,2 25416 044.9963 067.1903 0003429 291.5958 130.7210 14.31796382870001
1 25416U 98046D   15098.34156528  .00001044  00000-0  43902-3 0  9992,2 25416 044.9965 061.5365 0003358 296.8440 219.5377 14.31798957870176
1 25416U 98046D   15099.38536027  .00000979  00000-0  41510-3 0  9992,2 25416 044.9966 056.6368 0003298 301.1364 200.6599 14.31801206870329
1 25416U 98046D   15100.76838329  .00000969  00000-0  41137-3 0  9991,2 25416 044.9968 050.1447 0003222 306.6702 130.7888 14.31804557870529
1 25416U 98046D   15101.81800744  .00001083  00000-0  45340-3 0  9996,2 25416 044.9970 045.2177 0003143 311.1369 141.8378 14.31807906870673
1 25416U 98046D   15103.22356918  .00000982  00000-0  41609-3 0  9993,2 25416 044.9972 038.6199 0003033 317.2351 187.7206 14.31810942870876
1 25416U 98046D   15104.27399940  .00000988  00000-0  41826-3 0  9998,2 25416 044.9972 033.6891 0002959 321.4812 203.1712 14.31813741871028
1 25416U 98046D   15105.31806027  .00001256  00000-0  51762-3 0  9992,2 25416 044.9974 028.7882 0002877 325.8879 185.6111 14.31818049871174
1 25416U 98046D   15106.75929895  .00001344  00000-0  54992-3 0  9996,2 25416 044.9974 022.0226 0002757 332.3081 055.3037 14.31822753871388
1 25416U 98046D   15107.82119556  .00001255  00000-0  51708-3 0  9993,2 25416 044.9974 017.0378 0002641 337.2605 129.2474 14.31825110871531
1 25416U 98046D   15109.15616230  .00001367  00000-0  55867-3 0  9996,2 25416 044.9974 010.7713 0002536 343.7993 170.5383 14.31829411871726
1 25416U 98046D   15110.19925947  .00001280  00000-0  52630-3 0  9999,2 25416 044.9974 005.8748 0002447 349.0274 147.2354 14.31831842871877
1 25416U 98046D   15111.71471728  .00001476  00000-0  59869-3 0  9999,2 25416 044.9974 358.7609 0002312 356.6539 038.7332 14.31837440872097
1 25416U 98046D   15112.76388596  .00001325  00000-0  54301-3 0  9994,2 25416 044.9974 353.8358 0002209 002.0806 046.5869 14.31839690872246
1 25416U 98046D   15114.17931745  .00001188  00000-0  49222-3 0  9994,2 25416 044.9973 347.1913 0002054 010.3220 141.4080 14.31842818872446
1 25416U 98046D   15115.48883240  .00001050  00000-0  44105-3 0  9998,2 25416 044.9973 341.0438 0001901 018.6365 049.6859 14.31845561872634
1 25416U 98046D   15116.81281220  .00000898  00000-0  38464-3 0  9996,2 25416 044.9972 334.8282 0001768 027.4999 032.0597 14.31847893872828
1 25416U 98046D   15118.08442678  .00000739  00000-0  32556-3 0  9993,2 25416 044.9970 328.8587 0001677 035.9552 104.6670 14.31849750873008
1 25416U 98046D   15119.81552296  .00000583  00000-0  26806-3 0  9991,2 25416 044.9969 320.7321 0001580 048.5292 023.9274 14.31852220873253
1 25416U 98046D   15121.08746025  .00000483  00000-0  23070-3 0  9997,2 25416 044.9968 314.7610 0001514 058.8377 096.3672 14.31853795873435
1 25416U 98046D   15122.52864259  .00000393  00000-0  19763-3 0  9991,2 25416 044.9969 307.9954 0001440 072.4598 318.7473 14.31855527873644
1 25416U 98046D   15123.79444130  .00000441  00000-0  21513-3 0  9993,2 25416 044.9968 302.0529 0001407 084.0198 358.2811 14.31857679873820
1 25416U 98046D   15124.85225022  .00000478  00000-0  22902-3 0  9991,2 25416 044.9967 297.0870 0001393 094.6651 045.5764 14.31859251873973
1 25416U 98046D   15125.90172863  .00000565  00000-0  26116-3 0  9990,2 25416 044.9967 292.1599 0001396 104.0095 051.1930 14.31860855874126
1 25416U 98046D   15127.48556844  .00000586  00000-0  26891-3 0  9993,2 25416 044.9965 284.7242 0001435 116.2069 291.0938 14.31862706874351
1 25416U 98046D   15128.83188802  .00000566  00000-0  26146-3 0  9999,2 25416 044.9965 278.4037 0001494 127.6302 026.2520 14.31864254874540
1 25416U 98046D   15129.94776742  .00000627  00000-0  28403-3 0  9994,2 25416 044.9964 273.1651 0001547 136.1702 015.3039 14.31866183874706
1 25416U 98046D   15131.76310829  .00000746  00000-0  32813-3 0  9999,2 25416 044.9964 264.6427 0001666 150.0242 008.0649 14.31869861874968
1 25416U 98046D   15133.50053250  .00000966  00000-0  40970-3 0  9992,2 25416 044.9964 256.4861 0001786 162.1324 320.5691 14.31874329875210
1 25416U 98046D   15134.76269806  .00001123  00000-0  46769-3 0  9995,2 25416 044.9963 250.5608 0001882 169.9117 345.2217 14.31877871875397
1 25416U 98046D   15136.48774524  .00001027  00000-0  43195-3 0  9997,2 25416 044.9960 242.4621 0002037 180.2472 235.6810 14.31881157875643
1 25416U 98046D   15137.75897183  .00000927  00000-0  39507-3 0  9995,2 25416 044.9959 236.4942 0002135 187.3091 307.8377 14.31883837875821
1 25416U 98046D   15139.14243693  .00000811  00000-0  35201-3 0  9990,2 25416 044.9959 229.9991 0002259 194.8214 238.6802 14.31886530876029
1 25416U 98046D   15140.39310036  .00000805  00000-0  34980-3 0  9991,2 25416 044.9958 224.1274 0002353 200.8676 205.7803 14.31889649876204
1 25416U 98046D   15141.51643111  .00000714  00000-0  31608-3 0  9992,2 25416 044.9959 218.8538 0002462 206.5225 236.2690 14.31891595876365
1 25416U 98046D   15142.64733751  .00000590  00000-0  27015-3 0  9996,2 25416 044.9958 213.5444 0002559 211.2919 306.7609 14.31900754876521
1 25416U 98046D   15143.69106072  .00000339  00000-0  17729-3 0  9994,2 25416 044.9957 208.6443 0002655 215.7154 287.7634 14.31901758876678
1 25416U 98046D   15144.72578860  .00000401  00000-0  20022-3 0  9997,2 25416 044.9955 203.7863 0002731 219.9912 222.5036 14.31903068876827
1 25416U 98046D   15146.18047541  .00000312  00000-0  16717-3 0  9993,2 25416 044.9952 196.9567 0002838 226.3939 162.0371 14.31904181877038
1 25416U 98046D   15147.52891519  .00000304  00000-0  16424-3 0  9990,2 25416 044.9950 190.6259 0002912 232.0904 274.0673 14.31905589877227
1 25416U 98046D   15148.97969505  .00000320  00000-0  17038-3 0  9991,2 25416 044.9949 183.8144 0002991 238.1640 193.7850 14.31907165877432
1 25416U 98046D   15150.16114547  .00000284  00000-0  15694-3 0  9998,2 25416 044.9949 178.2673 0003045 242.8546 165.1934 14.31908079877605
1 25416U 98046D   15151.43438854  .00000643  00000-0  28972-3 0  9991,2 25416 044.9949 172.2894 0003083 248.0843 249.7030 14.31911088877783
1 25416U 98046D   15153.09041549  .00000282  00000-0  15624-3 0  9995,2 25416 044.9949 164.5142 0003130 254.5354 148.1044 14.31910508878026
1 25416U 98046D   15154.15106282  .00000297  00000-0  16169-3 0  9990,2 25416 044.9950 159.5344 0003145 258.5135 216.9144 14.31911517878175
1 25416U 98046D   15155.48067605  .00000390  00000-0  19624-3 0  9995,2 25416 044.9949 153.2918 0003152 263.5312 232.5156 14.31913233878367
1 25416U 98046D   15157.13759689  .00000474  00000-0  22727-3 0  9990,2 25416 044.9949 145.5123 0003147 269.7266 135.8116 14.31915476878608
1 25416U 98046D   15158.41542171  .00000551  00000-0  25580-3 0  9994,2 25416 044.9950 139.5128 0003122 274.7035 244.2474 14.31917262878787
1 25416U 98046D   15159.92493619 +.00000813 +00000-0 +35267-3 0  9997,2 25416 044.9952 132.4253 0003087 280.5170 107.3516 14.31920715878979
1 25416U 98046D   15160.14075728  .00000812  00000-0  35214-3 0  9991,2 25416 044.9953 131.4120 0003081 281.1445 140.3364 14.31921012879035
1 25416U 98046D   15160.90161963 +.00000844 +00000-0 +36411-3 0  9997,2 25416 044.9954 127.8396 0003067 283.9808 103.4640 14.31922141879117
1 25416U 98046D   15161.41252539  .00000823  00000-0  35639-3 0  9992,2 25416 044.9955 125.4409 0003038 286.0594 217.6033 14.31922711879219
1 25416U 98046D   15161.95111625 +.00000902 +00000-0 +38535-3 0  9997,2 25416 044.9956 122.9121 0003019 288.0674 114.6684 14.31923947879268
1 25416U 98046D   15162.85548198  .00000887  00000-0  37990-3 0  9992,2 25416 044.9958 118.6661 0002973 291.4989 097.6765 14.31925450879425
1 25416U 98046D   15163.36504561 +.00001035 +00000-0 +43466-3 0  9996,2 25416 044.9959 116.2737 0002945 293.4076 205.0687 14.31927132879463
1 25416U 98046D   15164.20109796  .00000999  00000-0  42123-3 0  9998,2 25416 044.9960 112.3484 0002897 296.5886 195.8466 14.31928669879614
1 25416U 98046D   15164.88018579 +.00000974 +00000-0 +41225-3 0  9995,2 25416 044.9961 109.1601 0002857 299.2220 097.2506 14.31929885879686
1 25416U 98046D   15165.31765284  .00000924  00000-0  39359-3 0  9996,2 25416 044.9961 107.1062 0002830 300.9919 192.7775 14.31930574879777
1 25416U 98046D   15165.85651662 +.00000900 +00000-0 +38461-3 0  9996,2 25416 044.9961 104.5762 0002802 302.9565 091.3108 14.31931600879824
1 25416U 98046D   15166.36753179  .00000796  00000-0  34612-3 0  9996,2 25416 044.9961 102.1769 0002758 305.0345 206.0347 14.31932076879924
1 25416U 98046D   15167.80916002  .00000706  00000-0  31288-3 0  9999,2 25416 044.9963 095.4083 0002661 310.5242 079.2555 14.31934522880133
1 25416U 98046D   15168.85897343  .00000664  00000-0  29739-3 0  9992,2 25416 044.9964 090.4792 0002582 314.5195 092.2398 14.31936333880287
1 25416U 98046D   15169.29643219 +.00000632 +00000-0 +28548-3 0  9994,2 25416 044.9965 088.4253 0002547 316.3310 187.6930 14.31936946880312
1 25416U 98046D   15169.97756742  .00000592  00000-0  27086-3 0  9996,2 25416 044.9966 085.2272 0002492 318.8662 099.7831 14.31937924880449
1 25416U 98046D   15171.11165457  .00000599  00000-0  27330-3 0  9991,2 25416 044.9968 079.9026 0002387 323.7087 186.7831 14.31939912880601
1 25416U 98046D   15172.15826828  .00000601  00000-0  27424-3 0  9990,2 25416 044.9969 074.9887 0002293 328.4604 182.5199 14.31941632880754
1 25416U 98046D   15173.20180557  .00000600  00000-0  27365-3 0  9992,2 25416 044.9969 070.0893 0002198 333.1137 162.4876 14.31943331880900
1 25416U 98046D   15174.71708660  .00000843  00000-0  36350-3 0  9993,2 25416 044.9970 062.9750 0002060 339.5486 054.8777 14.31947666881123
1 25416U 98046D   15175.76654389  .00000616  00000-0  27967-3 0  9999,2 25416 044.9970 058.0477 0001952 344.4978 065.1057 14.31947804881271
1 25416U 98046D   15177.11362740  .00000399  00000-0  19955-3 0  9993,2 25416 044.9970 051.7230 0001824 350.8578 169.6795 14.31948473881466
1 25416U 98046D   15178.78056122  .00000198  00000-0  12506-3 0  9993,2 25416 044.9969 043.8961 0001630 000.3528 121.5407 14.31948708881709
1 25416U 98046D   15180.04282522  .00000113  00000-0  93638-4 0  9993,2 25416 044.9970 037.9695 0001506 007.6918 147.4707 14.31948944881885
1 25416U 98046D   15181.55134760  .00000056  00000-0  72466-4 0  9992,2 25416 044.9971 030.8867 0001351 016.7397 002.3861 14.31949241882106
1 25416U 98046D   15182.81728431  .00000002  00000-0  52633-4 0  9991,2 25416 044.9971 024.9428 0001232 025.4946 045.9151 14.31949383882289
1 25416U 98046D   15184.08856495 -.00000053  00000-0  32334-4 0  9997,2 25416 044.9971 018.9739 0001123 035.2764 115.9337 14.31949529882469
1 25416U 98046D   15185.53023862 -.00000074  00000-0  24372-4 0  9998,2 25416 044.9972 012.2050 0001017 047.7660 342.4709 14.31949731882676
1 25416U 98046D   15186.79590971 -.00000010  00000-0  47999-4 0  9997,2 25416 044.9972 006.2623 0000931 059.6430 021.4512 14.31950318882855
1 25416U 98046D   15187.85383068  .00000043  00000-0  67889-4 0  9997,2 25416 044.9973 001.2951 0000894 070.2283 069.7361 14.31950862883007
1 25416U 98046D   15188.90294682  .00000139  00000-0  10321-3 0  9991,2 25416 044.9972 356.3691 0000856 082.7822 070.6225 14.31951744883152
1 25416U 98046D   15189.94636512  .00000239  00000-0  14016-3 0  9994,2 25416 044.9972 351.4699 0000836 096.0359 041.4113 14.31952777883303
1 25416U 98046D   15191.05574230  .00000114  00000-0  94080-4 0  9999,2 25416 044.9973 346.2610 0000845 109.4461 352.3948 14.31952833883462
1 25416U 98046D   15192.50697075  .00000203  00000-0  12676-3 0  9992,2 25416 044.9973 339.4472 0000897 126.5284 263.6660 14.31954397883677
1 25416U 98046D   15193.78856286  .00000142  00000-0  10452-3 0  9996,2 25416 044.9973 333.4299 0000973 137.8134 025.4123 14.31954999883858
1 25416U 98046D   15194.83455640  .00000160  00000-0  11115-3 0  9999,2 25416 044.9973 328.5188 0001036 146.5824 013.9866 14.31955855884000
1 25416U 98046D   15195.87789453  .00000164  00000-0  11244-3 0  9993,2 25416 044.9973 323.6201 0001109 155.0217 349.1906 14.31956533884153
1 25416U 98046D   15197.39388286  .00000117  00000-0  95019-4 0  9992,2 25416 044.9972 316.5020 0001234 166.6309 240.1110 14.31957075884374
1 25416U 98046D   15198.43846449  .00000086  00000-0  83562-4 0  9993,2 25416 044.9971 311.5974 0001319 173.4886 223.3172 14.31957411884528
1 25416U 98046D   15199.48843787  .00000445  00000-0  21623-3 0  9999,2 25416 044.9971 306.6677 0001390 180.2882 234.4098 14.31959127884676
1 25416U 98046D   15200.75962575  .00000396  00000-0  19822-3 0  9992,2 25416 044.9970 300.6993 0001496 187.3268 306.7432 14.31960589884852
1 25416U 98046D   15202.07038497  .00000268  00000-0  15083-3 0  9999,2 25416 044.9970 294.5450 0001615 194.6877 222.9496 14.31961598885043
1 25416U 98046D   15203.11954735  .00000280  00000-0  15537-3 0  9995,2 25416 044.9969 289.6190 0001704 199.7209 231.6384 14.31962884885199
1 25416U 98046D   15204.44332288  .00000307  00000-0  16525-3 0  9993,2 25416 044.9967 283.4035 0001824 205.9933 216.1082 14.31964387885388
1 25416U 98046D   15205.64770310  .00000330  00000-0  17363-3 0  9995,2 25416 044.9965 277.7486 0001912 211.2474 305.5165 14.31965630885556
1 25416U 98046D   15206.69132512  .00000323  00000-0  17130-3 0  9991,2 25416 044.9962 272.8485 0001991 215.8810 286.0281 14.31966484885706
1 25416U 98046D   15208.13269317  .00000281  00000-0  15577-3 0  9992,2 25416 044.9959 266.0806 0002100 221.9245 157.5256 14.31967422885917
1 25416U 98046D   15209.18256821  .00000246  00000-0  14290-3 0  9996,2 25416 044.9957 261.1509 0002171 226.0832 170.7854 14.31968112886062
1 25416U 98046D   15210.53091950  .00000252  00000-0  14480-3 0  9995,2 25416 044.9955 254.8198 0002246 231.6387 282.8085 14.31969286886258
1 25416U 98046D   15210.53091950  .00000252  00000-0  14480-3 0  9995,2 25416 044.9955 254.8198 0002246 231.6387 282.8085 14.31969286886258
1 25416U 98046D   15211.57971190  .00000234  00000-0  13845-3 0  9997,2 25416 044.9954 249.8952 0002294 235.8329 290.4523 14.31970008886407
1 25416U 98046D   15213.16120325  .00000182  00000-0  11910-3 0  9993,2 25416 044.9953 242.4691 0002374 241.8458 165.0464 14.31970970886638
1 25416U 98046D   15214.50793477  .00000278  00000-0  15473-3 0  9990,2 25416 044.9952 236.1455 0002418 246.6814 269.4450 14.31972404886822
1 25416U 98046D   15215.55152322  .00000301  00000-0  16297-3 0  9996,2 25416 044.9951 231.2453 0002449 250.4175 250.7056 14.31973209886977
1 25416U 98046D   15217.06661133  .00000276  00000-0  15389-3 0  9991,2 25416 044.9949 224.1310 0002481 255.7970 143.3038 14.31974178887192
1 25416U 98046D   15218.11357714  .00000303  00000-0  16379-3 0  9996,2 25416 044.9948 219.2148 0002493 259.5339 142.0009 14.31975241887342
1 25416U 98046D   15219.16085873  .00000311  00000-0  16671-3 0  9990,2 25416 044.9949 214.2971 0002498 263.2263 142.3759 14.31976303887496
1 25416U 98046D   15220.28437544  .00000365  00000-0  18671-3 0  9992,2 25416 044.9950 209.0216 0002485 267.4574 175.5962 14.31977690887651
1 25416U 98046D   15221.41570227  .00000452  00000-0  21893-3 0  9991,2 25416 044.9951 203.7093 0002470 271.5640 249.2487 14.31979428887810
1 25416U 98046D   15222.46132388  .00000395  00000-0  19769-3 0  9994,2 25416 044.9952 198.7995 0002449 275.4089 240.9162 14.31980080887961
1 25416U 98046D   15224.19038866  .00000317  00000-0  16881-3 0  9998,2 25416 044.9954 190.6806 0002397 281.6478 156.8355 14.31981297888217
1 25416U 98046D   15225.32077159  .00000317  00000-0  16907-3 0  9991,2 25416 044.9954 185.3729 0002355 285.6181 225.7678 14.31982405888374
1 25416U 98046D   15226.36426653  .00000274  00000-0  15301-3 0  9992,2 25416 044.9955 180.4731 0002308 289.2408 206.6990 14.31983158888522
1 25416U 98046D   15227.87952397  .00000272  00000-0  15226-3 0  9992,2 25416 044.9955 173.3580 0002230 294.6281 100.2216 14.31984628888745
1 25416U 98046D   15229.23057991  .00000399  00000-0  19923-3 0  9998,2 25416 044.9957 167.0141 0002158 299.3224 227.1478 14.31986876888935
1 25416U 98046D   15229.91747177 +.00000383 +00000-0 +19321-3 0  9990,2 25416 044.9958 163.7887 0002118 301.6567 169.2644 14.31987517889002
1 25416U 98046D   15230.80834244  .00000391  00000-0  19611-3 0  9993,2 25416 044.9960 159.6056 0002071 304.7691 083.1637 14.31988538889164
1 25416U 98046D   15230.95955880 +.00000371 +00000-0 +18870-3 0  9993,2 25416 044.9960 158.8956 0002061 305.1764 143.0529 14.31988589889150
1 25416U 98046D   15231.85816796  .00000355  00000-0  18308-3 0  9993,2 25416 044.9961 154.6761 0002002 308.6987 096.4785 14.31989539889318
1 25416U 98046D   15231.92733890 +.00000408 +00000-0 +20246-3 0  9997,2 25416 044.9961 154.3513 0001997 308.8304 093.2787 14.31989903889296
1 25416U 98046D   15232.90371559  .00000464  00000-0  22314-3 0  9996,2 25416 044.9962 149.7667 0001931 312.5075 087.8458 14.31991390889466
1 25416U 98046D   15234.92971171 +.00000439 +00000-0 +21394-3 0  9995,2 25416 044.9962 140.2536 0001766 320.3454 094.4521 14.31993738889723
1 25416U 98046D   15235.90604906 +.00000422 +00000-0 +20783-3 0  9996,2 25416 044.9962 135.6692 0001661 324.3559 088.4951 14.31994860889860
1 25416U 98046D   15236.88135880 +.00000361 +00000-0 +18522-3 0  9994,2 25416 044.9961 131.0895 0001595 327.6196 077.9834 14.31995586890000
1 25416U 98046D   15237.85772299  .00000216  00000-0  13156-3 0  9990,2 25416 044.9961 126.5049 0001504 331.6886 072.1040 14.31995437890170
1 25416U 98046D   15239.82666328 +.00000146 +00000-0 +10559-3 0  9990,2 25416 044.9962 117.2589 0001315 339.5103 144.3212 14.31995366890428
1 25416U 98046D   15240.51348051  .00000113  00000-0  93611-4 0  9993,2 25416 044.9962 114.0341 0001253 342.0637 085.8543 14.31995700890553
1 25416U 98046D   15240.94264630 +.00000130 +00000-0 +99992-4 0  9997,2 25416 044.9961 112.0189 0001218 344.0724 138.4105 14.31995994890587
1 25416U 98046D   15240.94264630 +.00000130 +00000-0 +99992-4 0  9997,2 25416 044.9961 112.0189 0001218 344.0724 138.4105 14.31995994890587
1 25416U 98046D   15241.69471248  .00000149  00000-0  10686-3 0  9997,2 25416 044.9961 108.4874 0001120 347.5741 055.6930 14.31996469890726
1 25416U 98046D   15241.91083222 +.00000137 +00000-0 +10250-3 0  9997,2 25416 044.9961 107.4726 0001097 348.6875 089.7924 14.31996507890728
1 25416U 98046D   15242.75562760  .00000111  00000-0  92726-4 0  9990,2 25416 044.9961 103.5057 0001005 352.3338 125.4289 14.31996750890875
1 25416U 98046D   15242.96786984 +.00000112 +00000-0 +93009-4 0  9995,2 25416 044.9961 102.5091 0000976 353.7127 139.2550 14.31996854890878
1 25416U 98046D   15243.94438921 +.00000088 +00000-0 +84165-4 0  9994,2 25416 044.9961 097.9237 0000889 359.5147 132.4544 14.31997176891019
1 25416U 98046D   15244.01844130  .00000085  00000-0  83246-4 0  9992,2 25416  44.9961  97.5760 0000883 359.9871 154.1030 14.31997200891051
1 25416U 98046D   15244.77488255 +.00000074 +00000-0 +78965-4 0  9997,2 25416 044.9961 094.0239 0000804 004.2691 093.1852 14.31997577891137
1 25416U 98046D   15245.06739394  .00000064  00000-0  75496-4 0  9998,2 25416  44.9960  92.6504 0000781   6.4741 160.3885 14.31997692891208
1 25416U 98046D   15245.97180789 +.00000068 +00000-0 +76776-4 0  9992,2 25416 044.9960 088.4035 0000667 014.6770 139.1176 14.31998363891300
1 25416U 98046D   15246.37189005  .00000060  00000-0  74082-4 0  9997,2 25416  44.9960  86.5248 0000629  17.3039  40.9834 14.31998563891392
1 25416U 98046D   15246.95034703 +.00000108 +00000-0 +91861-4 0  9992,2 25416 044.9960 083.8086 0000614 020.1293 143.0975 14.31999241891441
1 25416U 98046D   15247.49380478  .00000161  00000-0  11128-3 0  9991,2 25416  44.9960  81.2566 0000473  30.7987  56.7688 14.32000051891552
1 25416U 98046D   15247.63800652 +.00000170 +00000-0 +11444-3 0  9999,2 25416 044.9960 080.5794 0000467 032.1301 079.5444 14.32000233891540
1 25416U 98046D   15248.52873506  .00000216  00000-0  13162-3 0  9996,2 25416  44.9960  76.3967 0000417  43.4563 344.5366 14.32001106891701
1 25416U 98046D   15248.97268978 +.00000229 +00000-0 +13635-3 0  9995,2 25416 044.9960 074.3120 0000400 049.5403 109.3391 14.32001495891731
1 25416U 98046D   15249.87602374  .00000248  00000-0  14337-3 0  9998,2 25416  44.9961  70.0700 0000341  65.2463  75.0013 14.32002211891898
1 25416U 98046D   15249.94890396 +.00000249 +00000-0 +14374-3 0  9991,2 25416 044.9961 069.7278 0000338 066.9230 089.4000 14.32002270891877
1 25416U 98046D   15250.92510631 +.00000266 +00000-0 +14988-3 0  9992,2 25416 044.9962 065.1438 0000307 084.2381 069.4701 14.32003035892015
1 25416U 98046D   15250.99242397  .00000268  00000-0  15069-3 0  9993,2 25416  44.9962  64.8277 0000307  86.6519  54.4282 14.32003107892053
1 25416U 98046D   15251.89438113 +.00000296 +00000-0 +16110-3 0  9995,2 25416 044.9964 060.5923 0000311 105.6679 009.6817 14.32003947892159
1 25416U 98046D   15252.51979003  .00000283  00000-0  15627-3 0  9991,2 25416  44.9965  57.6554 0000328 114.7608 347.8186 14.32004386892275
1 25416U 98046D   15252.87858523 +.00000283 +00000-0 +15623-3 0  9999,2 25416 044.9966 055.9707 0000347 119.8295 034.2025 14.32004697892292
1 25416U 98046D   15253.84698725  .00000271  00000-0  15175-3 0  9992,2 25416  44.9967  51.4235 0000405 142.0595 329.1176 14.32005630892466
1 25416U 98046D   15253.92120586 +.00000265 +00000-0 +14953-3 0  9992,2 25416 044.9967 051.0750 0000407 142.8735 351.2862 14.32005675892445
1 25416U 98046D   15254.90427552  .00000252  00000-0  14505-3 0  9993,2 25416  44.9969  46.4588 0000492 156.4232  10.5722 14.32006594892611
1 25416U 98046D   15254.90427552 +.00000252 +00000-0 +14505-3 0  9993,2 25416 044.9969 046.4588 0000492 156.4232 010.5722 14.32006594892587
1 25416U 98046D   15255.87392916 +.00000207 +00000-0 +12842-3 0  9997,2 25416 044.9970 041.9057 0000584 166.3041 324.2998 14.32007273892721
1 25416U 98046D   15255.94734380  .00000204  00000-0  12717-3 0  9998,2 25416  44.9970  41.5609 0000590 167.0240 342.4145 14.32007328892767
1 25416U 98046D   15256.85648742 +.00000172 +00000-0 +11521-3 0  9991,2 25416 044.9972 037.2919 0000680 174.7961 346.0082 14.32007886892860
1 25416U 98046D   15257.18488953  .00000170  00000-0  11452-3 0  9995,2 25416  44.9972  35.7498 0000699 176.8339 238.5924 14.32008119892946
1 25416U 98046D   15257.83272216 +.00000122 +00000-0 +96812-4 0  9991,2 25416 044.9972 032.7077 0000771 181.4320 336.9415 14.32008143893002
1 25416U 98046D   15258.50781986  .00000132  00000-0  10071-3 0  9998,2 25416  44.9973  29.5376 0000850 186.9048 215.1120 14.32008579893132
1 25416U 98046D   15258.87617833 +.00000059 +00000-0 +73559-4 0  9996,2 25416 044.9973 027.8079 0000871 188.8142 314.0036 14.32008097893154
1 25416U 98046D   15259.78543781 -.00000028  00000-0  41422-4 0  9998,2 25416  44.9974  23.5384 0000909 192.3486 322.4306 14.32007708893319
1 25416U 98046D   15259.85255115 -.00000031 +00000-0 +40404-4 0  9990,2 25416 044.9974 023.2234 0000915 193.1969 307.9007 14.32007702893299
1 25416U 98046D   15260.82858127 -.00000098  00000-0  15700-4 0  9995,2 25416  44.9974  18.6402 0001021 197.5194 300.0904 14.32007373893464
1 25416U 98046D   15261.73863824 -.00000118 +00000-0 +82601-5 0  9994,2 25416 044.9975 014.3669 0001110 201.5226 312.1651 14.32007263893566
1 25416U 98046D   15262.48650324 -.00000126  00000-0  53270-5 0  9995,2 25416  44.9975  10.8552 0001182 205.0961 207.7267 14.32007278893706
1 25416U 98046D   15262.85460439 -.00000124 +00000-0 +61175-5 0  9993,2 25416 044.9976 009.1268 0001203 206.4757 305.8239 14.32007339893723
1 25416U 98046D   15263.53618762 -.00000130  00000-0  36883-5 0  9998,2 25416  44.9976   5.9264 0001269 209.3149 220.0925 14.32007387893859
1 25416U 98046D   15263.83102925 -.00000132 +00000-0 +30901-5 0  9997,2 25416 044.9976 004.5420 0001285 210.4071 300.4432 14.32007426893864
1 25416U 98046D   15264.80743550 -.00000124  00000-0  60030-5 0  9997,2 25416  44.9977 359.9574 0001364 214.4316 294.8739 14.32007627894035
1 25416U 98046D   15265.71669252 -.00000090 +00000-0 +18489-4 0  9996,2 25416 044.9977 355.6880 0001444 218.3939 302.8644 14.32007987894136
1 25416U 98046D   15266.39157015 -.00000074  00000-0  24533-4 0  9999,2 25416  44.9977 352.5189 0001495 220.5766 183.1890 14.32008196894263
1 25416U 98046D   15266.69284029 -.00000067 +00000-0 +27174-4 0  9994,2 25416 044.9975 351.1042 0001521 222.2231 296.1638 14.32009895894273
1 25416U 98046D   15267.66915711 -.00000043  00000-0  35977-4 0  9995,2 25416  44.9975 346.5198 0001584 226.1274 290.2639 14.32010908894444
1 25416U 98046D   15268.71268892 -.00000023  00000-0  43256-4 0  9990,2 25416  44.9974 341.6196 0001673 228.9447 272.3013 14.32012956894596
1 25416U 98046D   15269.68868628 -.00000017 +00000-0 +45656-4 0  9999,2 25416 044.9973 337.0368 0001709 233.1921 264.4194 14.32013674894703
1 25416U 98046D   15270.22847727 -.00000014  00000-0  46476-4 0  9996,2 25416  44.9973 334.5021 0001749 235.0199 168.0350 14.32013782894818
1 25416U 98046D   15270.66505622 -.00000016 +00000-0 +45781-4 0  9999,2 25416 044.9971 332.4520 0001759 237.1011 258.8045 14.32014926894847
1 25416U 98046D   15271.34660709 -.00000025  00000-0  42511-4 0  9991,2 25416  44.9971 329.2514 0001791 239.7871 173.0784 14.32015091894978
1 25416U 98046D   15271.64141331 -.00000032 +00000-0 +39906-4 0  9991,2 25416 044.9971 327.8672 0001830 240.7776 253.3619 14.32017129894981
1 25416U 98046D   15272.62459499 -.00000041  00000-0  36797-4 0  9992,2 25416  44.9964 323.2492 0002036 244.9332 282.7094 14.32034061895153
1 25416U 98046D   15273.60041730 -.00000135 +00000-0 +19447-5 0  9994,2 25416 044.9968 318.6677 0001972 245.0629 278.1088 14.32032445895267
1 25416U 98046D   15274.13244336 -.00000138  00000-0  96502-6 0  9991,2 25416  44.9970 316.1691 0002009 247.6373 140.9458 14.32032722895372
1 25416U 98046D   15274.57665461 -.00000136 +00000-0 +16285-5 0  9992,2 25416 044.9967 314.0837 0002021 250.6260 270.2230 14.32034264895402
1 25416U 98046D   15275.18244727 -.00000132  00000-0  32103-5 0  9991,2 25416  44.9967 311.2389 0002042 253.5527 153.3684 14.32034435895521
1 25416U 98046D   15275.55302567 -.00000124 +00000-0 +61003-5 0  9991,2 25416 044.9966 309.4984 0002079 253.7239 265.4979 14.32035557895542
1 25416U 98046D   15276.30111683 -.00000115  00000-0  92410-5 0  9998,2 25416  44.9967 305.9856 0002127 256.3228 163.2811 14.32036236895683
1 25416U 98046D   15276.52908456 -.00000108 +00000-0 +12029-4 0  9993,2 25416 044.9966 304.9153 0002041 256.4741 259.5145 14.32036610895682
1 25416U 98046D   15277.50549530 -.00000094  00000-0  17052-4 0  9991,2 25416  44.9963 300.3298 0002097 260.3633 254.2128 14.32038534895853
1 25416U 98046D   15277.57264950 -.00000093 +00000-0 +17428-4 0  9994,2 25416 044.9964 300.0144 0002091 260.3394 240.7738 14.32038600895838
1 25416U 98046D   15278.54876185 -.00000088  00000-0  19255-4 0  9995,2 25416  44.9963 295.4305 0002098 264.9954 233.1689 14.32039546896003
1 25416U 98046D   15279.52499593 +.00000433 +00000-0 +21143-3 0  9999,2 25416 044.9961 290.8461 0002124 267.6018 228.2470 14.32041099896115
1 25416U 98046D   15280.06393529  .00000406  00000-0  20146-3 0  9994,2 25416  44.9961 288.3151 0002133 269.4299 127.5222 14.32041625896227
1 25416U 98046D   15280.50133375 +.00000467 +00000-0 +22417-3 0  9994,2 25416 044.9961 286.2611 0002127 271.1083 222.9653 14.32042609896253
1 25416U 98046D   15281.47836918  .00000428  00000-0  20975-3 0  9998,2 25416  44.9961 281.6728 0002122 274.4573 221.4444 14.32043705896425
1 25416U 98046D   15282.45906134 +.00000365 +00000-0 +18630-3 0  9990,2 25416 044.9961 277.0674 0002112 278.2557 238.3474 14.32044604896538
1 25416U 98046D   15283.13514439  .00000325  00000-0  17158-3 0  9999,2 25416  44.9961 273.8924 0002109 280.2650 125.1562 14.32045212896664
1 25416U 98046D   15283.43653501 +.00000326 +00000-0 +17213-3 0  9999,2 25416 044.9961 272.4771 0002100 281.3885 239.3109 14.32045555896678
1 25416U 98046D   15284.18477668  .00000326  00000-0  17203-3 0  9999,2 25416  44.9962 268.9633 0002090 283.9467 137.9361 14.32046360896812
1 25416U 98046D   15284.94511775 +.00000337 +00000-0 +17597-3 0  9999,2 25416 044.9961 265.3928 0002076 286.8544 098.6510 14.32047188896897
1 25416U 98046D   15285.38897955  .00000348  00000-0  18023-3 0  9992,2 25416  44.9961 263.3084 0002059 288.6762 227.3100 14.32047673896986
1 25416U 98046D   15285.92134513 +.00000369 +00000-0 +18786-3 0  9995,2 25416 044.9961 260.8083 0002049 290.4861 092.6931 14.32048331897031
1 25416U 98046D   15286.43251567  .00000379  00000-0  19170-3 0  9990,2 25416  44.9961 258.4079 0002024 292.7408 208.2575 14.32048852897132
1 25416U 98046D   15286.97152543 +.00000382 +00000-0 +19284-3 0  9993,2 25416 044.9960 255.8766 0002006 294.6708 107.8087 14.32049403897189
1 25416U 98046D   15287.81541413  .00000492  00000-0  23331-3 0  9995,2 25416  44.9960 251.9137 0001974 297.7098 139.5381 14.32050936897336
1 25416U 98046D   15287.88848302 +.00000495 +00000-0 +23435-3 0  9997,2 25416 044.9960 251.5705 0001970 298.0444 156.2658 14.32051064897312
1 25416U 98046D   15288.86481603  .00000580  00000-0  26562-3 0  9992,2 25416  44.9960 246.9855 0001925 301.3419 151.2030 14.32052803897485
1 25416U 98046D   15289.90001819  .00000651  00000-0  29178-3 0  9990,2 25416  44.9960 242.1240 0001868 305.1175  89.4549 14.32054731897634
1 25416U 98046D   15290.87625436 +.00000726 +00000-0 +31967-3 0  9997,2 25416 044.9960 237.5395 0001813 308.3989 083.9217 14.32056787897747
1 25416U 98046D   15291.16498025  .00000755  00000-0  33016-3 0  9991,2 25416  44.9961 236.1836 0001793 309.5822 132.6742 14.32057452897812
1 25416U 98046D   15291.92583006 +.00000807 +00000-0 +34943-3 0  9997,2 25416 044.9961 232.6105 0001748 312.0233 096.5138 14.32059220897897
1 25416U 98046D   15292.22267336  .00000822  00000-0  35506-3 0  9999,2 25416  44.9962 231.2165 0001727 313.5352 186.8275 14.32059759897964
1 25416U 98046D   15292.90216510 +.00000853 +00000-0 +36651-3 0  9998,2 25416 044.9962 228.0256 0001689 315.8679 090.9400 14.32061232898036
1 25416U 98046D   15293.33960473  .00000866  00000-0  37127-3 0  9993,2 25416  44.9962 225.9714 0001658 317.9439 186.2253 14.32062059898127
1 25416U 98046D   15293.87848169 +.00000874 +00000-0 +37399-3 0  9999,2 25416 044.9962 223.4408 0001622 319.8916 085.0996 14.32063164898175
1 25416U 98046D   15294.86690303  .00000911  00000-0  38777-3 0  9997,2 25416  44.9961 218.7991 0001551 324.3028 141.3448 14.32065267898347
1 25416U 98046D   15295.91561892 +.00000820 +00000-0 +35429-3 0  9994,2 25416 044.9960 213.8742 0001471 328.7613 148.6912 14.32066629898467
1 25416U 98046D   15296.20118888  .00000776  00000-0  33794-3 0  9993,2 25416  44.9960 212.5332 0001447 330.0737 181.0378 14.32066857898532
1 25416U 98046D   15296.89159031 +.00000692 +00000-0 +30683-3 0  9994,2 25416 044.9959 209.2909 0001400 332.3664 141.5035 14.32067522898605
1 25416U 98046D   15297.24516282  .00000674  00000-0  30027-3 0  9991,2 25416  44.9958 207.6306 0001369 334.3511 164.0997 14.32067928898689
1 25416U 98046D   15297.86714703 +.00000492 +00000-0 +23328-3 0  9991,2 25416 044.9958 204.7096 0001309 337.3886 130.7614 14.32067882898747
1 25416U 98046D   15298.75977347  .00000364  00000-0  18591-3 0  9999,2 25416  44.9957 200.5176 0001233 341.6823  52.7968 14.32068393898905
1 25416U 98046D   15299.80912282  .00000213  00000-0  13034-3 0  9993,2 25416  44.9956 195.5895 0001139 346.6971  62.8679 14.32068634899055
1 25416U 98046D   15299.87814494 +.00000204 +00000-0 +12708-3 0  9993,2 25416 044.9956 195.2654 0001131 347.3231 058.4248 14.32068622899032
1 25416U 98046D   15300.85472609  .00000152  00000-0  10775-3 0  9996,2 25416  44.9956 190.6791 0001045 352.3667  52.9545 14.32069091899205
1 25416U 98046D   15300.92824845 +.00000143 +00000-0 +10461-3 0  9999,2 25416 044.9956 190.3338 0001037 353.2796 071.4479 14.32069075899184
1 25416U 98046D   15301.90432265 +.00000115 +00000-0 +94055-4 0  9990,2 25416 044.9956 185.7500 0000951 359.2369 062.4489 14.32069479899324
1 25416U 98046D   15302.13230131  .00000111  00000-0  92612-4 0  9997,2 25416  44.9956 184.6794 0000938   0.6889 157.4638 14.32069557899380
1 25416U 98046D   15302.88041394 +.00000121 +00000-0 +96292-4 0  9999,2 25416 044.9956 181.1661 0000874 004.7756 053.9584 14.32069977899467
1 25416U 98046D   15303.79945365  .00000129  00000-0  99202-4 0  9993,2 25416  44.9956 176.8500 0000795  11.9486 109.4255 14.32070465899626
1 25416U 98046D   15303.85703310 +.00000139 +00000-0 +10292-3 0  9994,2 25416 044.9956 176.5796 0000792 012.5813 045.9278 14.32070557899607
1 25416U 98046D   15304.77504537 +.00000037 +00000-0 +65244-4 0  9991,2 25416 044.9953 172.2687 0000714 019.7107 096.1440 14.32072071899731
1 25416U 98046D   15305.06153640  .00000081  00000-0  81661-4 0  9999,2 25416  44.9952 170.9232 0000697  22.8558 131.4180 14.32072266899804
1 25416U 98046D   15305.88302457 +.00000075 +00000-0 +79277-4 0  9994,2 25416 044.9951 167.0655 0000639 030.2024 043.3125 14.32072966899892
1 25416U 98046D   15306.10434646  .00000072  00000-0  78157-4 0  9999,2 25416  44.9950 166.0261 0000638  33.6248 102.0088 14.32073106899952
1 25416U 98046D   15307.54566679  .00000420  00000-0  20649-3 0  9999,2 25416  44.9949 159.2569 0000534  48.5930 324.8972 14.32075507900162
1 25416U 98046D   15307.90829678 +.00000399 +00000-0 +19906-3 0  9999,2 25416 044.9948 157.5539 0000520 054.5500 030.2743 14.32075841900181
1 25416U 98046D   15308.59569020  .00000408  00000-0  20229-3 0  9998,2 25416  44.9948 154.3256 0000492  65.4146 326.6708 14.32076702900312
1 25416U 98046D   15308.96611729 +.00000408 +00000-0 +20220-3 0  9994,2 25416 044.9948 152.5860 0000488 071.4726 072.1842 14.32077098900332
1 25416U 98046D   15309.78795904  .00000331  00000-0  17390-3 0  9992,2 25416  44.9947 148.7262 0000475  85.4971 339.2360 14.32077482900482
1 25416U 98046D   15309.94300412 +.00000331 +00000-0 +17375-3 0  9999,2 25416 044.9947 147.9981 0000479 088.1446 056.6918 14.32077627900471
1 25416U 98046D   15310.83796140  .00000303  00000-0  16355-3 0  9992,2 25416  44.9948 143.7949 0000494 103.4401 339.7850 14.32078290900634
1 25416U 98046D   15310.91880984 +.00000323 +00000-0 +17075-3 0  9993,2 25416 044.9947 143.4152 0000497 104.3571 036.0832 14.32078470900612
1 25416U 98046D   15311.89542234  .00000388  00000-0  19495-3 0  9993,2 25416  44.9949 138.8287 0000545 119.8381  20.3752 14.32079817900786
1 25416U 98046D   15311.96820569 +.00000380 +00000-0 +19184-3 0  9998,2 25416 044.9948 138.4868 0000549 120.7397 035.0695 14.32079844900765
1 25416U 98046D   15312.94541843  .00000390  00000-0  19555-3 0  9995,2 25416  44.9949 133.8974 0000606 133.3657  25.3181 14.32080903900935
1 25416U 98046D   15312.94541843 +.00000390 +00000-0 +19555-3 0  9995,2 25416 044.9949 133.8974 0000606 133.3657 025.3181 14.32080903900902
1 25416U 98046D   15313.92117858 +.00000442 +00000-0 +21468-3 0  9993,2 25416 044.9949 129.3148 0000673 144.1838 009.8829 14.32082260901040
1 25416U 98046D   15314.45319828  .00000464  00000-0  22294-3 0  9995,2 25416  44.9950 126.8162 0000715 149.8259 229.7163 14.32083049901158
1 25416U 98046D   15314.89778505 +.00000455 +00000-0 +21958-3 0  9990,2 25416 044.9950 124.7283 0000734 151.8267 001.9948 14.32083496901182
1 25416U 98046D   15315.51530008  .00000481  00000-0  22927-3 0  9990,2 25416  44.9950 121.8282 0000797 158.0572 302.4397 14.32084504901308
1 25416U 98046D   15315.87447317 +.00000422 +00000-0 +20739-3 0  9993,2 25416 044.9951 120.1414 0000833 160.8599 353.1427 14.32084616901322
1 25416U 98046D   15316.62075022  .00000417  00000-0  20558-3 0  9990,2 25416  44.9951 116.6365 0000902 166.9725 238.1812 14.32085564901460
1 25416U 98046D   15316.92332813 +.00000339 +00000-0 +17691-3 0  9994,2 25416 044.9952 115.2155 0000929 168.8425 357.7600 14.32085522901478
1 25416U 98046D   15317.89935021 +.00000334 +00000-0 +17475-3 0  9996,2 25416 044.9953 110.6316 0001027 175.9545 347.3985 14.32086666901616
1 25416U 98046D   15317.96665168  .00000350  00000-0  18080-3 0  9997,2 25416  44.9953 110.3156 0001032 176.4219 334.2405 14.32086883901652
1 25416U 98046D   15318.87560600 +.00000357 +00000-0 +18338-3 0  9996,2 25416 044.9954 106.0467 0001112 181.8734 339.4406 14.32087947901752
1 25416U 98046D   15319.48120890  .00000342  00000-0  17790-3 0  9992,2 25416  44.9955 103.2024 0001172 185.5693 220.9555 14.32088508901878
1 25416U 98046D   15319.91864022 +.00000336 +00000-0 +17556-3 0  9995,2 25416 044.9956 101.1481 0001212 187.8986 315.9898 14.32088963901902
1 25416U 98046D   15320.52733998  .00000423  00000-0  20778-3 0  9998,2 25416  44.9957  98.2893 0001267 191.4493 213.6352 14.32090139902021
1 25416U 98046D   15320.89507053 +.00000477 +00000-0 +22776-3 0  9998,2 25416 044.9957 096.5624 0001290 193.0519 309.7079 14.32090871902045
1 25416U 98046D   15321.72355475  .00000517  00000-0  24228-3 0  9999,2 25416  44.9959  92.6714 0001359 197.0719 261.0852 14.32091998902192
1 25416U 98046D   15321.87131520 +.00000533 +00000-0 +24829-3 0  9993,2 25416 044.9959 091.9775 0001370 197.7652 302.9113 14.32092280902186
1 25416U 98046D   15322.84727113  .00000584  00000-0  26717-3 0  9994,2 25416  44.9960  87.3940 0001452 202.3571 294.7521 14.32093829902355
1 25416U 98046D   15323.82359032 +.00000578 +00000-0 +26464-3 0  9996,2 25416 044.9962 082.8089 0001531 206.7605 288.6625 14.32095279902465
1 25416U 98046D   15324.50507856  .00000559  00000-0  25766-3 0  9994,2 25416  44.9964  79.6084 0001594 209.9349 202.3238 14.32096233902593
1 25416U 98046D   15324.80672929 +.00000513 +00000-0 +24081-3 0  9990,2 25416 044.9964 078.1918 0001613 211.1098 317.8254 14.32096483902600
1 25416U 98046D   15325.84951731  .00000449  00000-0  21707-3 0  9996,2 25416  44.9966  73.2946 0001699 215.7942 294.4767 14.32097682902781
1 25416U 98046D   15326.82621198 +.00000366 +00000-0 +18670-3 0  9999,2 25416 044.9967 068.7077 0001774 219.6979 290.8341 14.32098482902892
1 25416U 98046D   15327.50710593  .00000316  00000-0  16827-3 0  9990,2 25416  44.9968  65.5099 0001845 222.1760 202.1313 14.32099002903028
1 25416U 98046D   15327.73491963 +.00000276 +00000-0 +15330-3 0  9995,2 25416 044.9968 064.4400 0001840 222.5574 297.3882 14.32098927903026
1 25416U 98046D   15328.71109980 +.00000187 +00000-0 +12071-3 0  9999,2 25416 044.9969 059.8556 0001918 226.4545 291.0994 14.32099191903191
1 25416U 98046D   15329.68727942 +.00000117 +00000-0 +94762-4 0  9991,2 25416 044.9970 055.2711 0001990 230.4946 284.6654 14.32099287903306
1 25416U 98046D   15330.50938285  .00000083  00000-0  82438-4 0  9997,2 25416  44.9971  51.4102 0002038 233.8677 203.7835 14.32099353903454
1 25416U 98046D   15330.73085137 +.00000069 +00000-0 +77086-4 0  9998,2 25416 044.9971 050.3701 0002060 234.7537 265.7933 14.32099347903457
1 25416U 98046D   15331.56639655  .00000054  00000-0  71679-4 0  9996,2 25416  44.9972  46.4461 0002090 237.3168 255.0893 14.32099500903604
1 25416U 98046D   15331.70705748 +.00000036 +00000-0 +65016-4 0  9997,2 25416 044.9973 045.7855 0002102 238.0090 260.2823 14.32099436903597
1 25416U 98046D   15332.68310914  .00000007  00000-0  54338-4 0  9995,2 25416  44.9973  41.2017 0002151 241.5706 253.6692 14.32099555903766
1 25416U 98046D   15333.66632262 +.00000017 +00000-0 +57909-4 0  9995,2 25416 044.9974 036.5843 0002186 245.2022 283.9476 14.32100035903875
1 25416U 98046D   15334.19818581  .00000003  00000-0  52811-4 0  9996,2 25416  44.9974  34.0864 0002208 247.0743 146.7759 14.32100193903983
1 25416U 98046D   15334.57017616 +.00000019 +00000-0 +58699-4 0  9995,2 25416 044.9974 032.3395 0002273 248.8366 264.6913 14.32102931904003
1 25416U 98046D   15335.54797313 -.00000001  00000-0  51203-4 0  9998,2 25416  44.9976  27.7473 0002267 250.6391 268.9020 14.32119567904179
1 25416U 98046D   15335.61840451 -.00000003 +00000-0 +50760-4 0  9997,2 25416 044.9976 027.4165 0002272 251.2087 271.8011 14.32119728904159
1 25416U 98046D   15336.59450709 -.00000011  00000-0  47521-4 0  9998,2 25416  44.9977  22.8323 0002307 254.2503 266.0429 14.32120067904326
1 25416U 98046D   15337.57056804 -.00000003 +00000-0 +50485-4 0  9999,2 25416 044.9969 018.2468 0002843 246.0980 271.2800 14.32122354904433
1 25416U 98046D   15339.15612505  .00000006  00000-0  53950-4 0  9993,2 25416  44.9976  10.8020 0002402 264.9607 154.8639 14.32123281904693
1 25416U 98046D   15339.92607509 +.00000032 +00000-0 +63350-4 0  9990,2 25416 044.9977 007.1858 0002415 267.7445 165.5022 14.32123841904773
1 25416U 98046D   15340.20646318  .00000032  00000-0  63313-4 0  9993,2 25416  44.9974   5.8686 0002383 266.7438 173.4856 14.32124995904841
1 25416U 98046D   15340.97310307 +.00000740 +00000-0 +32446-3 0  9991,2 25416 044.9974 002.2683 0002384 270.9586 165.6193 14.32127803904928
1 25416U 98046D   15341.46246520  .00000710  00000-0  31320-3 0  9998,2 25416  44.9974 359.9700 0002383 272.8874 169.1102 14.32128383905025
1 25416U 98046D   15341.94940201 +.00000732 +00000-0 +32127-3 0  9998,2 25416 044.9974 357.6830 0002390 274.7684 160.1354 14.32129313905060
1 25416U 98046D   15342.51913616  .00000684  00000-0  30354-3 0  9998,2 25416  44.9974 355.0072 0002393 277.0235 218.0738 14.32129935905172
1 25416U 98046D   15342.92571510 +.00000578 +00000-0 +26479-3 0  9991,2 25416 044.9975 353.0977 0002398 278.4929 154.8135 14.32130005905207
1 25416U 98046D   15343.82942992  .00000648  00000-0  29032-3 0  9993,2 25416  44.9975 348.8534 0002388 282.0068 135.0543 14.32131850905362
1 25416U 98046D   15343.96530396 +.00000560 +00000-0 +25804-3 0  9995,2 25416 044.9975 348.2152 0002389 282.4238 115.8358 14.32131592905358
1 25416U 98046D   15344.80578604 +.00000726 +00000-0 +31894-3 0  9993,2 25416 044.9975 344.2679 0002377 285.7664 129.9329 14.32133957905478
1 25416U 98046D   15345.16796980  .00000581  00000-0  26585-3 0  9992,2 25416  44.9975 342.5668 0002370 287.0659 197.7388 14.32133704905556
1 25416U 98046D   15345.92382609 +.00000660 +00000-0 +29478-3 0  9997,2 25416 044.9975 339.0169 0002361 290.2332 135.2905 14.32135352905639
1 25416U 98046D   15346.42988807  .00000681  00000-0  30251-3 0  9999,2 25416  44.9975 336.6402 0002340 291.6925 225.4483 14.32136301905731
1 25416U 98046D   15346.96223108 +.00000642 +00000-0 +28798-3 0  9994,2 25416 044.9974 334.1399 0002333 293.5236 090.8630 14.32136918905783
1 25416U 98046D   15347.93857659 +.00000645 +00000-0 +28940-3 0  9998,2 25416 044.9974 329.5543 0002305 297.2729 085.7131 14.32138415905928
1 25416U 98046D   15348.09690522  .00000641  00000-0  28795-3 0  9994,2 25416  44.9974 328.8107 0002298 298.0229 182.0458 14.32138638905976
1 25416U 98046D   15348.91467880 +.00000773 +00000-0 +33622-3 0  9995,2 25416 044.9973 324.9698 0002268 301.0906 079.2471 14.32140719906067
1 25416U 98046D   15349.21304505  .00000768  00000-0  33445-3 0  9990,2 25416  44.9973 323.5685 0002254 302.3240 177.7879 14.32141219906138
1 25416U 98046D   15349.96444147 +.00000806 +00000-0 +34848-3 0  9990,2 25416 044.9972 320.0393 0002223 305.3729 092.4628 14.32142805906212
1 25416U 98046D   15350.40179935  .00000778  00000-0  33827-3 0  9995,2 25416  44.9972 317.9852 0002200 307.2050 187.7003 14.32143476906300
1 25416U 98046D   15350.94062970 +.00000678 +00000-0 +30147-3 0  9995,2 25416 044.9972 315.4544 0002178 309.1877 086.4568 14.32143934906358
1 25416U 98046D   15351.71233439  .00000656  00000-0  29326-3 0  9994,2 25416  44.9972 311.8299 0002138 312.4174 105.7638 14.32145310906496
1 25416U 98046D   15351.91680231 +.00000660 +00000-0 +29484-3 0  9992,2 25416 044.9972 310.8696 0002127 313.2037 080.1756 14.32145706906497
1 25416U 98046D   15352.89297088  .00000719  00000-0  31662-3 0  9990,2 25416  44.9972 306.2848 0002074 317.2337  73.8649 14.32147841906664
1 25416U 98046D   15353.94242087 +.00000574 +00000-0 +26321-3 0  9991,2 25416 044.9972 301.3558 0002015 321.5245 085.4818 14.32148864906785
1 25416U 98046D   15354.23958609  .00000561  00000-0  25837-3 0  9995,2 25416  44.9972 299.9602 0001996 323.1507 177.4403 14.32149275906850
1 25416U 98046D   15354.91880345 +.00000711 +00000-0 +31338-3 0  9991,2 25416 044.9972 296.7701 0001956 325.9141 079.9294 14.32151362906927
1 25416U 98046D   15355.28911453  .00000779  00000-0  33862-3 0  9995,2 25416  44.9971 295.0309 0001935 327.6765 189.2423 14.32152510907005
1 25416U 98046D   15355.89503998 +.00000706 +00000-0 +31171-3 0  9994,2 25416 044.9971 292.1850 0001892 330.2277 073.7052 14.32153059907064
1 25416U 98046D   15356.33252705  .00000623  00000-0  28119-3 0  9997,2 25416  44.9970 290.1303 0001860 332.2714 169.4103 14.32153129907155
1 25416U 98046D   15356.87126456 +.00000629 +00000-0 +28316-3 0  9994,2 25416 044.9969 287.6000 0001819 334.3656 067.5963 14.32154038907208
1 25416U 98046D   15357.30892524 +.00000527 +00000-0 +24556-3 0  9998,2 25416 044.9968 285.5445 0001790 336.6851 163.9214 14.32153860907265
1 25416U 98046D   15358.14480167  .00000521  00000-0  24346-3 0  9998,2 25416  44.9968 281.6177 0001590 340.7967 153.5444 14.32153978907413
1 25416U 98046D   15358.82363068 +.00000538 +00000-0 +24980-3 0  9995,2 25416 044.9966 278.4301 0001671 344.1131 053.4815 14.32154409907482
1 25416U 98046D   15359.19371856 -.00000081  00000-0  21986-4 0  9998,2 25416  44.9966 276.6919 0001631 346.0615 161.4580 14.32154156907568
1 25416U 98046D   15359.79980720 -.00000054 +00000-0 +31935-4 0  9995,2 25416 044.9965 273.8451 0001582 349.5728 045.8086 14.32154282907628
1 25416U 98046D   15360.23793516 -.00000062  00000-0  28976-4 0  9991,2 25416  44.9965 271.7874 0001558 352.3210 144.1224 14.32154436907713
1 25416U 98046D   15360.84874922 -.00000013 +00000-0 +46857-4 0  9993,2 25416 044.9964 268.9185 0001507 355.5190 053.1739 14.32154704907775
1 25416U 98046D   15360.84874922 -.00000013 +00000-0 +46857-4 0  9993,2 25416 044.9964 268.9185 0001507 355.5190 053.1739 14.32154704907775
1 25416U 98046D   15361.82542022 -.00000059  00000-0  29801-4 0  9995,2 25416  44.9963 264.3313 0001433   1.0709  47.9617 14.32154820907948
1 25416U 98046D   15361.89458171 -.00000071 +00000-0 +25427-4 0  9997,2 25416 044.9963 264.0065 0001428 001.6377 044.3188 14.32154777907923
1 25416U 98046D   15362.87083943 -.00000086 +00000-0 +19820-4 0  9993,2 25416 044.9962 259.4212 0001355 007.5633 036.6002 14.32154879908061
1 25416U 98046D   15363.17211479 -.00000090  00000-0  18621-4 0  9997,2 25416  44.9962 258.0062 0001329   9.7346 149.2310 14.32154884908132
1 25416U 98046D   15363.92017126 -.00000092 +00000-0 +17869-4 0  9998,2 25416 044.9961 254.4927 0001271 014.4492 045.0374 14.32154935908211
1 25416U 98046D   15364.21540082 -.00000082  00000-0  21349-4 0  9990,2 25416  44.9961 253.1062 0001260  16.4450 126.6429 14.32154993908289
1 25416U 98046D   15364.89673279 -.00000078 +00000-0 +22782-4 0  9996,2 25416 044.9960 249.9061 0001201 021.0484 038.2141 14.32155077908355
1 25416U 98046D   15365.79930866 -.00000047  00000-0  34388-4 0  9995,2 25416  44.9958 245.6668 0001138  28.0348   9.1848 14.32155363908510
1 25416U 98046D   15365.87304731 -.00000046 +00000-0 +34889-4 0  9995,2 25416 044.9958 245.3205 0001136 028.7149 029.0504 14.32155383908497
1 25416U 98046D   16001.92261704 -.00000057 +00000-0 +30685-4 0  9993,2 25416 044.9956 240.3912 0001078 037.8016 036.5249 14.32156948908648
1 25416U 98046D   16002.07768209 -.00000057  00000-0  30708-4 0  9998,2 25416  44.9955 239.6628 0001076  39.1225 115.4550 14.32156984908694
1 25416U 98046D   16002.89877227 -.00000065 +00000-0 +27583-4 0  9995,2 25416 044.9954 235.8064 0001021 046.9600 025.0547 14.32157287908787
1 25416U 98046D   16003.12014135 -.00000068  00000-0  26624-4 0  9991,2 25416  44.9953 234.7666 0001026  49.0560  85.3882 14.32157363908849
1 25416U 98046D   16003.87493632 +.00000061 +00000-0 +74031-4 0  9993,2 25416 044.9952 231.2213 0000990 056.3251 013.4251 14.32157888908928
1 25416U 98046D   16004.77680866  .00000037  00000-0  65477-4 0  9997,2 25416  44.9951 226.9851 0000965  65.2916 338.7938 14.32158249909080
1 25416U 98046D   16004.92382258 +.00000031 +00000-0 +63183-4 0  9994,2 25416 044.9951 226.2946 0000962 066.6314 016.1557 14.32158282909072
1 25416U 98046D   16005.82728619  .00000025  00000-0  60833-4 0  9991,2 25416  44.9950 222.0510 0000939  75.0603 350.2750 14.32158632909235
1 25416U 98046D   16005.89997242 +.00000014 +00000-0 +56963-4 0  9995,2 25416 044.9949 221.7096 0000939 075.7446 004.7062 14.32158602909212
1 25416U 98046D   16006.95793258  .00000028  00000-0  62048-4 0  9990,2 25416  44.9949 216.7403 0000931  86.8657  53.4528 14.32159075909399
1 25416U 98046D   16006.95793258 +.00000028 +00000-0 +62048-4 0  9990,2 25416 044.9949 216.7403 0000931 086.8657 053.4528 14.32159075909366
1 25416U 98046D   16007.93451682 +.00000061 +00000-0 +74302-4 0  9994,2 25416 044.9949 212.1533 0000942 097.2603 042.9674 14.32159625909501
1 25416U 98046D   16008.07466359  .00000067  00000-0  76337-4 0  9993,2 25416  44.9949 211.4950 0000952  98.8791  44.6117 14.32159724909558
1 25416U 98046D   16008.91006286 +.00000080 +00000-0 +81076-4 0  9996,2 25416 044.9949 207.5712 0000968 107.6436 027.1373 14.32160096909646
1 25416U 98046D   16009.51634485  .00000104  00000-0  89908-4 0  9990,2 25416  44.9948 204.7234 0000991 114.5236 269.1306 14.32160473909760
1 25416U 98046D   16009.95966811 +.00000110 +00000-0 +92351-4 0  9992,2 25416 044.9948 202.6411 0001022 119.4277 032.1107 14.32160758909795
1 25416U 98046D   16010.56641553  .00000110  00000-0  92272-4 0  9996,2 25416  44.9948 199.7911 0001045 124.9322 277.8826 14.32161036909913
1 25416U 98046D   16010.93582030 +.00000120 +00000-0 +95908-4 0  9991,2 25416 044.9948 198.0561 0001072 128.4256 020.7988 14.32161336909930
1 25416U 98046D   16011.83135789  .00000140  00000-0  10333-3 0  9996,2 25416  44.9947 193.8497 0001127 136.4381 314.4426 14.32162042910093
1 25416U 98046D   16011.91322354 +.00000145 +00000-0 +10487-3 0  9996,2 25416 044.9947 193.4652 0001132 137.0102 016.3598 14.32162130910070
1 25416U 98046D   16012.88990644  .00000206  00000-0  12756-3 0  9995,2 25416  44.9947 188.8776 0001193 144.1194   9.6815 14.32163196910241
1 25416U 98046D   16012.96237543 +.00000187 +00000-0 +12055-3 0  9996,2 25416 044.9947 188.5372 0001195 144.2344 023.5617 14.32163130910221
1 25416U 98046D   16013.93842954 +.00000194 +00000-0 +12295-3 0  9996,2 25416 044.9947 183.9526 0001265 151.5628 013.4215 14.32163914910362
1 25416U 98046D   16014.00515204  .00000192  00000-0  12218-3 0  9993,2 25416  44.9947 183.6392 0001268 152.0606 357.2631 14.32163956910407
1 25416U 98046D   16015.51996376  .00000183  00000-0  11909-3 0  9999,2 25416  44.9949 176.5239 0001390 163.1262 243.7923 14.32164981910623
1 25416U 98046D   16015.58911743 +.00000179 +00000-0 +11768-3 0  9999,2 25416 044.9949 176.1990 0001396 163.4283 240.3763 14.32164997910605
1 25416U 98046D   16015.89038664 +.00000183 +00000-0 +11912-3 0  9991,2 25416 044.9950 174.7840 0001416 165.4373 353.1489 14.32165208910648
1 25416U 98046D   16016.86647520  .00000223  00000-0  13370-3 0  9991,2 25416  44.9952 170.1993 0001499 172.0618 343.8967 14.32166044910811
1 25416U 98046D   16016.93378994 +.00000204 +00000-0 +12678-3 0  9994,2 25416 044.9952 169.8831 0001504 172.4826 330.8721 14.32165985910793
1 25416U 98046D   16017.90992703  .00000224  00000-0  13397-3 0  9993,2 25416  44.9953 165.2983 0001583 178.4528 322.5274 14.32166713910964
1 25416U 98046D   16018.88585308 +.00000240 +00000-0 +13998-3 0  9995,2 25416 044.9955 160.7144 0001668 184.0206 313.4990 14.32167470911073
1 25416U 98046D   16019.49209786  .00000270  00000-0  15122-3 0  9990,2 25416  44.9955 157.8668 0001725 187.4797 198.7373 14.32168093911191
1 25416U 98046D   16019.86210900 +.00000288 +00000-0 +15751-3 0  9998,2 25416 044.9956 156.1290 0001754 189.4539 306.3100 14.32168429911214
1 25416U 98046D   16020.83836911  .00000273  00000-0  15223-3 0  9991,2 25416  44.9956 151.5436 0001839 194.6487 299.3850 14.32169224911384
1 25416U 98046D   16021.88802001  .00000278  00000-0  15381-3 0  9990,2 25416  44.9957 146.6134 0001926 199.9096 311.1536 14.32170352911531
1 25416U 98046D   16022.86434640 +.00000255 +00000-0 +14562-3 0  9994,2 25416 044.9958 142.0276 0002008 204.6291 305.0524 14.32171161911642
1 25416U 98046D   16023.19782400  .00000247  00000-0  14243-3 0  9998,2 25416  44.9959 140.4613 0002032 206.1704 224.5204 14.32171414911723
1 25416U 98046D   16023.55413256 +.00000230 +00000-0 +13618-3 0  9995,2 25416 044.9959 138.7876 0002068 207.4370 262.0891 14.32171618911743
1 25416U 98046D   16024.44818241  .00000214  00000-0  13048-3 0  9996,2 25416  44.9960 134.5883 0002140 211.4951 192.0402 14.32172249911907
1 25416U 98046D   16024.81645866 +.00000228 +00000-0 +13552-3 0  9993,2 25416 044.9960 132.8585 0002160 213.4102 290.7182 14.32171319911929
1 25416U 98046D   16025.71288451  .00000243  00000-0  14104-3 0  9997,2 25416  44.9960 128.6479 0002235 217.0518 233.3445 14.32171349912084
1 25416U 98046D   16025.71288451  .00000243  00000-0  14104-3 0  9997,2 25416  44.9960 128.6479 0002235 217.0518 233.3445 14.32171349912084
1 25416U 98046D   16026.70295006 +.00000240 +00000-0 +14012-3 0  9996,2 25416 044.9961 123.9978 0002283 221.4126 298.5062 14.32171622912198
1 25416U 98046D   16027.10486640  .00000222  00000-0  13344-3 0  9994,2 25416  44.9962 122.1100 0002314 223.2671 210.8593 14.32171739912282
1 25416U 98046D   16027.67780478 +.00000051 +00000-0 +70233-4 0  9993,2 25416 044.9962 119.4189 0002356 225.4549 285.4861 14.32171119912336
1 25416U 98046D   16028.21036296 -.00000161  00000-0 -76031-5 0  9993,2 25416  44.9963 116.9176 0002400 228.1973 151.1642 14.32170463912445
1 25416U 98046D   16028.65396346 -.00000219 +00000-0 -28816-4 0  9997,2 25416 044.9975 114.8322 0002306 229.2925 279.4020 14.32170517912479
1 25416U 98046D   16029.48516568 -.00000214  00000-0 -27263-4 0  9999,2 25416  44.9976 110.9282 0002358 233.0833 245.2719 14.32170423912629
1 25416U 98046D   16029.69757336 -.00000202 +00000-0 -22813-4 0  9995,2 25416 044.9976 109.9305 0002364 233.7589 260.7884 14.32170481912624
1 25416U 98046D   16030.52491852 -.00000163  00000-0 -83753-5 0  9994,2 25416  44.9977 106.0446 0002419 237.5309 206.7726 14.32170647912777
1 25416U 98046D   16030.68125409 -.00000161 +00000-0 -76039-5 0  9990,2 25416 044.9977 105.3103 0002426 238.0892 293.0295 14.32170649912761
1 25416U 98046D   16031.57562810 -.00000156  00000-0 -59433-5 0  9993,2 25416  44.9967 101.1114 0002563 235.8944 231.0177 14.32223479912920
1 25416U 98046D   16031.65641713 -.00000157 +00000-0 -61584-5 0  9993,2 25416 044.9965 100.7316 0002555 237.0391 286.8237 14.32223750912903
1 25416U 98046D   16032.63225522 -.00000156  00000-0 -57424-5 0  9995,2 25416  44.9965  96.1478 0002610 241.0816 279.0684 14.32224484913073
1 25416U 98046D   16033.67555513  .00000439  00000-0  21300-3 0  9990,2 25416  44.9965  91.2470 0002651 245.1857 259.4269 14.32226637913226
1 25416U 98046D   16034.65165720 +.00000519 +00000-0 +24234-3 0  9994,2 25416 044.9965 086.6618 0002690 249.0946 253.1777 14.32228116913334
1 25416U 98046D   16035.19109241  .00000471  00000-0  22459-3 0  9994,2 25416  44.9965  84.1278 0002715 251.1864 155.1103 14.32228456913443
1 25416U 98046D   16035.56055994 +.00000491 +00000-0 +23224-3 0  9993,2 25416 044.9965 082.3923 0002723 252.5978 260.5211 14.32228996913462
1 25416U 98046D   16036.53662657  .00000463  00000-0  22186-3 0  9996,2 25416  44.9965  77.8072 0002753 256.2508 254.3523 14.32230001913635
1 25416U 98046D   16036.60374844 +.00000479 +00000-0 +22782-3 0  9991,2 25416 044.9965 077.4919 0002756 256.6687 240.3510 14.32230185913618
1 25416U 98046D   16037.57996856  .00000496  00000-0  23396-3 0  9992,2 25416  44.9965  72.9061 0002778 260.4237 234.8772 14.32231485913784
1 25416U 98046D   16038.56318954 +.00000516 +00000-0 +24140-3 0  9990,2 25416 044.9966 068.2874 0002792 264.0899 265.6292 14.32232939913891
1 25416U 98046D   16039.09489508  .00000529  00000-0  24595-3 0  9991,2 25416  44.9966  65.7897 0002804 266.1228 127.7393 14.32233791914002
1 25416U 98046D   16039.53917490 +.00000626 +00000-0 +28177-3 0  9994,2 25416 044.9967 063.7027 0002801 267.8664 258.9357 14.32235101914032
1 25416U 98046D   16040.14421098  .00000527  00000-0  24518-3 0  9992,2 25416  44.9967  60.8605 0002810 270.2355 139.1728 14.32235469914159
1 25416U 98046D   16040.51467125 +.00000611 +00000-0 +27624-3 0  9999,2 25416 044.9968 059.1204 0002806 271.8286 249.5363 14.32236530914174
1 25416U 98046D   16041.49108286  .00000695  00000-0  30717-3 0  9996,2 25416  44.9968  54.5338 0002808 275.6507 245.0085 14.32238640914346
1 25416U 98046D   16042.46698044 +.00000653 +00000-0 +29179-3 0  9994,2 25416 044.9969 049.9494 0002805 279.3387 237.9648 14.32239927914458
1 25416U 98046D   16043.14201810  .00000660  00000-0  29429-3 0  9997,2 25416  44.9969  46.7784 0002800 281.9877 119.2147 14.32241036914587
1 25416U 98046D   16043.51030685 +.00000670 +00000-0 +29789-3 0  9998,2 25416 044.9969 045.0483 0002792 283.5109 218.4463 14.32241632914609
1 25416U 98046D   16044.19152384  .00000615  00000-0  27769-3 0  9999,2 25416  44.9969  41.8482 0002780 286.2236 131.5267 14.32242316914731
1 25416U 98046D   16044.95155811 +.00000559 +00000-0 +25715-3 0  9997,2 25416 044.9970 038.2779 0002768 289.1395 091.1866 14.32243094914815
1 25416U 98046D   16045.39523435  .00000716  00000-0  31464-3 0  9990,2 25416  44.9970  36.1937 0002750 291.0022 219.1630 14.32244656914904
1 25416U 98046D   16046.90363896  .00000656  00000-0  29268-3 0  9993,2 25416  44.9971  29.1078 0002700 297.0761  78.0615 14.32246860915123
1 25416U 98046D   16047.95347541 +.00000866 +00000-0 +36987-3 0  9997,2 25416 044.9973 024.1762 0002652 301.4919 091.9319 14.32250122915245
1 25416U 98046D   16048.10463505  .00000869  00000-0  37078-3 0  9999,2 25416  44.9973  23.4661 0002642 301.9828 151.5883 14.32250473915291
1 25416U 98046D   16048.72529308 +.00000809 +00000-0 +34875-3 0  9997,2 25416 044.9974 020.5507 0002620 304.4128 112.4237 14.32251330915355
1 25416U 98046D   16049.37325919  .00000852  00000-0  36451-3 0  9991,2 25416  44.9975  17.5069 0002582 307.0195 214.0249 14.32252823915478
1 25416U 98046D   16049.92018133 +.00000697 +00000-0 +30786-3 0  9991,2 25416 044.9975 014.9377 0002557 309.0884 154.6676 14.32252943915522
1 25416U 98046D   16050.75035086  .00000671  00000-0  29805-3 0  9992,2 25416  44.9976  11.0381 0002514 312.5232 115.8141 14.32254343915673
1 25416U 98046D   16051.85780300  .00000625  00000-0  28144-3 0  9994,2 25416  44.9976   5.8358 0002444 316.6671  67.3387 14.32256012915838
1 25416U 98046D   16051.93139794 +.00000573 +00000-0 +26209-3 0  9990,2 25416 044.9976 005.4901 0002437 316.9825 086.8547 14.32255887915815
1 25416U 98046D   16052.90760560 +.00000563 +00000-0 +25851-3 0  9990,2 25416 044.9976 000.9044 0002380 321.3405 080.8058 14.32257443915950
1 25416U 98046D   16053.20431678  .00000553  00000-0  25485-3 0  9991,2 25416  44.9977 359.5107 0002355 322.7673 170.7371 14.32257856916022
1 25416U 98046D   16053.89592730 +.00000545 +00000-0 +25193-3 0  9990,2 25416 044.9976 356.2618 0002307 325.7780 137.2043 14.32258891916092
1 25416U 98046D   16054.32090748  .00000573  00000-0  26205-3 0  9997,2 25416  44.9976 354.2654 0002272 327.7342 168.6181 14.32259649916180
1 25416U 98046D   16054.79056953 +.00000560 +00000-0 +25745-3 0  9992,2 25416 044.9976 352.0591 0002240 329.8290 070.5022 14.32260236916220
1 25416U 98046D   16055.84834434  .00000528  00000-0  24561-3 0  9996,2 25416  44.9976 347.0902 0002153 334.8950 124.7368 14.32261604916407
1 25416U 98046D   16055.91923735 +.00000501 +00000-0 +23582-3 0  9990,2 25416 044.9976 346.7571 0002144 335.2158 130.3042 14.32261620916387
1 25416U 98046D   16056.73584378  .00000551  00000-0  20197-3 0  9991,2 25416  44.9971 342.9218 0002017 337.8011  22.3232 14.32262501916530
1 25416U 98046D   16056.89706287 +.00000446 +00000-0 +21558-3 0  9998,2 25416 044.9976 342.1638 0002067 340.2551 131.9414 14.32262636916522
1 25416U 98046D   16057.17510623  .00000413  00000-0  20347-3 0  9996,2 25416  44.9976 340.8577 0002045 341.4644 125.7474 14.32262763916596
1 25416U 98046D   16057.86132348 +.00000378 +00000-0 +19053-3 0  9998,2 25416 044.9976 337.6342 0001985 345.5279 063.3353 14.32263307916667
1 25416U 98046D   16058.23214525  .00000301  00000-0  16213-3 0  9999,2 25416  44.9976 335.8923 0001954 346.9110 175.8089 14.32263240916747
1 25416U 98046D   16058.83747440 +.00000318 +00000-0 +16840-3 0  9996,2 25416 044.9976 333.0488 0001909 349.9115 056.9879 14.32263879916802
1 25416U 98046D   16059.81419297 -.00000054  00000-0  31756-4 0  9993,2 25416  44.9976 328.4608 0001830 356.0276  51.8332 14.32262608916979
1 25416U 98046D   16059.89835909 -.00000062 +00000-0 +28723-4 0  9992,2 25416 044.9976 328.0654 0001822 356.5611 125.6913 14.32262556916950
1 25416U 98046D   16060.87475183 -.00000118 +00000-0 +83057-5 0  9990,2 25416 044.9974 323.4788 0001742 001.8843 119.6503 14.32262456917096
1 25416U 98046D   16061.16020238 -.00000113  00000-0  10069-4 0  9997,2 25416  44.9974 322.1380 0001720   3.9029 150.8769 14.32262477917167
1 25416U 98046D   16061.85090434 -.00000042 +00000-0 +36295-4 0  9998,2 25416 044.9972 318.8933 0001658 007.5808 111.9977 14.32262777917236
1 25416U 98046D   16062.82635466 -.00000006  00000-0  49457-4 0  9990,2 25416  44.9970 314.3111 0001582  13.6457 100.3540 14.32263094917407
1 25416U 98046D   16063.94390166 -.00000010 +00000-0 +47966-4 0  9997,2 25416 044.9967 309.0614 0001505 021.4747 100.3260 14.32263352917536
1 25416U 98046D   16064.15556050 -.00000014  00000-0  46324-4 0  9998,2 25416  44.9967 308.0671 0001495  22.7162 111.4825 14.32263380917598
1 25416U 98046D   16064.76384319 -.00000013 +00000-0 +46720-4 0  9991,2 25416 044.9966 305.2095 0001447 027.0996 006.5233 14.32263560917650
1 25416U 98046D   16065.46601888 -.00000020  00000-0  44259-4 0  9995,2 25416  44.9965 301.9109 0001397  32.1437  25.4973 14.32263725917787
1 25416U 98046D   16065.88637771 -.00000021 +00000-0 +43845-4 0  9992,2 25416 044.9964 299.9361 0001352 035.5072 031.6602 14.32263871917819
1 25416U 98046D   16066.51486956  .00000000  00000-0  51682-4 0  9994,2 25416  44.9963 296.9836 0001306  41.1766  29.7190 14.32264207917931
1 25416U 98046D   16066.73178270 +.00000015 +00000-0 +57057-4 0  9993,2 25416 044.9963 295.9646 0001290 042.7082 067.7048 14.32264393917939
1 25416U 98046D   16067.49137279 +.00000050 +00000-0 +69970-4 0  9997,2 25416 044.9962 292.3962 0001238 048.9677 021.7904 14.32264903918041
1 25416U 98046D   16068.06646282  .00000042  00000-0  67193-4 0  9996,2 25416  44.9960 289.6948 0001293  51.9787 106.9008 14.32266768918153
1 25416U 98046D   16068.82406008 +.00000051 +00000-0 +70379-4 0  9990,2 25416 044.9960 286.1361 0001316 055.3289 053.6153 14.32267284918237
1 25416U 98046D   16069.73321390  .00000059  00000-0  73389-4 0  9993,2 25416  44.9957 281.8649 0001265  65.8569  55.3607 14.32267814918393
1 25416U 98046D   16070.77570131  .00000275  00000-0  15268-3 0  9999,2 25416  44.9958 276.9671 0001165  78.0129  23.6360 14.32269008918549
1 25416U 98046D   16070.92298575 +.00000261 +00000-0 +14736-3 0  9999,2 25416 044.9957 276.2753 0001162 079.4528 062.3529 14.32269092918536
1 25416U 98046D   16071.81654300  .00000308  00000-0  16488-3 0  9998,2 25416  44.9957 272.0773 0001134  89.7213 343.8684 14.32270117918692
1 25416U 98046D   16071.89929135 +.00000356 +00000-0 +18236-3 0  9993,2 25416 044.9957 271.6885 0001135 090.1810 050.4861 14.32270480918670
1 25416U 98046D   16072.87405569  .00000330  00000-0  17281-3 0  9993,2 25416  44.9955 267.1092 0001147 100.6643  30.9126 14.32271342918846
1 25416U 98046D   16073.92458303 +.00000292 +00000-0 +15894-3 0  9999,2 25416 044.9954 262.1739 0001177 111.2020 042.3120 14.32272189918962
1 25416U 98046D   16073.99104796  .00000292  00000-0  15882-3 0  9997,2 25416  44.9954 261.8616 0001181 111.9136  24.6365 14.32272260919002
1 25416U 98046D   16074.89204802 +.00000279 +00000-0 +15404-3 0  9991,2 25416 044.9954 257.6287 0001221 120.8355 345.9201 14.32273014919103
1 25416U 98046D   16075.04007067  .00000279  00000-0  15410-3 0  9990,2 25416  44.9954 256.9333 0001226 121.9175  28.8069 14.32273154919153
1 25416U 98046D   16075.86804668 +.00000297 +00000-0 +16064-3 0  9998,2 25416 044.9954 253.0435 0001277 130.3960 333.6483 14.32274009919243
1 25416U 98046D   16076.48108711  .00000352  00000-0  18096-3 0  9992,2 25416  44.9955 250.1634 0001307 135.6270 252.4214 14.32274884919363
1 25416U 98046D   16076.91861463 +.00000280 +00000-0 +15446-3 0  9996,2 25416 044.9955 248.1080 0001340 138.9966 347.2031 14.32274790919399
1 25416U 98046D   16077.74670916  .00000297  00000-0  16061-3 0  9991,2 25416  44.9956 244.2176 0001403 145.8437 294.2919 14.32275553919544
1 25416U 98046D   16077.89501828 +.00000275 +00000-0 +15260-3 0  9998,2 25416 044.9956 243.5209 0001413 146.7223 338.8620 14.32275560919538
1 25416U 98046D   16078.87722700 +.00000293 +00000-0 +15906-3 0  9998,2 25416 044.9956 238.9066 0001485 153.9786 000.9548 14.32276466919677
1 25416U 98046D   16078.94465422  .00000293  00000-0  15909-3 0  9994,2 25416  44.9956 238.5898 0001489 154.4119 348.5252 14.32276525919710
1 25416U 98046D   16079.92004295 +.00000301 +00000-0 +16217-3 0  9993,2 25416 044.9957 234.0076 0001568 160.7067 336.3838 14.32277421919823
1 25416U 98046D   16080.45892956  .00000305  00000-0  16376-3 0  9992,2 25416  44.9957 231.4760 0001612 164.2330 234.1474 14.32277914919936
1 25416U 98046D   16080.54263175 +.00000295 +00000-0 +15981-3 0  9996,2 25416 044.9957 231.0827 0001624 164.9374 305.4450 14.32277934919910
1 25416U 98046D   16081.50283373  .00000275  00000-0  15243-3 0  9994,2 25416  44.9957 226.5719 0001710 170.8780 215.2810 14.32278744920080
1 25416U 98046D   16081.86565525 +.00000254 +00000-0 +14497-3 0  9992,2 25416 044.9957 224.8674 0001740 172.7458 286.0013 14.32278955920138
1 25416U 98046D   16082.84142890 +.00000161 +00000-0 +11053-3 0  9999,2 25416 044.9957 220.2835 0001837 178.4151 276.4780 14.32279234920244
1 25416U 98046D   16083.18297935  .00000145  00000-0  10498-3 0  9992,2 25416  44.9958 218.6789 0001865 180.4528 237.2455 14.32279431920328
1 25416U 98046D   16084.57924910  .00000141  00000-0  10346-3 0  9994,2 25416  44.9956 212.1192 0002027 187.8892 236.2098 14.32278926920521
1 25416U 98046D   16084.79378828 -.00000136 +00000-0 +14208-5 0  9997,2 25416 044.9957 211.1116 0002007 189.0755 262.2985 14.32278676920523
1 25416U 98046D   16085.49070709 -.00000128 +00000-0 +45863-5 0  9994,2 25416 044.9958 207.8375 0002064 192.7988 255.4991 14.32278607920621
