1 25420U 98046H   14365.52549801  .00000833  00000-0  36286-3 0  9995,2 25420 044.9983 162.5811 0001746 289.8663 117.2717 14.31536431856226
1 25420U 98046H   15001.64479659  .00000680  00000-0  30556-3 0  9993,2 25420 044.9985 157.3296 0001749 290.8105 130.2349 14.31539232856388
1 25420U 98046H   15002.69524089  .00000634  00000-0  28839-3 0  9997,2 25420 044.9987 152.4011 0001705 293.8058 145.9678 14.31541643856537
1 25420U 98046H   15003.82639220  .00000661  00000-0  29842-3 0  9992,2 25420 044.9988 147.0937 0001664 296.9393 217.9043 14.31543709856693
1 25420U 98046H   15004.86975390  .00000751  00000-0  33227-3 0  9990,2 25420 044.9989 142.1984 0001647 299.4669 197.5891 14.31546645856840
1 25420U 98046H   15007.50401951  .00001002  00000-0  42542-3 0  9991,2 25420 044.9990 129.8387 0001557 306.1711 099.8786 14.31552591857222
1 25420U 98046H   15008.85026818  .00001152  00000-0  48159-3 0  9991,2 25420 044.9991 123.5222 0001466 311.2746 199.4885 14.31556947857413
1 25420U 98046H   15010.36541006  .00000881  00000-0  38060-3 0  9999,2 25420 044.9993 116.4133 0001327 316.3404 090.3982 14.31561215857635
1 25420U 98046H   15011.71252609  .00000853  00000-0  36985-3 0  9990,2 25420 044.9993 110.0927 0001289 319.7287 196.2289 14.31565379857821
1 25420U 98046H   15012.75642457  .00000652  00000-0  29501-3 0  9992,2 25420 044.9994 105.1947 0001232 323.0459 177.9689 14.31568570857978
1 25420U 98046H   15014.70944709  .00000639  00000-0  29030-3 0  9996,2 25420 044.9995 096.0309 0001132 329.5249 166.3932 14.31572763858250
1 25420U 98046H   15016.22531579  .00000831  00000-0  36188-3 0  9998,2 25420 044.9995 088.9181 0001042 335.0829 060.6541 14.31573808858471
1 25420U 98046H   15017.77159819  .00000592  00000-0  27263-3 0  9990,2 25420 044.9996 081.6628 0000961 341.7271 110.7332 14.31576716858692
1 25420U 98046H   15019.44439182  .00000767  00000-0  33779-3 0  9993,2 25420 044.9996 073.8137 0000869 350.5414 091.2814 14.31579748858937
1 25420U 98046H   15020.64320863  .00000459  00000-0  22323-3 0  9993,2 25420 044.9996 068.1885 0000793 357.7733 148.3382 14.31582815859106
1 25420U 98046H   15021.32423981  .00000616  00000-0  28139-3 0  9990,2 25420 044.9995 064.9923 0000776 359.5978 059.7553 14.31599211859208
1 25420U 98046H   15022.52858420  .00000656  00000-0  29648-3 0  9993,2 25420 044.9999 059.3414 0000837 003.0873 149.1516 14.31603020859373
1 25420U 98046H   15023.57239226  .00000507  00000-0  24094-3 0  9991,2 25420 045.0000 054.4434 0000731 012.4091 124.5706 14.31603175859521
1 25420U 98046H   15025.30408969  .00000668  00000-0  30073-3 0  9998,2 25420 045.0001 046.3176 0000674 026.6618 043.7127 14.31605274859771
1 25420U 98046H   15026.43700212  .00000811  00000-0  35406-3 0  9994,2 25420 045.0002 041.0016 0000663 036.4182 118.3790 14.31605943859936
1 25420U 98046H   15027.48570869  .00000908  00000-0  39015-3 0  9990,2 25420 045.0002 036.0808 0000651 046.9146 117.9069 14.31608601860088
1 25420U 98046H   15028.53040554  .00000952  00000-0  40669-3 0  9996,2 25420 045.0003 031.1787 0000636 059.4233 094.7432 14.31611656860237
1 25420U 98046H   15030.48200387  .00001005  00000-0  42617-3 0  9990,2 25420 045.0005 022.0212 0000662 082.6056 059.4208 14.31618663860516
1 25420U 98046H   15030.48200387  .00001005  00000-0  42617-3 0  9990,2 25420 045.0005 022.0212 0000662 082.6056 059.4208 14.31618663860516
1 25420U 98046H   15031.92393347  .00000815  00000-0  35554-3 0  9999,2 25420 045.0006 015.2551 0000716 097.6186 283.0343 14.31622386860722
1 25420U 98046H   15033.19021494  .00001076  00000-0  45248-3 0  9992,2 25420 045.0006 009.3133 0000801 107.1602 325.9988 14.31628609860902
1 25420U 98046H   15034.38859549  .00000904  00000-0  38856-3 0  9990,2 25420 045.0005 003.6901 0000879 116.8235 018.5818 14.31630944861076
1 25420U 98046H   15035.90378013  .00001112  00000-0  46575-3 0  9990,2 25420 045.0004 356.5803 0001002 125.8468 266.1626 14.31634663861297
1 25420U 98046H   15037.09640976  .00001134  00000-0  47382-3 0  9993,2 25420 045.0003 350.9841 0001102 132.3819 292.2326 14.31639598861468
1 25420U 98046H   15038.22715852  .00001142  00000-0  47680-3 0  9995,2 25420 045.0002 345.6781 0001194 139.0032 358.9977 14.31642597861626
1 25420U 98046H   15039.34455119  .00000948  00000-0  40476-3 0  9995,2 25420 045.0001 340.4348 0001289 145.2324 357.2645 14.31648603861780
1 25420U 98046H   15040.86136729  .00000738  00000-0  32652-3 0  9991,2 25420 045.0000 333.3170 0001434 150.7656 256.8394 14.31653268862008
1 25420U 98046H   15042.13380649  .00000702  00000-0  31321-3 0  9998,2 25420 044.9997 327.3460 0001547 156.1310 335.8907 14.31655445862184
1 25420U 98046H   15043.18340336  .00000642  00000-0  29076-3 0  9990,2 25420 044.9995 322.4207 0001642 160.1564 346.6666 14.31657018862336
1 25420U 98046H   15044.23407146  .00000797  00000-0  34855-3 0  9992,2 25420 044.9992 317.4904 0001716 165.0162 002.1419 14.31657399862489
1 25420U 98046H   15045.88527817  .00000716  00000-0  31841-3 0  9995,2 25420 044.9989 309.7416 0001866 171.2473 234.3958 14.31659467862729
1 25420U 98046H   15047.16335874  .00000634  00000-0  28767-3 0  9990,2 25420 044.9986 303.7439 0001967 176.3991 342.7954 14.31662587862905
1 25420U 98046H   15048.20693238  .00000600  00000-0  27536-3 0  9993,2 25420 044.9984 298.8466 0002052 180.4034 322.5414 14.31665600863050
1 25420U 98046H   15049.86505424  .00000521  00000-0  24566-3 0  9997,2 25420 044.9982 291.0651 0002213 185.8528 231.2972 14.31669810863293
1 25420U 98046H   15051.13645844  .00000609  00000-0  27852-3 0  9999,2 25420 044.9980 285.0984 0002317 190.1888 306.1225 14.31671569863473
1 25420U 98046H   15052.52017058  .00000702  00000-0  31311-3 0  9992,2 25420 044.9979 278.6046 0002442 194.9596 239.9200 14.31673872863672
1 25420U 98046H   15053.69772679  .00000842  00000-0  36517-3 0  9996,2 25420 044.9978 273.0783 0002539 198.8070 191.0918 14.31675364863846
1 25420U 98046H   15055.04918809  .00000971  00000-0  41299-3 0  9990,2 25420 044.9977 266.7358 0002626 203.8415 318.2581 14.31678103864034
1 25420U 98046H   15056.92901582  .00000782  00000-0  34282-3 0  9992,2 25420 044.9978 257.9127 0002719 210.7660 289.4015 14.31681647864301
1 25420U 98046H   15058.03827012  .00000780  00000-0  34185-3 0  9991,2 25420 044.9984 252.6996 0002484 220.7217 242.1267 14.31683735864464
1 25420U 98046H   15059.56173678  .00000873  00000-0  37658-3 0  9993,2 25420 044.9984 245.5494 0002600 226.1448 176.3282 14.31686867864682
1 25420U 98046H   15060.90801072  .00000934  00000-0  39926-3 0  9997,2 25420 044.9984 239.2312 0002724 230.3540 277.6155 14.31689852864870
1 25420U 98046H   15062.56325497  .00001167  00000-0  48551-3 0  9996,2 25420 044.9985 231.4627 0002844 236.1466 171.3382 14.31694934865115
1 25420U 98046H   15063.91115463  .00001143  00000-0  47678-3 0  9999,2 25420 044.9986 225.1368 0002913 241.1446 280.2614 14.31698121865300
1 25420U 98046H   15065.49377534  .00001061  00000-0  44626-3 0  9992,2 25420 044.9989 217.7093 0002978 246.9113 159.3799 14.31701603865535
1 25420U 98046H   15066.84073227  .00001188  00000-0  49387-3 0  9993,2 25420 045.0107 211.3698 0007900 233.7707 281.6556 14.31647838865723
1 25420U 98046H   15067.44689228  .00001155  00000-0  48122-3 0  9994,2 25420 044.9990 208.5429 0003130 255.6133 146.9526 14.31686555865817
1 25420U 98046H   15068.50762022  .00000992  00000-0  42082-3 0  9993,2 25420 044.9989 203.5645 0003201 259.9550 214.9563 14.31689078865965
1 25420U 98046H   15069.82959395  .00000928  00000-0  39684-3 0  9993,2 25420 044.9989 197.3606 0003249 264.0571 190.9914 14.31691185866151
1 25420U 98046H   15070.87413348  .00000782  00000-0  34262-3 0  9998,2 25420 044.9990 192.4586 0003258 267.4617 176.4338 14.31692758866307
1 25420U 98046H   15072.19767056  .00000752  00000-0  33164-3 0  9990,2 25420 044.9991 186.2473 0003295 271.8892 160.2297 14.31695254866498
1 25420U 98046H   15073.53064756  .00000656  00000-0  29598-3 0  9995,2 25420 044.9992 179.9916 0003323 276.1694 192.8842 14.31697268866685
1 25420U 98046H   15074.72643630  .00000623  00000-0  28358-3 0  9998,2 25420 044.9992 174.3798 0003360 280.4000 237.8298 14.31698957866852
1 25420U 98046H   15076.67934703  .00000697  00000-0  31083-3 0  9998,2 25420 044.9990 165.2146 0003462 290.2567 223.3346 14.31732619867136
1 25420U 98046H   15078.19043582  .00000912  00000-0  39046-3 0  9990,2 25420 044.9985 158.1224 0003441 296.5093 093.1223 14.31736462867359
1 25420U 98046H   15079.53663699  .00000879  00000-0  37844-3 0  9992,2 25420 044.9986 151.8039 0003323 299.6063 195.3877 14.31738588867546
1 25420U 98046H   15080.65326274  .00000859  00000-0  37088-3 0  9990,2 25420 044.9990 146.5636 0003396 305.0813 190.8471 14.31740847867709
1 25420U 98046H   15082.16789498  .00000723  00000-0  32045-3 0  9997,2 25420 044.9989 139.4545 0003367 310.6411 079.6528 14.31743965867926
1 25420U 98046H   15083.22149193  .00000813  00000-0  35370-3 0  9991,2 25420 044.9989 134.5093 0003326 314.8171 111.2564 14.31746712868077
1 25420U 98046H   15084.49120726  .00000859  00000-0  37077-3 0  9998,2 25420 044.9988 128.5499 0003290 320.0855 176.7845 14.31749211868252
1 25420U 98046H   15085.54120362  .00000983  00000-0  41695-3 0  9990,2 25420 044.9987 123.6217 0003255 324.4830 189.6046 14.31751734868403
1 25420U 98046H   15087.13613530  .00001149  00000-0  47834-3 0  9997,2 25420 044.9986 116.1355 0003186 331.3010 131.4929 14.31755769868634
1 25420U 98046H   15088.47176289  .00001219  00000-0  50430-3 0  9994,2 25420 044.9985 109.8665 0003132 337.4259 176.2741 14.31759494868828
1 25420U 98046H   15089.52114556  .00001330  00000-0  54557-3 0  9998,2 25420 044.9985 104.9411 0003082 342.3487 185.4412 14.31762646868971
1 25420U 98046H   15091.47360088  .00001247  00000-0  51467-3 0  9992,2 25420 044.9988 095.7768 0002974 351.6782 169.4638 14.31767394869255
1 25420U 98046H   15093.14071712  .00001380  00000-0  56411-3 0  9993,2 25420 044.9989 087.9518 0002857 359.7502 122.6196 14.31772768869498
1 25420U 98046H   15094.40291230  .00001224  00000-0  50613-3 0  9997,2 25420 044.9991 082.0275 0002779 006.2228 148.2623 14.31775232869677
1 25420U 98046H   15095.44678510  .00001197  00000-0  49596-3 0  9999,2 25420 044.9991 077.1278 0002709 011.8313 128.3801 14.31777925869820
1 25420U 98046H   15097.10460024  .00001144  00000-0  47633-3 0  9995,2 25420 044.9992 069.3465 0002638 021.4946 032.0186 14.31782088870063
1 25420U 98046H   15098.15446432  .00001062  00000-0  44608-3 0  9996,2 25420 044.9994 064.4186 0002570 027.6990 042.4778 14.31784523870218
1 25420U 98046H   15099.35918654  .00000922  00000-0  39412-3 0  9990,2 25420 044.9996 058.7638 0002510 035.2416 130.5852 14.31786987870386
1 25420U 98046H   15100.40311002  .00000997  00000-0  42181-3 0  9992,2 25420 044.9998 053.8638 0002463 041.9576 109.9058 14.31790182870539
1 25420U 98046H   15102.21501604  .00000957  00000-0  40673-3 0  9992,2 25420 045.0003 045.3590 0002372 054.5057 085.7832 14.31800214870791
1 25420U 98046H   15103.33185682  .00000942  00000-0  40142-3 0  9995,2 25420 045.0002 040.1170 0002331 062.3286 080.2555 14.31802605870959
1 25420U 98046H   15104.84752451  .00001127  00000-0  46992-3 0  9991,2 25420 045.0003 033.0028 0002321 073.0171 329.6125 14.31807216871175
1 25420U 98046H   15106.19475575  .00001298  00000-0  53327-3 0  9999,2 25420 045.0004 026.6792 0002336 082.4860 071.1684 14.31811832871366
1 25420U 98046H   15107.23776566  .00001334  00000-0  54630-3 0  9998,2 25420 045.0005 021.7834 0002356 089.7220 045.3457 14.31815137871512
1 25420U 98046H   15108.28733146  .00001248  00000-0  51476-3 0  9990,2 25420 045.0005 016.8569 0002385 097.1514 053.1613 14.31817552871663
1 25420U 98046H   15109.80238267  .00001217  00000-0  50301-3 0  9995,2 25420 045.0007 009.7452 0002445 107.9036 299.3534 14.31821740871887
1 25420U 98046H   15111.14955709  .00001458  00000-0  59214-3 0  9991,2 25420 045.0008 003.4217 0002515 116.9113 041.1468 14.31826970872073
1 25420U 98046H   15112.19305619  .00001504  00000-0  60934-3 0  9999,2 25420 045.0008 358.5237 0002570 123.7737 018.2743 14.31830263872226
1 25420U 98046H   15113.79265807  .00001414  00000-0  57579-3 0  9991,2 25420 045.0006 351.0153 0002689 134.1222 341.1815 14.31834520872458
1 25420U 98046H   15115.12221062  .00001304  00000-0  53519-3 0  9993,2 25420 045.0004 344.7746 0002778 141.8623 353.3787 14.31837857872642
1 25420U 98046H   15116.17199355  .00001130  00000-0  47079-3 0  9999,2 25420 045.0002 339.8469 0002870 148.0241 003.6730 14.31840119872799
1 25420U 98046H   15117.83003326  .00000836  00000-0  36165-3 0  9991,2 25420 045.0001 332.0637 0003041 157.6890 268.8398 14.31843086873036
1 25420U 98046H   15119.10262417  .00000717  00000-0  31774-3 0  9990,2 25420 045.0001 326.0896 0003190 164.6686 347.9410 14.31845406873214
1 25420U 98046H   15120.54314950  .00000620  00000-0  28154-3 0  9991,2 25420 045.0001 319.3273 0003340 172.4401 212.7364 14.31847568873428
1 25420U 98046H   15122.03075428  .00000565  00000-0  26113-3 0  9992,2 25420 045.0002 312.3442 0003492 179.9001 320.7661 14.31849622873632
1 25420U 98046H   15123.54597039  .00000518  00000-0  24394-3 0  9993,2 25420 045.0001 305.2313 0003667 187.3638 211.2690 14.31851674873852
1 25420U 98046H   15124.60588044  .00000549  00000-0  25513-3 0  9995,2 25420 044.9999 300.2559 0003795 192.4541 274.9390 14.31853500874006
1 25420U 98046H   15125.86891481  .00000545  00000-0  25371-3 0  9994,2 25420 044.9998 294.3268 0003934 198.2488 305.9602 14.31855355874184
1 25420U 98046H   15126.91838997  .00000671  00000-0  30053-3 0  9997,2 25420 044.9997 289.4003 0004024 203.1773 315.9638 14.31857628874331
1 25420U 98046H   15127.96374329  .00000682  00000-0  30462-3 0  9993,2 25420 044.9997 284.4930 0004140 207.9507 304.8606 14.31859219874487
1 25420U 98046H   15129.48987469  .00000690  00000-0  30756-3 0  9992,2 25420 044.9997 277.3284 0004221 214.6191 252.5235 14.31861310874701
1 25420U 98046H   15130.88806329  .00000754  00000-0  33124-3 0  9996,2 25420 044.9963 270.7602 0006471 215.7371 265.6285 14.31850342874901
1 25420U 98046H   15131.80152003  .00000936  00000-0  39844-3 0  9999,2 25420 044.9996 266.4769 0004457 225.4554 288.9832 14.31851047875030
1 25420U 98046H   15133.52610742  .00001108  00000-0  46237-3 0  9995,2 25420 044.9995 258.3813 0004586 232.6409 180.0568 14.31855627875284
1 25420U 98046H   15134.79047332  .00001209  00000-0  49965-3 0  9997,2 25420 044.9995 252.4462 0004682 238.1034 218.2947 14.31859373875468
1 25420U 98046H   15136.18092611  .00000963  00000-0  40866-3 0  9999,2 25420 044.9994 245.9191 0004790 243.9335 186.7439 14.31861572875662
1 25420U 98046H   15137.51360442  .00000915  00000-0  39059-3 0  9996,2 25420 044.9993 239.6630 0004867 249.1144 217.7603 14.31864534875850
1 25420U 98046H   15138.83495671  .00000810  00000-0  35177-3 0  9996,2 25420 044.9992 233.4601 0004932 254.5235 190.1226 14.31866872876047
1 25420U 98046H   15139.88509358  .00000765  00000-0  33498-3 0  9993,2 25420 044.9991 228.5303 0004967 258.8462 204.1920 14.31868830876196
1 25420U 98046H   15141.19568188  .00000663  00000-0  29753-3 0  9992,2 25420 044.9990 222.3779 0005027 264.2186 121.0738 14.31870913876386
1 25420U 98046H   15142.46053396  .00000571  00000-0  26313-3 0  9990,2 25420 044.9990 216.4403 0005072 269.3917 162.1778 14.31872792876569
1 25420U 98046H   15143.43688109  .00000435  00000-0  21281-3 0  9992,2 25420 045.0001 211.8567 0004926 268.4006 160.9171 14.31900665876700
1 25420U 98046H   15144.48597355  .00000253  00000-0  14536-3 0  9993,2 25420 044.9988 206.9319 0005157 276.8743 165.5628 14.31900242876855
1 25420U 98046H   15145.61750441  .00000281  00000-0  15602-3 0  9992,2 25420 044.9984 201.6195 0005175 281.3364 239.5961 14.31901387877017
1 25420U 98046H   15147.12655928  .00000267  00000-0  15085-3 0  9993,2 25420 044.9982 194.5349 0005184 287.6304 099.7579 14.31902771877232
1 25420U 98046H   15148.17681716  .00000315  00000-0  16849-3 0  9996,2 25420 044.9981 189.6042 0005172 292.0238 114.5134 14.31903891877382
1 25420U 98046H   15149.52341067  .00000349  00000-0  18084-3 0  9998,2 25420 044.9979 183.2823 0005150 297.7659 216.9656 14.31905133877579
1 25420U 98046H   15150.56632992  .00000335  00000-0  17568-3 0  9995,2 25420 044.9979 178.3860 0005121 302.2109 193.8112 14.31905930877727
1 25420U 98046H   15152.15055958  .00000299  00000-0  16241-3 0  9999,2 25420 044.9979 170.9483 0005069 309.0744 081.3175 14.31907222877958
1 25420U 98046H   15153.43217999  .00000209  00000-0  12915-3 0  9991,2 25420 044.9980 164.9315 0005021 314.8614 208.4900 14.31907923878132
1 25420U 98046H   15154.47830435  .00000208  00000-0  12899-3 0  9992,2 25420 044.9980 160.0202 0004974 319.5504 201.6410 14.31908795878285
1 25420U 98046H   15155.52334147  .00000277  00000-0  15435-3 0  9993,2 25420 044.9980 155.1140 0004919 324.2417 189.1827 14.31909961878431
1 25420U 98046H   15157.10614453  .00000406  00000-0  20211-3 0  9992,2 25420 044.9980 147.6829 0004824 331.4050 069.0508 14.31911863878660
1 25420U 98046H   15158.15599586  .00000499  00000-0  23664-3 0  9994,2 25420 044.9980 142.7541 0004753 336.2092 081.3300 14.31913210878819
1 25420U 98046H   15159.42706105  .00000713  00000-0  31581-3 0  9998,2 25420 044.9981 136.7866 0004667 342.4466 153.6165 14.31915652878994
1 25420U 98046H   15160.94239392 +.00000777 +00000-0 +33947-3 0  9994,2 25420 044.9983 129.6721 0004550 349.8589 045.1310 14.31918151878124
1 25420U 98046H   15161.15843425  .00000777  00000-0  33914-3 0  9990,2 25420 044.9984 128.6578 0004526 350.8962 078.8360 14.31918516879241
1 25420U 98046H   15161.91876885 +.00000808 +00000-0 +35083-3 0  9994,2 25420 044.9985 125.0882 0004473 354.7882 038.1797 14.31919844878265
1 25420U 98046H   15162.42987324  .00000829  00000-0  35851-3 0  9998,2 25420 044.9986 122.6887 0004436 357.4938 152.7159 14.31920925879421
1 25420U 98046H   15162.96838053 +.00000840 +00000-0 +36262-3 0  9991,2 25420 044.9988 120.1605 0004392 000.2148 048.6331 14.31921935878416
1 25420U 98046H   15163.87143258  .00000904  00000-0  38634-3 0  9994,2 25420 044.9990 115.9209 0004329 005.0290 023.4727 14.31923944879639
1 25420U 98046H   15163.94476300 +.00000895 +00000-0 +38301-3 0  9999,2 25420 044.9990 115.5766 0004323 005.4370 041.4423 14.31924037878557
1 25420U 98046H   15164.92127613 +.00000903 +00000-0 +38590-3 0  9998,2 25420 044.9991 110.9921 0004251 010.6781 034.9133 14.31925892878694
1 25420U 98046H   15165.13757649  .00000911  00000-0  38876-3 0  9996,2 25420 044.9992 109.9766 0004234 011.9106 069.7709 14.31926370879818
1 25420U 98046H   15165.89764271 +.00000837 +00000-0 +36164-3 0  9993,2 25420 044.9992 106.4081 0004176 016.0185 027.5368 14.31927423878832
1 25420U 98046H   15166.33519910 +.00000829 +00000-0 +35841-3 0  9993,2 25420 044.9992 104.3540 0004150 018.5823 122.7264 14.31928202878892
1 25420U 98046H   15167.85105031  .00000752  00000-0  33001-3 0  9997,2 25420 044.9993 097.2373 0004053 027.3476 015.6336 14.31930635880202
1 25420U 98046H   15168.82671356 +.00000679 +00000-0 +30297-3 0  9995,2 25420 044.9994 092.6567 0003997 033.1833 004.1511 14.31932091879254
1 25420U 98046H   15169.19684878  .00000678  00000-0  30275-3 0  9994,2 25420 044.9995 090.9190 0003979 035.4737 111.7335 14.31932778880394
1 25420U 98046H   15170.24727986  .00000547  00000-0  25418-3 0  9998,2 25420 044.9995 085.9874 0003919 041.7696 125.5942 14.31933922880541
1 25420U 98046H   15171.34890145  .00000477  00000-0  22842-3 0  9998,2 25420 044.9997 080.8156 0003874 048.5169 043.1493 14.31935387880701
1 25420U 98046H   15172.73204355  .00000414  00000-0  20483-3 0  9994,2 25420 044.9999 074.3220 0003813 057.0927 331.5127 14.31937067880900
1 25420U 98046H   15175.12851426  .00000748  00000-0  32861-3 0  9990,2 25420 045.0001 063.0710 0003759 072.5551 081.7414 14.31942485881240
1 25420U 98046H   15177.77072440  .00000328  00000-0  17314-3 0  9994,2 25420 045.0000 050.6661 0003759 089.8831 018.1206 14.31942941881620
1 25420U 98046H   15179.10794701  .00000197  00000-0  12460-3 0  9995,2 25420 045.0000 044.3880 0003772 098.2184 069.8150 14.31943604881812
1 25420U 98046H   15180.48454635  .00000086  00000-0  83561-4 0  9995,2 25420 045.0001 037.9248 0003841 107.5498 323.7000 14.31944171882017
1 25420U 98046H   15180.48454635  .00000086  00000-0  83561-4 0  9995,2 25420 045.0001 037.9248 0003841 107.5498 323.7000 14.31944171882017
1 25420U 98046H   15181.75052488  .00000054  00000-0  71990-4 0  9994,2 25420 045.0001 031.9811 0003912 115.5030 008.1639 14.31944717882194
1 25420U 98046H   15182.78470037  .00000068  00000-0  77066-4 0  9997,2 25420 045.0002 027.1258 0003969 121.9826 298.0655 14.31945258882349
1 25420U 98046H   15184.05633666  .00000089  00000-0  84954-4 0  9995,2 25420 045.0002 021.1556 0004067 129.9184 011.7463 14.31945903882523
1 25420U 98046H   15185.49843605  .00000151  00000-0  10775-3 0  9999,2 25420 045.0002 014.3850 0004169 138.6387 244.2301 14.31946723882737
1 25420U 98046H   15186.54784318  .00000217  00000-0  13223-3 0  9995,2 25420 045.0002 009.4580 0004225 144.4904 253.3020 14.31947589882881
1 25420U 98046H   15187.81317830  .00000151  00000-0  10784-3 0  9993,2 25420 045.0002 003.5173 0004337 151.6756 295.2293 14.31948032883065
1 25420U 98046H   15188.87057612  .00000170  00000-0  11460-3 0  9992,2 25420 045.0002 358.5529 0004431 157.5407 345.5258 14.31948832883211
1 25420U 98046H   15189.98853236  .00000274  00000-0  15313-3 0  9997,2 25420 045.0003 353.3039 0004522 163.6369 348.0759 14.31950186883373
1 25420U 98046H   15191.50288061  .00000133  00000-0  10099-3 0  9996,2 25420 045.0004 346.1939 0004719 172.2887 233.4539 14.31950443883595
1 25420U 98046H   15192.84957734  .00000293  00000-0  16028-3 0  9999,2 25420 045.0004 339.8713 0004843 179.1604 335.5388 14.31952312883789
1 25420U 98046H   15193.89322479  .00000330  00000-0  17393-3 0  9995,2 25420 045.0004 334.9713 0004944 184.4173 315.5083 14.31953337883932
1 25420U 98046H   15195.49171495  .00000408  00000-0  20252-3 0  9997,2 25420 045.0003 327.4666 0005058 192.3203 275.8330 14.31955358884168
1 25420U 98046H   15196.82881376  .00000277  00000-0  15427-3 0  9993,2 25420 045.0002 321.1891 0005187 198.9408 328.6630 14.31956100884357
1 25420U 98046H   15198.47968009  .00000159  00000-0  11042-3 0  9993,2 25420 045.0003 313.4382 0005350 206.9983 199.1089 14.31957155884593
1 25420U 98046H   15199.82638822  .00000179  00000-0  11804-3 0  9998,2 25420 045.0002 307.1155 0005462 213.3094 301.8452 14.31958446884780
1 25420U 98046H   15201.13485530  .00000163  00000-0  11221-3 0  9998,2 25420 045.0002 300.9723 0005570 219.4878 207.3938 14.31959333884975
1 25420U 98046H   15202.45870637  .00000180  00000-0  11819-3 0  9992,2 25420 045.0001 294.7568 0005673 225.4344 192.5601 14.31960311885162
1 25420U 98046H   15203.50843747  .00000178  00000-0  11755-3 0  9997,2 25420 045.0001 289.8285 0005728 231.2607 203.4034 14.31968493885319
1 25420U 98046H   15204.63999491  .00000305  00000-0  16464-3 0  9994,2 25420 044.9998 284.5158 0005801 235.9477 277.6271 14.31969703885479
1 25420U 98046H   15206.22130296  .00000144  00000-0  10506-3 0  9993,2 25420 044.9995 277.0915 0005910 242.9042 150.3264 14.31970380885709
1 25420U 98046H   15207.57116921  .00000088  00000-0  84134-4 0  9997,2 25420 044.9992 270.7537 0005978 248.6078 270.0267 14.31970967885896
1 25420U 98046H   15208.74488696  .00000123  00000-0  97303-4 0  9990,2 25420 044.9990 265.2427 0006043 253.7495 201.3540 14.31971809886062
1 25420U 98046H   15210.20065221  .00000193  00000-0  12293-3 0  9990,2 25420 044.9988 258.4073 0006109 259.9750 146.9878 14.31972947886270
1 25420U 98046H   15210.20065221  .00000193  00000-0  12293-3 0  9990,2 25420 044.9988 258.4073 0006109 259.9750 146.9878 14.31972947886270
1 25420U 98046H   15211.31894396  .00000222  00000-0  13376-3 0  9992,2 25420 044.9988 253.1567 0006137 265.1848 152.2642 14.31975762886433
1 25420U 98046H   15212.52375383  .00000038  00000-0  65786-4 0  9994,2 25420 044.9984 247.4997 0006148 270.2767 244.1053 14.31976955886602
1 25420U 98046H   15213.56644720  .00000244  00000-0  14190-3 0  9994,2 25420 044.9983 242.6040 0006161 274.9596 219.8200 14.31978230886750
1 25420U 98046H   15215.15435994  .00000209  00000-0  12912-3 0  9993,2 25420 044.9981 235.1482 0006155 281.8316 126.7355 14.31979287886980
1 25420U 98046H   15216.50174073  .00000180  00000-0  11835-3 0  9992,2 25420 044.9980 228.8219 0006142 287.9151 233.2739 14.31980087887178
1 25420U 98046H   15217.54681061  .00000193  00000-0  12322-3 0  9993,2 25420 044.9980 223.9149 0006122 292.5766 221.2822 14.31980828887328
1 25420U 98046H   15218.58004786  .00000225  00000-0  13501-3 0  9997,2 25420 044.9980 219.0634 0006093 297.1094 148.3647 14.31981643887471
1 25420U 98046H   15220.10558824  .00000312  00000-0  16712-3 0  9999,2 25420 044.9980 211.9002 0006039 303.8113 093.6219 14.31983119887699
1 25420U 98046H   15221.15556275  .00000381  00000-0  19269-3 0  9999,2 25420 044.9981 206.9701 0005989 308.5893 106.8342 14.31984285887846
1 25420U 98046H   15222.42671817  .00000341  00000-0  17774-3 0  9995,2 25420 044.9982 201.0015 0005919 314.4195 180.3183 14.31985180888021
1 25420U 98046H   15224.15790412  .00000234  00000-0  13808-3 0  9995,2 25420 044.9984 192.8730 0005810 322.4753 105.3988 14.31986348888277
1 25420U 98046H   15225.36198265  .00000212  00000-0  12998-3 0  9992,2 25420 044.9984 187.2195 0005730 328.3422 192.7329 14.31987389888443
1 25420U 98046H   15226.40707068  .00000187  00000-0  12081-3 0  9999,2 25420 044.9986 182.3124 0005659 333.3696 180.4974 14.31988123888595
1 25420U 98046H   15228.21821279  .00000390  00000-0  19580-3 0  9998,2 25420 044.9987 173.8084 0005524 342.0955 157.5133 14.31990655888856
1 25420U 98046H   15229.33453758  .00000369  00000-0  18818-3 0  9994,2 25420 044.9987 168.5669 0005438 347.7133 152.2883 14.31991352889018
1 25420U 98046H   15229.87087898 +.00000376 +00000-0 +19061-3 0  9990,2 25420 044.9988 166.0485 0005394 350.3782 037.2226 14.31991844888006
1 25420U 98046H   15230.84925720  .00000302  00000-0  16342-3 0  9992,2 25420 044.9988 161.4546 0005310 355.4830 040.6905 14.31992176889238
1 25420U 98046H   15230.91726279 +.00000282 +00000-0 +15601-3 0  9992,2 25420 044.9988 161.1353 0005300 355.8359 031.2563 14.31992118888152
1 25420U 98046H   15231.89437111 +.00000237 +00000-0 +13920-3 0  9996,2 25420 044.9989 156.5474 0005217 000.9330 028.1831 14.31992723888299
1 25420U 98046H   15232.18905251  .00000221  00000-0  13357-3 0  9991,2 25420 044.9990 155.1638 0005191 002.5164 107.1998 14.31992889889423
1 25420U 98046H   15233.31305516  .00000180  00000-0  11825-3 0  9997,2 25420 044.9991 149.8864 0005108 008.5065 141.2339 14.31993640889580
1 25420U 98046H   15234.89723383 +.00000125 +00000-0 +98111-4 0  9990,2 25420 044.9992 142.4482 0004985 017.0638 027.2827 14.31994506888721
1 25420U 98046H   15235.87362272 +.00000137 +00000-0 +10239-3 0  9992,2 25420 044.9993 137.8638 0004916 022.5382 020.1277 14.31995141888866
1 25420U 98046H   15236.16871404  .00000125  00000-0  97966-4 0  9997,2 25420 044.9993 136.4783 0004903 024.0667 101.3155 14.31995151889994
1 25420U 98046H   15236.92336213 +.00000111 +00000-0 +92897-4 0  9998,2 25420 044.9992 132.9350 0004842 028.4425 031.0424 14.31995385889016
1 25420U 98046H   15237.21834822  .00000076  00000-0  80031-4 0  9997,2 25420 044.9992 131.5500 0004834 030.0776 111.5801 14.31995206890148
1 25420U 98046H   15238.73397928  .00000040  00000-0  66440-4 0  9995,2 25420 044.9991 124.4333 0004741 038.8954 003.6567 14.31995386890366
1 25420U 98046H   15239.79350935  .00000040  00000-0  66648-4 0  9999,2 25420 044.9991 119.4585 0004686 044.9929 064.9038 14.31995770890514
1 25420U 98046H   15240.90205755 +.00000086 +00000-0 +83730-4 0  9994,2 25420 044.9991 114.2533 0004632 051.3252 018.8638 14.31996724889581
1 25420U 98046H   15240.90205755 +.00000086 +00000-0 +83730-4 0  9994,2 25420 044.9991 114.2533 0004632 051.3252 018.8638 14.31996724889581
1 25420U 98046H   15241.13048237  .00000094  00000-0  86438-4 0  9997,2 25420 044.9990 113.1806 0004626 053.2051 115.6948 14.31996939890706
1 25420U 98046H   15241.87834238 +.00000135 +00000-0 +10154-3 0  9999,2 25420 044.9991 109.6690 0004574 057.5909 010.3932 14.31997740889724
1 25420U 98046H   15242.17325953  .00000124  00000-0  97648-4 0  9994,2 25420 044.9991 108.2843 0004575 059.5172 090.2895 14.31997920890855
1 25420U 98046H   15242.71187887 +.00000138 +00000-0 +10276-3 0  9992,2 25420 044.9991 105.7552 0004547 062.8565 346.3180 14.31998396889843
1 25420U 98046H   15243.48332020  .00000147  00000-0  10603-3 0  9992,2 25420 044.9992 102.1331 0004519 067.5956 002.3483 14.31998995891040
1 25420U 98046H   15243.77297921 +.00000140 +00000-0 +10345-3 0  9990,2 25420 044.9991 100.7730 0004509 069.4785 055.1559 14.31999161889993
1 25420U 98046H   15244.52852653  .00000147  00000-0  10616-3 0  9991,2 25420  44.9991  97.2253 0004491  74.2495 349.1402 14.31999687891196
1 25420U 98046H   15244.74927560 +.00000144 +00000-0 +10505-3 0  9999,2 25420 044.9991 096.1888 0004488 075.6829 046.8107 14.31999828890133
1 25420U 98046H   15245.72597539 +.00000146 +00000-0 +10587-3 0  9999,2 25420 044.9991 091.6027 0004472 081.9490 040.4879 14.32000438891368
1 25420U 98046H   15246.91495384 +.00000159 +00000-0 +11041-3 0  9996,2 25420 044.9991 086.0198 0004474 089.3841 048.3941 14.32001169890446
1 25420U 98046H   15246.98796589  .00000159  00000-0  11074-3 0  9990,2 25420  44.9990  85.6770 0004475  89.7718  64.7617 14.32001212891547
1 25420U 98046H   15247.67760015 +.00000170 +00000-0 +11454-3 0  9997,2 25420 044.9981 082.4380 0004745 095.6396 017.5548 14.32006343890556
1 25420U 98046H   15248.03116172  .00000162  00000-0  11174-3 0  9997,2 25420  44.9981  80.7776 0004734  98.4403  39.2033 14.32006787891692
1 25420U 98046H   15248.94115119 +.00000169 +00000-0 +11427-3 0  9995,2 25420 044.9991 076.5057 0004523 102.0314 051.3457 14.32008788890739
1 25420U 98046H   15249.83497207  .00000187  00000-0  12105-3 0  9999,2 25420  44.9992  72.3086 0004549 107.8837 337.7967 14.32009518891951
1 25420U 98046H   15249.91631025 +.00000187 +00000-0 +12082-3 0  9990,2 25420 044.9992 071.9267 0004553 108.2911 037.1113 14.32009555890875
1 25420U 98046H   15250.89259308  .00000170  00000-0  11475-3 0  9996,2 25420  44.9993  67.3422 0004595 114.5144  28.7148 14.32010264892103
1 25420U 98046H   15251.86196005 +.00000193 +00000-0 +12315-3 0  9997,2 25420 044.9994 062.7905 0004634 120.6275 344.7437 14.32011159891156
1 25420U 98046H   15251.93636377  .00000193  00000-0  12294-3 0  9992,2 25420  44.9994  62.4411 0004639 121.1232   8.1874 14.32011221892257
1 25420U 98046H   15252.91885976 +.00000209 +00000-0 +12895-3 0  9997,2 25420 044.9997 057.8278 0004674 126.4819 032.7216 14.32012052891308
1 25420U 98046H   15252.98768440  .00000210  00000-0  12935-3 0  9997,2 25420  44.9997  57.5046 0004679 126.9168  27.4371 14.32012116892401
1 25420U 98046H   15253.89520183 +.00000230 +00000-0 +13685-3 0  9993,2 25420 044.9998 053.2434 0004724 132.2986 025.0459 14.32012939891442
1 25420U 98046H   15254.42750848  .00000225  00000-0  13480-3 0  9993,2 25420  44.9999  50.7439 0004753 135.5773 248.5881 14.32013302892618
1 25420U 98046H   15254.86534351 +.00000265 +00000-0 +14960-3 0  9998,2 25420 045.0000 048.6881 0004784 137.9525 345.5403 14.32013863891580
1 25420U 98046H   15255.47744591  .00000261  00000-0  14801-3 0  9995,2 25420  45.0001  45.8139 0004825 141.7447 260.3351 14.32014319892762
1 25420U 98046H   15255.91503774 +.00000252 +00000-0 +14503-3 0  9999,2 25420 045.0001 043.7593 0004860 144.1873 355.9661 14.32014624891732
1 25420U 98046H   15256.53159256  .00000232  00000-0  13730-3 0  9999,2 25420  45.0002  40.8642 0004910 147.8523 293.8648 14.32014971892915
1 25420U 98046H   15256.82460072 +.00000232 +00000-0 +13748-3 0  9991,2 25420 045.0001 039.4885 0004928 149.4766 004.2301 14.32015212891865
1 25420U 98046H   15257.80012106  .00000198  00000-0  12504-3 0  9991,2 25420  45.0002  34.9078 0005005 155.1264 352.4911 14.32015793893090
1 25420U 98046H   15258.84445370  .00000152  00000-0  10786-3 0  9999,2 25420  45.0003  30.0042 0005081 161.0183 335.5990 14.32016314893245
1 25420U 98046H   15258.91706630 +.00000147 +00000-0 +10620-3 0  9997,2 25420 045.0003 029.6632 0005086 161.3970 349.9183 14.32016346892164
1 25420U 98046H   15259.89348539  .00000073  00000-0  78708-4 0  9995,2 25420  45.0004  25.0784 0005165 166.6851 343.1805 14.32016496893396
1 25420U 98046H   15260.87056867 +.00000016 +00000-0 +57865-4 0  9993,2 25420 045.0004 020.4905 0005249 171.9434 339.9002 14.32016616892440
1 25420U 98046H   15261.13094852  .00000015  00000-0  57316-4 0  9999,2 25420  45.0005  19.2679 0005268 173.3730 242.0918 14.32016711893572
1 25420U 98046H   15261.77893023 +.00000004 +00000-0 +53202-4 0  9994,2 25420 045.0005 016.2253 0005324 176.7068 342.4954 14.32016828892574
1 25420U 98046H   15262.52706977  .00000024  00000-0  60478-4 0  9994,2 25420  45.0006  12.7124 0005392 180.7439 239.0346 14.32017136893777
1 25420U 98046H   15262.82232182 +.00000030 +00000-0 +62949-4 0  9991,2 25420 045.0006 011.3262 0005408 182.2661 321.0827 14.32017244892727
1 25420U 98046H   15263.79870652  .00000058  00000-0  73294-4 0  9993,2 25420  45.0007   6.7418 0005492 187.2875 314.4379 14.32017629893955
1 25420U 98046H   15264.77507421 +.00000066 +00000-0 +76023-4 0  9995,2 25420 045.0007 002.1574 0005573 192.2513 307.7646 14.32017948893005
1 25420U 98046H   15265.24022278  .00000063  00000-0  74954-4 0  9998,2 25420  45.0007 359.9733 0005614 194.6410 185.6531 14.32018073894167
1 25420U 98046H   15265.75109950 +.00000072 +00000-0 +78264-4 0  9995,2 25420 045.0007 357.5746 0005654 197.1356 299.4059 14.32018342893141
1 25420U 98046H   15266.50608494  .00000073  00000-0  78851-4 0  9999,2 25420  45.0006 354.0296 0005720 200.9826 231.4670 14.32018697894342
1 25420U 98046H   15266.72744909 +.00000076 +00000-0 +79799-4 0  9990,2 25420 045.0006 352.9903 0005732 202.0168 292.7258 14.32018824893285
1 25420U 98046H   15267.77724487  .00000108  00000-0  91632-4 0  9991,2 25420  45.0005 348.0609 0005815 207.0971 304.8505 14.32019648894525
1 25420U 98046H   15268.75352455 +.00000141 +00000-0 +10379-3 0  9997,2 25420 045.0004 343.4769 0005894 211.8064 297.9873 14.32020481893574
1 25420U 98046H   15269.23185671  .00000138  00000-0  10263-3 0  9993,2 25420  45.0004 341.2308 0005933 214.1048 244.0025 14.32020779894732
1 25420U 98046H   15269.73086543 +.00000154 +00000-0 +10850-3 0  9996,2 25420 045.0004 338.8878 0005966 216.4949 296.6232 14.32021218893716
1 25420U 98046H   15270.48451480  .00000185  00000-0  12002-3 0  9991,2 25420  45.0004 335.3489 0006022 220.1443 221.9955 14.32021898894911
1 25420U 98046H   15270.70771809 +.00000205 +00000-0 +12736-3 0  9993,2 25420 045.0003 334.3009 0006032 221.1558 292.7701 14.32022166893852
1 25420U 98046H   15270.70771809 +.00000205 +00000-0 +12736-3 0  9993,2 25420 045.0003 334.3009 0006032 221.1558 292.7701 14.32022166893852
1 25420U 98046H   15271.54313182  .00000230  00000-0  13653-3 0  9999,2 25420  45.0003 330.3782 0006088 225.1123 279.7626 14.32022868895064
1 25420U 98046H   15271.68235164 +.00000236 +00000-0 +13872-3 0  9996,2 25420 045.0003 329.7244 0006095 225.7411 277.5441 14.32023003893996
1 25420U 98046H   15272.44583442 +.00000268 +00000-0 +15069-3 0  9991,2 25420 045.0002 326.1395 0006146 229.2495 253.8047 14.32023696894102
1 25420U 98046H   15273.19758030  .00000297  00000-0  16143-3 0  9997,2 25420  45.0001 322.6095 0006190 232.7819 169.4783 14.32024419895303
1 25420U 98046H   15273.63509859 +.00000338 +00000-0 +17637-3 0  9994,2 25420 045.0000 320.5552 0006207 234.7544 265.2164 14.32025018894272
1 25420U 98046H   15274.54394539  .00000373  00000-0  18930-3 0  9998,2 25420  44.9999 316.2877 0006246 238.9103 270.9528 14.32025997895497
1 25420U 98046H   15274.60760442 +.00000376 +00000-0 +19065-3 0  9998,2 25420 044.9999 315.9888 0006249 239.2127 239.1482 14.32026082894411
1 25420U 98046H   15275.52020191 +.00000430 +00000-0 +21053-3 0  9991,2 25420 044.9997 311.7036 0006285 243.3654 264.2464 14.32027298894542
1 25420U 98046H   15276.19485729  .00000391  00000-0  19611-3 0  9990,2 25420  44.9996 308.5356 0006315 246.3985 142.6202 14.32027798895730
1 25420U 98046H   15276.63713961 +.00000414 +00000-0 +20453-3 0  9993,2 25420 044.9995 306.4589 0006323 248.4454 262.8732 14.32028455894707
1 25420U 98046H   15277.47273648  .00000352  00000-0  18162-3 0  9994,2 25420  44.9994 302.5351 0006346 252.1653 251.0655 14.32028988895917
1 25420U 98046H   15277.61366725 +.00000359 +00000-0 +18432-3 0  9996,2 25420 044.9994 301.8734 0006349 252.8552 257.6184 14.32029225894847
1 25420U 98046H   15278.52267718  .00000313  00000-0  16718-3 0  9994,2 25420  44.9993 297.6049 0006372 256.9898 264.2312 14.32029912896067
1 25420U 98046H   15278.59065032 +.00000291 +00000-0 +15920-3 0  9995,2 25420 044.9993 297.2858 0006372 257.3321 254.6492 14.32029843894981
1 25420U 98046H   15279.56770148  .00000270  00000-0  15134-3 0  9998,2 25420  44.9993 292.6977 0006390 261.7357 252.1077 14.32030642896219
1 25420U 98046H   15280.54233568  .00000316  00000-0  16837-3 0  9990,2 25420  44.9993 288.1210 0006425 266.1799 237.0832 14.32037558896356
1 25420U 98046H   15281.51869405 +.00000319 +00000-0 +16955-3 0  9997,2 25420 044.9992 283.5362 0006428 270.5027 231.0742 14.32038371895401
1 25420U 98046H   15282.96072964 +.00000274 +00000-0 +15276-3 0  9998,2 25420 044.9992 276.7646 0006421 276.9986 105.9374 14.32039328895613
1 25420U 98046H   15283.93631350 +.00000247 +00000-0 +14272-3 0  9991,2 25420 044.9991 272.1835 0006403 281.4189 095.8415 14.32040036895754
1 25420U 98046H   15284.37319950  .00000244  00000-0  14195-3 0  9990,2 25420  44.9991 270.1321 0006385 283.4918 188.2409 14.32040417896904
1 25420U 98046H   15285.49706647  .00000234  00000-0  13794-3 0  9990,2 25420  44.9990 264.8547 0006356 288.6447 222.6060 14.32041412897065
1 25420U 98046H   15285.96250748 +.00000233 +00000-0 +13782-3 0  9994,2 25420 044.9990 262.6691 0006347 290.7410 102.3377 14.32041866896040
1 25420U 98046H   15286.93874693 +.00000231 +00000-0 +13703-3 0  9994,2 25420 044.9990 258.0849 0006311 295.1937 095.6015 14.32042731896188
1 25420U 98046H   15287.15478226  .00000230  00000-0  13675-3 0  9998,2 25420  44.9990 257.0704 0006301 295.9857 129.6236 14.32042945897300
1 25420U 98046H   15287.91883944 +.00000306 +00000-0 +16474-3 0  9993,2 25420 044.9990 253.4825 0006273 299.4974 108.9016 14.32044043896329
1 25420U 98046H   15288.35887078  .00000319  00000-0  16960-3 0  9998,2 25420  44.9990 251.4163 0006249 301.5089 217.5988 14.32044489897473
1 25420U 98046H   15288.90554462 +.00000381 +00000-0 +19215-3 0  9992,2 25420 044.9991 248.8491 0006229 303.9083 156.2215 14.32045338896460
1 25420U 98046H   15289.40222627  .00000423  00000-0  20776-3 0  9994,2 25420  44.9991 246.5169 0006202 306.1942 196.9815 14.32046025897627
1 25420U 98046H   15289.86458503 +.00000440 +00000-0 +21425-3 0  9999,2 25420 044.9990 244.3457 0006180 308.5328 060.5715 14.32046521896604
1 25420U 98046H   15290.84388330  .00000504  00000-0  23755-3 0  9998,2 25420  44.9991 239.7471 0006129 312.8349  69.7876 14.32047928897830
1 25420U 98046H   15290.91830758 +.00000534 +00000-0 +24860-3 0  9993,2 25420 044.9991 239.3976 0006122 313.2351 093.4431 14.32048202896754
1 25420U 98046H   15291.89115525  .00000600  00000-0  27329-3 0  9996,2 25420  44.9991 234.8293 0006060 317.7937  69.1218 14.32049818897989
1 25420U 98046H   15292.86987112 +.00000658 +00000-0 +29436-3 0  9997,2 25420 044.9991 230.2334 0005992 322.4905 074.9506 14.32051596897032
1 25420U 98046H   15293.23999370  .00000702  00000-0  31055-3 0  9998,2 25420  44.9991 228.4955 0005966 324.2995 183.1088 14.32052439898171
1 25420U 98046H   15293.92936553 +.00000708 +00000-0 +31276-3 0  9999,2 25420 044.9991 225.2585 0005920 327.5409 137.2803 14.32053718897187
1 25420U 98046H   15294.41682012  .00000733  00000-0  32206-3 0  9994,2 25420  44.9991 222.9695 0005888 329.9276 130.3405 14.32054744898345
1 25420U 98046H   15294.89518050 +.00000758 +00000-0 +33126-3 0  9995,2 25420 044.9991 220.7233 0005856 332.1266 076.6617 14.32055832897322
1 25420U 98046H   15295.79859182  .00000034  00000-0  64288-4 0  9990,2 25420  44.9991 216.4809 0005775 336.2976  54.4475 14.32059975898549
1 25420U 98046H   15295.87188525 +.00000039 +00000-0 +66140-4 0  9999,2 25420 044.9991 216.1367 0005771 336.6950 072.2732 14.32060089897469
1 25420U 98046H   15296.84817442  .00000033  00000-0  63761-4 0  9994,2 25420  44.9991 211.5520 0005686 341.7317  65.2738 14.32060742898698
1 25420U 98046H   15297.90920150 +.00000596 +00000-0 +27141-3 0  9998,2 25420 044.9989 206.5696 0005600 346.8395 135.4963 14.32063728897754
1 25420U 98046H   15298.19491291  .00000597  00000-0  27190-3 0  9994,2 25420  44.9989 205.2280 0005578 348.2716 168.4510 14.32064155898880
1 25420U 98046H   15298.88560325 +.00000579 +00000-0 +26545-3 0  9998,2 25420 044.9988 201.9845 0005518 351.7590 129.2079 14.32065064897897
1 25420U 98046H   15299.23837565  .00000531  00000-0  24769-3 0  9995,2 25420  44.9988 200.3280 0005492 353.6244 147.7922 14.32065242899039
1 25420U 98046H   15299.91978101 +.00000528 +00000-0 +24632-3 0  9997,2 25420 044.9987 197.1280 0005429 357.0440 060.7059 14.32066151898042
1 25420U 98046H   15300.90456880  .00000499  00000-0  23583-3 0  9995,2 25420  44.9986 192.5035 0005350   2.2086  97.4568 14.32067327899270
1 25420U 98046H   15300.90456880  .00000499  00000-0  23583-3 0  9995,2 25420  44.9986 192.5035 0005350   2.2086  97.4568 14.32067327899270
1 25420U 98046H   15301.73236006 +.00000450 +00000-0 +21777-3 0  9993,2 25420 044.9986 188.6162 0005281 006.6083 044.8082 14.32068140898309
1 25420U 98046H   15302.16701689  .00000426  00000-0  20870-3 0  9991,2 25420  44.9986 186.5751 0005247   8.9340 125.4947 14.32068523899451
1 25420U 98046H   15302.92186373 +.00000392 +00000-0 +19640-3 0  9997,2 25420 044.9986 183.0304 0005182 013.0796 056.6796 14.32069300898479
1 25420U 98046H   15303.21698319  .00000378  00000-0  19104-3 0  9997,2 25420  44.9985 181.6446 0005166  14.6789 138.0228 14.32069593899605
1 25420U 98046H   15303.82390001 +.00000352 +00000-0 +18156-3 0  9999,2 25420 044.9985 178.7945 0005112 017.9847 026.6676 14.32070169898607
1 25420U 98046H   15304.45406265  .00000341  00000-0  17746-3 0  9991,2 25420  44.9985 175.8353 0005069  21.4297  35.1334 14.32070846899786
1 25420U 98046H   15304.73163091 +.00000334 +00000-0 +17509-3 0  9998,2 25420 044.9984 174.5318 0005041 022.9193 026.0159 14.32071105898730
1 25420U 98046H   15305.79267575  .00000415  00000-0  20493-3 0  9993,2 25420  44.9983 169.5492 0004964  28.7713  95.6167 14.32072671899978
1 25420U 98046H   15305.85059563 +.00000421 +00000-0 +20709-3 0  9993,2 25420 044.9983 169.2772 0004958 029.0607 034.2194 14.32072772898896
1 25420U 98046H   15306.82651334  .00000462  00000-0  22199-3 0  9995,2 25420  44.9981 164.6943 0004888  34.7133  24.7307 14.32073971900124
1 25420U 98046H   15306.90047272 +.00000370 +00000-0 +18817-3 0  9994,2 25420 044.9981 164.3470 0004883 035.1417 045.9650 14.32073537899043
1 25420U 98046H   15307.95730557 +.00000452 +00000-0 +21863-3 0  9991,2 25420 044.9980 159.3840 0004819 041.2571 093.5756 14.32075025899191
1 25420U 98046H   15308.09808433  .00000454  00000-0  21924-3 0  9996,2 25420  44.9979 158.7229 0004809  42.1578  99.1563 14.32075185900300
1 25420U 98046H   15308.93364369 +.00000481 +00000-0 +22925-3 0  9996,2 25420 044.9978 154.7990 0004762 046.9905 086.1839 14.32076174899335
1 25420U 98046H   15309.75569277  .00000409  00000-0  20278-3 0  9991,2 25420  44.9977 150.9385 0004719  51.8683   3.4488 14.32076591900541
1 25420U 98046H   15309.91002682 +.00000408 +00000-0 +20229-3 0  9996,2 25420 044.9977 150.2137 0004711 052.7968 078.9539 14.32076743899479
1 25420U 98046H   15310.96058363 +.00000368 +00000-0 +18762-3 0  9994,2 25420 044.9977 145.2801 0004659 059.1353 093.9654 14.32077604899620
1 25420U 98046H   15311.93737868 +.00000381 +00000-0 +19222-3 0  9993,2 25420 044.9978 140.6928 0004623 065.0541 088.7586 14.32078862899764
1 25420U 98046H   15312.00983678  .00000381  00000-0  19213-3 0  9994,2 25420  44.9978 140.3525 0004621  65.4852 102.2449 14.32078954900867
1 25420U 98046H   15312.91188549 +.00000335 +00000-0 +17536-3 0  9993,2 25420 044.9979 136.1163 0004585 071.0172 071.7014 14.32079730899909
1 25420U 98046H   15313.51801154  .00000375  00000-0  19015-3 0  9992,2 25420  44.9979 133.2698 0004559  74.8167 315.7959 14.32080703901080
1 25420U 98046H   15313.89088672 +.00000368 +00000-0 +18755-3 0  9997,2 25420 044.9979 131.5188 0004551 077.1050 077.7181 14.32081095900046
1 25420U 98046H   15314.86438301  .00000380  00000-0  19204-3 0  9997,2 25420  44.9980 126.9471 0004527  83.0759  55.4466 14.32082269901275
1 25420U 98046H   15314.93803095 +.00000433 +00000-0 +21135-3 0  9996,2 25420 044.9980 126.6012 0004527 083.4786 075.1029 14.32082676900193
1 25420U 98046H   15315.91426961  .00000415  00000-0  20495-3 0  9996,2 25420  44.9981 122.0166 0004513  89.5428  66.8944 14.32083663901426
1 25420U 98046H   15315.91426961 +.00000415 +00000-0 +20495-3 0  9996,2 25420 044.9981 122.0166 0004513 089.5428 066.8944 14.32083663900335
1 25420U 98046H   15316.89042377 +.00000433 +00000-0 +21148-3 0  9995,2 25420 044.9982 117.4323 0004510 095.4170 058.4436 14.32084804900472
1 25420U 98046H   15316.95774443  .00000370  00000-0  18805-3 0  9994,2 25420  44.9982 117.1162 0004510  95.8700  45.3974 14.32084533901576
1 25420U 98046H   15317.86662697 +.00000418 +00000-0 +20595-3 0  9994,2 25420 044.9982 112.8479 0004524 101.2585 050.2826 14.32085787900614
1 25420U 98046H   15318.47418255  .00000457  00000-0  22028-3 0  9997,2 25420  44.9983 109.9947 0004523 105.0224 301.8030 14.32086770901798
1 25420U 98046H   15318.91010755 +.00000424 +00000-0 +20815-3 0  9995,2 25420 044.9983 107.9476 0004532 107.6288 028.7832 14.32087131900764
1 25420U 98046H   15319.53241105  .00000429  00000-0  21001-3 0  9992,2 25420  44.9983 105.0250 0004549 112.6183 355.1558 14.32076348901942
1 25420U 98046H   15319.88660019 +.00000403 +00000-0 +20044-3 0  9997,2 25420 044.9984 103.3618 0004550 114.3920 021.1587 14.32076817900900
1 25420U 98046H   15320.71394777  .00000473  00000-0  22619-3 0  9993,2 25420  44.9985  99.4765 0004570 119.4329 325.6112 14.32078437902111
1 25420U 98046H   15320.86335811 +.00000469 +00000-0 +22486-3 0  9990,2 25420 044.9985 098.7748 0004577 120.2708 015.7994 14.32078635901048
1 25420U 98046H   15321.91346800  .00000611  00000-0  27715-3 0  9996,2 25420  44.9988  93.8433 0004614 126.4544  28.6715 14.32080825902281
1 25420U 98046H   15322.88997572 +.00000602 +00000-0 +27388-3 0  9997,2 25420 044.9990 089.2576 0004640 132.4015 021.9635 14.32082371901330
1 25420U 98046H   15323.14998071  .00000595  00000-0  27098-3 0  9991,2 25420  44.9991  88.0366 0004647 133.9547 282.1593 14.32082752902460
1 25420U 98046H   15323.86678536 +.00000611 +00000-0 +27691-3 0  9999,2 25420 044.9993 084.6705 0004675 138.1938 016.9745 14.32084005901478
1 25420U 98046H   15324.19869758  .00000548  00000-0  25374-3 0  9999,2 25420  44.9994  83.1118 0004687 140.1653 287.8285 14.32084145902611
1 25420U 98046H   15324.77386299 +.00000570 +00000-0 +26197-3 0  9996,2 25420 044.9995 080.4109 0004715 143.4745 012.6507 14.32085205901609
1 25420U 98046H   15325.52240376  .00000614  00000-0  27798-3 0  9992,2 25420  44.9996  76.8958 0004750 147.7996 271.1603 14.32086624902803
1 25420U 98046H   15325.81737765 +.00000581 +00000-0 +26595-3 0  9994,2 25420 044.9996 075.5106 0004764 149.4330 351.7358 14.32086869901756
1 25420U 98046H   15326.79334836  .00000565  00000-0  26018-3 0  9996,2 25420  44.9997  70.9275 0004820 155.0006 342.6562 14.32088206902988
1 25420U 98046H   15327.70228657 +.00000510 +00000-0 +23992-3 0  9999,2 25420 044.9998 066.6592 0004876 160.0427 348.1849 14.32089153902023
1 25420U 98046H   15328.52458618  .00000455  00000-0  21934-3 0  9994,2 25420  44.9998  62.7975 0004933 164.6606 267.0428 14.32089951903230
1 25420U 98046H   15328.67867230 +.00000455 +00000-0 +21933-3 0  9993,2 25420 044.9998 062.0740 0004937 165.4358 341.4288 14.32090148902162
1 25420U 98046H   15329.79561060  .00000377  00000-0  19076-3 0  9997,2 25420  45.0000  56.8288 0005007 171.4626 339.3648 14.32091134903411
1 25420U 98046H   15330.77195389 +.00000293 +00000-0 +15982-3 0  9993,2 25420 045.0001 052.2438 0005077 176.7082 332.5427 14.32091692902463
1 25420U 98046H   15331.45324001  .00000273  00000-0  15241-3 0  9990,2 25420  45.0002  49.0445 0005128 180.1928 244.8395 14.32092223903653
1 25420U 98046H   15331.74934421 +.00000261 +00000-0 +14799-3 0  9999,2 25420 045.0002 047.6540 0005144 181.7568 331.3236 14.32092425902602
1 25420U 98046H   15332.50281502  .00000255  00000-0  14569-3 0  9997,2 25420  45.0004  44.1156 0005202 185.6514 255.7212 14.32092963903801
1 25420U 98046H   15332.72602795 +.00000237 +00000-0 +13923-3 0  9995,2 25420 045.0004 043.0674 0005214 186.8341 326.4309 14.32093036902745
1 25420U 98046H   15333.70063098  .00000237  00000-0  13913-3 0  9990,2 25420  45.0005  38.4908 0005281 191.7460 310.9690 14.32093722903974
1 25420U 98046H   15334.60995810 +.00000298 +00000-0 +16151-3 0  9990,2 25420 045.0005 034.2206 0005339 196.3937 318.9182 14.32094751903015
1 25420U 98046H   15335.01273804  .00000267  00000-0  15009-3 0  9995,2 25420  45.0006  32.3292 0005368 198.4266 235.4376 14.32094864904160
1 25420U 98046H   15335.50521998  .00000272  00000-0  15176-3 0  9990,2 25420  45.0006  30.0164 0005446 200.0465 255.3223 14.32111412904230
1 25420U 98046H   15335.78604322 +.00000264 +00000-0 +14910-3 0  9999,2 25420 045.0006 028.6975 0005456 201.5002 263.0788 14.32111567903183
1 25420U 98046H   15336.56200284  .00000244  00000-0  14146-3 0  9994,2 25420  45.0005  25.0535 0005504 205.3450 303.6352 14.32112265904385
1 25420U 98046H   15337.67879016  .00000522  00000-0  24389-3 0  9991,2 25420  45.0004  19.8092 0005559 210.4350 301.8208 14.32114028904546
1 25420U 98046H   15339.19360168  .00000230  00000-0  13649-3 0  9996,2 25420  45.0004  12.6951 0005654 217.9729 191.5976 14.32114467904766
1 25420U 98046H   15339.89251429 +.00000272 +00000-0 +15202-3 0  9995,2 25420 045.0004 009.4129 0005677 221.3670 195.0053 14.32115370903775
1 25420U 98046H   15340.54071571  .00000274  00000-0  15281-3 0  9996,2 25420  45.0004   6.3688 0005707 224.2002 297.2744 14.32115910904959
1 25420U 98046H   15340.60900579 +.00000271 +00000-0 +15146-3 0  9999,2 25420 045.0004 006.0481 0005703 224.6928 289.1983 14.32115916903875
1 25420U 98046H   15341.91777152 +.00000290 +00000-0 +15856-3 0  9992,2 25420 045.0005 359.9018 0005763 230.7532 197.1470 14.32117007904061
1 25420U 98046H   15342.19176869  .00000291  00000-0  15896-3 0  9996,2 25420  45.0005 358.6150 0005777 231.9342 169.9550 14.32117221905190
1 25420U 98046H   15342.56007416 +.00000292 +00000-0 +15925-3 0  9992,2 25420 045.0005 356.8854 0005792 233.5957 268.9691 14.32117438904159
1 25420U 98046H   15343.46933723  .00000286  00000-0  15715-3 0  9991,2 25420  45.0005 352.6153 0005824 237.7318 277.1747 14.32118005905378
1 25420U 98046H   15343.94288814 +.00000246 +00000-0 +14234-3 0  9999,2 25420 045.0005 350.3915 0005836 239.9628 198.7504 14.32118107904359
1 25420U 98046H   15344.84816133  .00000336  00000-0  17541-3 0  9994,2 25420  45.0005 346.1401 0005862 243.8080 186.6624 14.32119374905578
1 25420U 98046H   15345.13499741  .00000442  00000-0  21463-3 0  9995,2 25420  45.0010 344.7841 0006900 231.7452 239.0195 14.32127595905614
1 25420U 98046H   15346.39890031  .00000415  00000-0  20466-3 0  9993,2 25420  45.0004 338.8577 0005845 250.9990 262.2977 14.32131938905795
1 25420U 98046H   15346.92995272 +.00000371 +00000-0 +18841-3 0  9990,2 25420 045.0004 336.3634 0005864 253.2725 120.6008 14.32132199904785
1 25420U 98046H   15347.44789561  .00000386  00000-0  19393-3 0  9999,2 25420  45.0004 333.9311 0005876 255.6112 271.1865 14.32132900905941
1 25420U 98046H   15347.92112074 +.00000361 +00000-0 +18454-3 0  9991,2 25420 045.0003 331.7084 0005873 257.4355 191.5134 14.32133186904927
1 25420U 98046H   15348.75187844  .00000231  00000-0  13660-3 0  9990,2 25420  45.0003 327.8068 0005841 261.4390 154.7630 14.32133498906137
1 25420U 98046H   15348.89739626 +.00000244 +00000-0 +14151-3 0  9996,2 25420 045.0003 327.1233 0005841 262.0241 185.1460 14.32133729905063
1 25420U 98046H   15349.80073284  .00000255  00000-0  14541-3 0  9994,2 25420  45.0003 322.8809 0005848 265.8568 163.1256 14.32134572906285
1 25420U 98046H   15349.93236543 +.00000262 +00000-0 +14826-3 0  9991,2 25420 045.0002 322.2626 0005846 266.4211 121.8725 14.32134706905218
1 25420U 98046H   15350.90857546  .00000259  00000-0  14710-3 0  9990,2 25420  45.0002 317.6779 0005832 270.7659 115.4177 14.32135426906440
1 25420U 98046H   15351.96206523 +.00000243 +00000-0 +14126-3 0  9994,2 25420 045.0003 312.7303 0005812 275.3877 147.5037 14.32136120905500
1 25420U 98046H   15352.18294817  .00000242  00000-0  14094-3 0  9995,2 25420  45.0003 311.6930 0005807 276.3345 206.4602 14.32136284906627
1 25420U 98046H   15352.93472373 +.00000250 +00000-0 +14356-3 0  9993,2 25420 045.0002 308.1623 0005795 279.6030 122.8569 14.32136937905648
1 25420U 98046H   15353.23125903  .00000253  00000-0  14497-3 0  9990,2 25420  45.0002 306.7697 0005776 280.9734 211.8077 14.32137211906772
1 25420U 98046H   15353.91060900 +.00000325 +00000-0 +17141-3 0  9999,2 25420 045.0002 303.5792 0005760 283.8765 114.8090 14.32138261905785
1 25420U 98046H   15354.34790762  .00000351  00000-0  18092-3 0  9998,2 25420  45.0001 301.5256 0005735 285.9739 209.4688 14.32138881906933
1 25420U 98046H   15354.88668178 +.00000344 +00000-0 +17845-3 0  9999,2 25420 045.0001 298.9952 0005724 288.1534 107.7306 14.32139475905926
1 25420U 98046H   15355.86392126  .00000503  00000-0  23676-3 0  9991,2 25420  45.0000 294.4058 0005681 292.4725 106.6409 14.32141866907151
1 25420U 98046H   15356.92431948 +.00000464 +00000-0 +22236-3 0  9992,2 25420 044.9999 289.4258 0005630 297.1838 174.3164 14.32143148906214
1 25420U 98046H   15357.20929644  .00000442  00000-0  21435-3 0  9995,2 25420  44.9998 288.0875 0005610 298.4870 203.6913 14.32143400907345
1 25420U 98046H   15357.35043825 +.00000454 +00000-0 +21896-3 0  9993,2 25420 044.9998 287.4246 0005607 299.0926 211.4756 14.32143674906271
1 25420U 98046H   15358.32744831  .00000451  00000-0  21760-3 0  9993,2 25420  44.9997 282.8362 0005556 303.4860 209.1346 14.32144997907503
1 25420U 98046H   15358.86495914 +.00000409 +00000-0 +20229-3 0  9999,2 25420 044.9996 280.3117 0005528 305.7948 100.7576 14.32145451906498
1 25420U 98046H   15359.84124164  .00000368  00000-0  18714-3 0  9994,2 25420  44.9995 275.7266 0005463 310.2473  94.6076 14.32146358907722
1 25420U 98046H   15359.91067756 +.00000335 +00000-0 +17520-3 0  9993,2 25420 044.9995 275.4005 0005458 310.5198 092.6730 14.32146250906647
1 25420U 98046H   15360.88626351 +.00000311 +00000-0 +16636-3 0  9994,2 25420 044.9994 270.8186 0005386 315.0450 082.8595 14.32147139906788
1 25420U 98046H   15361.25493478  .00000329  00000-0  17266-3 0  9997,2 25420  44.9994 269.0872 0005362 316.7952 183.7139 14.32147597907929
1 25420U 98046H   15361.86255541 +.00000289 +00000-0 +15815-3 0  9994,2 25420 044.9993 266.2335 0005313 319.6134 076.6485 14.32147912906925
1 25420U 98046H   15362.76983309  .00000240  00000-0  14019-3 0  9996,2 25420  44.9992 261.9724 0005244 323.8184  74.6406 14.32148382908142
1 25420U 98046H   15362.91235921 +.00000209 +00000-0 +12854-3 0  9993,2 25420 044.9992 261.3031 0005228 324.6060 089.3887 14.32148314907073
1 25420U 98046H   15363.82973741  .00000196  00000-0  12378-3 0  9999,2 25420  44.9991 256.9947 0005155 328.9640 139.3555 14.32148961908299
1 25420U 98046H   15363.88859440 +.00000164 +00000-0 +11200-3 0  9992,2 25420 044.9991 256.7182 0005149 329.2535 082.8103 14.32148851907218
1 25420U 98046H   15364.86395890 +.00000174 +00000-0 +11591-3 0  9999,2 25420 044.9990 252.1374 0005072 333.8374 071.8046 14.32149687907354
1 25420U 98046H   15365.16633418  .00000111  00000-0  92716-4 0  9994,2 25420  44.9989 250.7174 0005047 335.3063 190.8085 14.32149569908487
1 25420U 98046H   15365.91431468 +.00000168 +00000-0 +11358-3 0  9992,2 25420 044.9988 247.2045 0004984 338.7893 087.4425 14.32150471907506
1 25420U 98046H   16001.21023293  .00000180  00000-0  11809-3 0  9991,2 25420  44.9987 245.8147 0004956 340.3906 172.9930 14.32150800908637
1 25420U 98046H   16001.89050331 +.00000149 +00000-0 +10669-3 0  9996,2 25420 044.9986 242.6198 0004897 343.6352 080.4342 14.32151147907647
1 25420U 98046H   16002.79326465  .00000218  00000-0  13182-3 0  9990,2 25420  44.9984 238.3799 0004817 347.9607  55.0120 14.32152253908862
1 25420U 98046H   16002.86651433 +.00000222 +00000-0 +13329-3 0  9992,2 25420 044.9984 238.0359 0004811 348.3130 072.6812 14.32152335907785
1 25420U 98046H   16003.84291383  .00000261  00000-0  14770-3 0  9999,2 25420  44.9982 233.4501 0004726 353.2313  66.6943 14.32153255909012
1 25420U 98046H   16003.91660758 +.00000226 +00000-0 +13504-3 0  9998,2 25420 044.9982 233.1040 0004718 353.6356 086.6031 14.32153101907938
1 25420U 98046H   16004.97349359 +.00000254 +00000-0 +14506-3 0  9990,2 25420 044.9981 228.1401 0004616 359.0165 135.5256 14.32154005908081
1 25420U 98046H   16005.11412147  .00000251  00000-0  14414-3 0  9998,2 25420  44.9980 227.4796 0004605 359.7619 140.5230 14.32154096909199
1 25420U 98046H   16005.94951332 +.00000222 +00000-0 +13340-3 0  9998,2 25420 044.9979 223.5559 0004519 004.1723 127.3460 14.32154506908229
1 25420U 98046H   16006.55543794  .00000244  00000-0  14151-3 0  9990,2 25420  44.9979 220.7100 0004472   7.2241  11.3106 14.32155090909406
1 25420U 98046H   16006.92665501 +.00000209 +00000-0 +12861-3 0  9999,2 25420 044.9978 218.9666 0004436 009.2562 125.0314 14.32155167908362
1 25420U 98046H   16007.74777961  .00000190  00000-0  12177-3 0  9993,2 25420  44.9978 215.1099 0004363  13.6091  38.2871 14.32155722909570
1 25420U 98046H   16007.89389558 +.00000195 +00000-0 +12352-3 0  9990,2 25420 044.9978 214.4237 0004351 014.3709 071.5915 14.32155846908505
1 25420U 98046H   16008.87945883  .00000155  00000-0  10879-3 0  9996,2 25420  44.9978 209.7948 0004266  19.7570 112.4406 14.32156359909737
1 25420U 98046H   16008.95360329 +.00000149 +00000-0 +10658-3 0  9999,2 25420 044.9978 209.4465 0004266 020.1160 134.7216 14.32156368908655
1 25420U 98046H   16009.93101041 +.00000125 +00000-0 +97737-4 0  9990,2 25420 044.9978 204.8559 0004197 025.4687 133.5144 14.32156932908792
1 25420U 98046H   16010.00156698  .00000123  00000-0  96882-4 0  9996,2 25420  44.9978 204.5245 0004192  25.8581 137.2494 14.32156969909894
1 25420U 98046H   16010.90398001 +.00000130 +00000-0 +99380-4 0  9995,2 25420 044.9979 200.2862 0004109 030.8824 109.3478 14.32157609908935
1 25420U 98046H   16011.51003551  .00000145  00000-0  10499-3 0  9995,2 25420  44.9978 197.4397 0004063  34.1766 353.7518 14.32158061910111
1 25420U 98046H   16011.95346227 +.00000166 +00000-0 +11267-3 0  9990,2 25420 044.9978 195.3570 0004034 036.8097 119.5327 14.32158492909083
1 25420U 98046H   16012.56008846  .00000245  00000-0  14198-3 0  9994,2 25420  44.9978 192.5078 0003982  40.2105   6.7780 14.32159334910263
1 25420U 98046H   16012.92987572 +.00000238 +00000-0 +13930-3 0  9991,2 25420 044.9978 190.7710 0003960 042.3878 112.9803 14.32159528909227
1 25420U 98046H   16013.83267216  .00000293  00000-0  15960-3 0  9994,2 25420  44.9978 186.5307 0003885  47.6813  86.7971 14.32160484910448
1 25420U 98046H   16013.90635435 +.00000287 +00000-0 +15745-3 0  9998,2 25420 044.9978 186.1847 0003884 048.0985 106.6355 14.32160505909368
1 25420U 98046H   16014.88274633  .00000304  00000-0  16373-3 0  9993,2 25420  44.9978 181.5987 0003819  53.8915  99.7639 14.32161366910597
1 25420U 98046H   16015.55580598 +.00000287 +00000-0 +15744-3 0  9999,2 25420 044.9979 178.4374 0003773 057.9694 329.1850 14.32161862909607
1 25420U 98046H   16015.92544744  .00000291  00000-0  15894-3 0  9994,2 25420  44.9979 176.7013 0003758  60.1518  74.6338 14.32162209910748
1 25420U 98046H   16016.83592970 +.00000301 +00000-0 +16263-3 0  9992,2 25420 044.9980 172.4249 0003708 065.6792 087.8895 14.32163104909784
1 25420U 98046H   16017.51317325  .00000280  00000-0  15466-3 0  9997,2 25420  44.9982 169.2440 0003670  69.8609 338.8027 14.32163617910972
1 25420U 98046H   16017.88465718 +.00000287 +00000-0 +15724-3 0  9991,2 25420 044.9982 167.4993 0003648 072.1299 093.6757 14.32164021909932
1 25420U 98046H   16018.86060042  .00000268  00000-0  15018-3 0  9996,2 25420  44.9984 162.9156 0003606  78.1346  84.2879 14.32164782911161
1 25420U 98046H   16018.92841828 +.00000238 +00000-0 +13920-3 0  9999,2 25420 044.9984 162.5971 0003602 078.5261 073.8890 14.32164699910082
1 25420U 98046H   16019.90557994  .00000246  00000-0  14239-3 0  9999,2 25420  44.9986 158.0077 0003567  84.5721  70.7511 14.32165570911311
1 25420U 98046H   16020.87985215 +.00000367 +00000-0 +18661-3 0  9995,2 25420 044.9987 153.4320 0003533 090.5438 052.7807 14.32167117910368
1 25420U 98046H   16021.41867976  .00000346  00000-0  17888-3 0  9996,2 25420  44.9988 150.9012 0003512  94.0327 310.0618 14.32167480911535
1 25420U 98046H   16021.85609650 +.00000366 +00000-0 +18644-3 0  9990,2 25420 044.9988 148.8468 0003517 096.7437 044.7633 14.32168021910508
1 25420U 98046H   16022.54602880  .00000388  00000-0  19436-3 0  9999,2 25420  44.9988 145.6064 0003508 101.2161   0.8824 14.32168825911699
1 25420U 98046H   16022.83238080 +.00000401 +00000-0 +19917-3 0  9998,2 25420 044.9988 144.2615 0003510 102.9699 036.9299 14.32169171910648
1 25420U 98046H   16023.66796447  .00000381  00000-0  19210-3 0  9999,2 25420  44.9988 140.3369 0003522 108.2630  23.9058 14.32169879911856
1 25420U 98046H   16024.78453072  .00000309  00000-0  16558-3 0  9999,2 25420  44.9989 135.0927 0003526 115.3116  19.2204 14.32170601912015
1 25420U 98046H   16024.85726088 +.00000308 +00000-0 +16490-3 0  9991,2 25420 044.9989 134.7511 0003527 115.7533 034.1240 14.32170675910934
1 25420U 98046H   16025.83409178  .00000262  00000-0  14819-3 0  9990,2 25420  44.9990 130.1632 0003547 121.8762  29.2232 14.32171411912166
1 25420U 98046H   16026.73712339 +.00000219 +00000-0 +13217-3 0  9999,2 25420 044.9991 125.9219 0003569 127.4888 003.9718 14.32172005911207
1 25420U 98046H   16027.50056505  .00000194  00000-0  12318-3 0  9994,2 25420  44.9992 122.3362 0003586 132.3376 339.0901 14.32172499912401
1 25420U 98046H   16027.71962219 +.00000200 +00000-0 +12529-3 0  9997,2 25420 044.9992 121.3073 0003592 133.5925 028.3449 14.32172696911345
1 25420U 98046H   16028.69594644  .00000182  00000-0  11866-3 0  9990,2 25420  44.9994 116.7219 0003617 139.5344  21.0165 14.32173284912571
1 25420U 98046H   16029.67182051 +.00000198 +00000-0 +12440-3 0  9990,2 25420 044.9995 112.1386 0003654 145.3216 011.5216 14.32173980911620
1 25420U 98046H   16030.20411512  .00000199  00000-0  12496-3 0  9990,2 25420  44.9995 109.6386 0003672 148.5495 235.3615 14.32174304912794
1 25420U 98046H   16030.71516794 +.00000217 +00000-0 +13137-3 0  9998,2 25420 044.9995 107.2384 0003701 151.4346 349.9201 14.32174714911772
1 25420U 98046H   16031.55071709  .00000230  00000-0  13625-3 0  9990,2 25420  44.9995 103.3141 0003738 156.2313 337.2312 14.32175335912984
1 25420U 98046H   16031.69213174 +.00000249 +00000-0 +14329-3 0  9991,2 25420 044.9995 102.6499 0003753 156.9153 346.3617 14.32175566911915
1 25420U 98046H   16032.60019245  .00000311  00000-0  16616-3 0  9997,2 25420  44.9994  98.3851 0003795 161.9292 347.6778 14.32176621913134
1 25420U 98046H   16033.64359282  .00000286  00000-0  15678-3 0  9998,2 25420  44.9994  93.4845 0003853 167.6140 326.7877 14.32177347913283
1 25420U 98046H   16034.55410513  .00000304  00000-0  16331-3 0  9992,2 25420  44.9992  89.2074 0004004 170.6488 342.8275 14.32213662913413
1 25420U 98046H   16034.69312041 +.00000278 +00000-0 +15389-3 0  9996,2 25420 044.9994 088.5545 0004001 171.2731 339.6536 14.32213890912343
1 25420U 98046H   16035.60269810  .00000063  00000-0  74858-4 0  9992,2 25420  44.9994  84.2822 0004059 175.8879 349.3219 14.32214343913565
1 25420U 98046H   16036.57850876 +.00000069 +00000-0 +76936-4 0  9992,2 25420 044.9994 079.6987 0004122 180.8646 340.4567 14.32215123912614
1 25420U 98046H   16037.11087178  .00000088  00000-0  83879-4 0  9995,2 25420  44.9995  77.1980 0004158 183.5737 205.2482 14.32215517913781
1 25420U 98046H   16037.62339646 +.00000147 +00000-0 +10585-3 0  9990,2 25420 044.9995 074.7905 0004167 186.3487 327.5926 14.32216644912764
1 25420U 98046H   16038.16040894  .00000147  00000-0  10559-3 0  9995,2 25420  44.9996  72.2680 0004201 189.0338 216.4061 14.32216967913936
1 25420U 98046H   16038.53071285 +.00000188 +00000-0 +12062-3 0  9990,2 25420 044.9996 070.5288 0004224 190.8036 325.7605 14.32217542912893
1 25420U 98046H   16039.50675463  .00000432  00000-0  21054-3 0  9999,2 25420  44.9997  65.9443 0004265 195.6622 318.2189 14.32219267914122
1 25420U 98046H   16039.57403494 +.00000423 +00000-0 +20708-3 0  9994,2 25420 044.9997 065.6283 0004269 195.9707 305.1417 14.32219284913040
1 25420U 98046H   16040.55010209  .00000405  00000-0  20036-3 0  9996,2 25420  44.9997  61.0436 0004319 200.6735 297.8890 14.32220110914279
1 25420U 98046H   16041.52614747 +.00000409 +00000-0 +20193-3 0  9999,2 25420 044.9997 056.4590 0004366 205.2722 290.6326 14.32221158913320
1 25420U 98046H   16042.13307830  .00000321  00000-0  16967-3 0  9996,2 25420  44.9998  53.6081 0004401 208.1126 180.1461 14.32221319914508
1 25420U 98046H   16042.57561435 +.00000377 +00000-0 +19040-3 0  9993,2 25420 044.9998 051.5295 0004416 210.1290 302.0484 14.32222150913472
1 25420U 98046H   16043.18273043  .00000365  00000-0  18590-3 0  9992,2 25420  44.9998  48.6778 0004452 212.8798 192.6110 14.32222798914655
1 25420U 98046H   16043.55189019 +.00000367 +00000-0 +18652-3 0  9993,2 25420 044.9998 046.9438 0004463 214.5260 296.1914 14.32223256913611
1 25420U 98046H   16044.46122023  .00000350  00000-0  18033-3 0  9991,2 25420  44.9999  42.6725 0004495 218.6317 305.1228 14.32224215914837
1 25420U 98046H   16044.52814162 +.00000350 +00000-0 +18012-3 0  9997,2 25420 044.9999 042.3582 0004496 218.9473 290.1875 14.32224292913758
1 25420U 98046H   16045.96952410 +.00000399 +00000-0 +19837-3 0  9994,2 25420 045.0000 035.5877 0004546 225.4331 162.6598 14.32226171913962
1 25420U 98046H   16046.04292762  .00000401  00000-0  19906-3 0  9992,2 25420  45.0001  35.2429 0004544 225.7557 181.1722 14.32226274915066
1 25420U 98046H   16046.94950322 +.00000375 +00000-0 +18939-3 0  9999,2 25420 045.0002 030.9845 0004584 229.6911 176.0676 14.32227112914109
1 25420U 98046H   16047.08824237  .00000371  00000-0  18792-3 0  9993,2 25420  45.0002  30.3328 0004599 230.2015 171.5894 14.32227252915218
1 25420U 98046H   16047.86300616 +.00000491 +00000-0 +23225-3 0  9999,2 25420 045.0003 026.6937 0004620 233.6034 206.7420 14.32228743914239
1 25420U 98046H   16048.36545484  .00000548  00000-0  25314-3 0  9993,2 25420  45.0003  24.3337 0004613 235.7749 277.7099 14.32229699915395
1 25420U 98046H   16048.91232189 +.00000447 +00000-0 +21577-3 0  9994,2 25420 045.0004 021.7649 0004624 238.1178 217.7482 14.32229697914384
1 25420U 98046H   16049.81549348  .00000484  00000-0  22944-3 0  9992,2 25420  45.0004  17.5228 0004629 241.9401 195.1999 14.32230939915605
1 25420U 98046H   16049.94556819 +.00000407 +00000-0 +20111-3 0  9996,2 25420 045.0004 016.9118 0004625 242.4734 145.9825 14.32230642914530
1 25420U 98046H   16050.24476749 +.00000390 +00000-0 +19502-3 0  9997,2 25420 045.0004 015.5064 0004646 243.5987 249.0273 14.32230904914578
1 25420U 98046H   16051.13965473  .00000328  00000-0  17224-3 0  9993,2 25420  45.0005  11.3031 0004668 247.1915 183.9567 14.32231588915798
1 25420U 98046H   16051.89982432 +.00000281 +00000-0 +15487-3 0  9997,2 25420 045.0006 007.7326 0004684 250.4192 143.9729 14.32232122914810
1 25420U 98046H   16052.34395741  .00000241  00000-0  14027-3 0  9994,2 25420  45.0005   5.6465 0004678 252.0461 274.5229 14.32232361915968
1 25420U 98046H   16052.87592800 +.00000221 +00000-0 +13267-3 0  9990,2 25420 045.0005 003.1477 0004690 254.1778 137.8993 14.32232761914953
1 25420U 98046H   16053.79336762  .00000202  00000-0  12582-3 0  9993,2 25420  45.0006 358.8385 0004690 257.9698 189.0285 14.32233491916174
1 25420U 98046H   16053.86648339 +.00000204 +00000-0 +12651-3 0  9996,2 25420 045.0006 358.4951 0004689 258.2622 206.0882 14.32233575915094
1 25420U 98046H   16054.84269301  .00000232  00000-0  13678-3 0  9994,2 25420  45.0006 353.9098 0004667 262.3783 200.2098 14.32234552916324
1 25420U 98046H   16055.88982387 +.00000264 +00000-0 +14873-3 0  9998,2 25420 045.0007 348.9913 0004647 266.6172 200.2390 14.32235610915388
1 25420U 98046H   16055.88982387 +.00000264 +00000-0 +14873-3 0  9998,2 25420 045.0007 348.9913 0004647 266.6172 200.2390 14.32235610915388
1 25420U 98046H   16056.17524539  .00000283  00000-0  15566-3 0  9993,2 25420  45.0006 347.6507 0004634 267.8451 232.0791 14.32235939916519
1 25420U 98046H   16056.86605191 +.00000296 +00000-0 +16021-3 0  9994,2 25420 045.0006 344.4059 0004627 270.6204 194.5752 14.32236546915520
1 25420U 98046H   16057.22440481  .00000304  00000-0  16320-3 0  9996,2 25420  45.0006 342.7227 0004608 272.0425 242.6228 14.32236862916668
1 25420U 98046H   16057.91431439 +.00000307 +00000-0 +16445-3 0  9996,2 25420 045.0006 339.4821 0004577 274.9220 200.3877 14.32237442915676
1 25420U 98046H   16058.26728043  .00000307  00000-0  16446-3 0  9996,2 25420  45.0006 337.8243 0004577 276.3752 220.6028 14.32237687916813
1 25420U 98046H   16058.89024810 +.00000257 +00000-0 +14610-3 0  9991,2 25420 045.0005 334.8981 0004551 278.8831 193.2512 14.32237927915814
1 25420U 98046H   16059.86598370  .00000228  00000-0  13547-3 0  9992,2 25420  45.0004 330.3150 0004516 282.8345 185.1042 14.32238520917043
1 25420U 98046H   16060.83076841 +.00000141 +00000-0 +10335-3 0  9991,2 25420 045.0003 325.7833 0004471 286.5277 120.6992 14.32238737916095
1 25420U 98046H   16061.20261480  .00000117  00000-0  94679-4 0  9995,2 25420  45.0003 324.0369 0004451 288.2263 238.1136 14.32238875917238
1 25420U 98046H   16061.87657950 +.00000106 +00000-0 +90684-4 0  9999,2 25420 045.0002 320.8712 0004421 290.9532 113.7439 14.32239253916244
1 25420U 98046H   16062.50650001  .00000130  00000-0  99312-4 0  9994,2 25420  45.0001 317.9124 0004400 293.6214 122.1202 14.32239757917423
1 25420U 98046H   16062.86866448 +.00000120 +00000-0 +95693-4 0  9994,2 25420 045.0000 316.2112 0004382 295.0461 189.8403 14.32239872916385
1 25420U 98046H   16063.76385208  .00000138  00000-0  10240-3 0  9997,2 25420  44.9999 312.0063 0004333 298.7103 126.2765 14.32240432917604
1 25420U 98046H   16063.84480350 +.00000138 +00000-0 +10225-3 0  9993,2 25420 044.9999 311.6261 0004328 299.0293 183.7511 14.32240473916529
1 25420U 98046H   16064.80552693  .00000174  00000-0  11572-3 0  9996,2 25420  44.9997 307.1133 0004268 302.9018  98.2140 14.32241123917754
1 25420U 98046H   16065.85503242  .00000223  00000-0  13373-3 0  9994,2 25420  44.9995 302.1834 0004187 307.0570 110.6053 14.32241922917900
1 25420U 98046H   16065.92856944 +.00000193 +00000-0 +12235-3 0  9994,2 25420 044.9995 301.8380 0004187 307.3726 129.8176 14.32241789916827
1 25420U 98046H   16066.77268545 +.00000248 +00000-0 +14283-3 0  9998,2 25420 044.9993 297.8729 0004131 310.7925 162.9225 14.32242607916940
1 25420U 98046H   16067.12589028  .00000279  00000-0  15412-3 0  9999,2 25420  44.9992 296.2138 0004108 312.3378 184.2861 14.32243052918085
1 25420U 98046H   16067.74852376 +.00000327 +00000-0 +17194-3 0  9999,2 25420 044.9992 293.2889 0004056 314.8386 155.2328 14.32243946917080
1 25420U 98046H   16068.03593020  .00000306  00000-0  16408-3 0  9994,2 25420  45.0000 291.9381 0003997 314.6880 198.7342 14.32268154918216
1 25420U 98046H   16068.72421512 +.00000299 +00000-0 +16145-3 0  9995,2 25420 044.9991 288.7055 0003925 319.9283 145.8263 14.32267402917221
1 25420U 98046H   16069.08507352  .00000106  00000-0  90339-4 0  9997,2 25420  44.9989 287.0103 0003853 321.5103 206.6861 14.32267629918361
1 25420U 98046H   16069.91520323 +.00000219 +00000-0 +13186-3 0  9991,2 25420 044.9989 283.1107 0003776 324.8610 167.7545 14.32268399917398
1 25420U 98046H   16070.12811001  .00000281  00000-0  15488-3 0  9998,2 25420  44.9989 282.1107 0003763 325.8912 185.5676 14.32268762918511
1 25420U 98046H   16070.96481640 +.00000259 +00000-0 +14683-3 0  9993,2 25420 044.9988 278.1803 0003689 329.4347 180.3891 14.32269532917547
1 25420U 98046H   16071.57320821  .00000283  00000-0  15550-3 0  9995,2 25420  44.9987 275.3223 0003624 331.8376  77.9878 14.32270216918727
1 25420U 98046H   16071.94040519 +.00000345 +00000-0 +17834-3 0  9995,2 25420 044.9987 273.5972 0003598 333.3161 171.6696 14.32270947917682
1 25420U 98046H   16072.84406727  .00000316  00000-0  16749-3 0  9994,2 25420  44.9986 269.3521 0003518 337.2801 151.6445 14.32271615918909
1 25420U 98046H   16072.90835036 +.00000296 +00000-0 +16021-3 0  9990,2 25420 044.9986 269.0502 0003513 337.5125 123.1868 14.32271554917827
1 25420U 98046H   16073.89465328  .00000304  00000-0  16326-3 0  9990,2 25420  44.9985 264.4168 0003434 341.9336 169.2292 14.32272390919056
1 25420U 98046H   16074.93407065 +.00000312 +00000-0 +16629-3 0  9995,2 25420 044.9984 259.5339 0003347 346.7035 129.0580 14.32273226918111
1 25420U 98046H   16075.00847860  .00000312  00000-0  16609-3 0  9993,2 25420  44.9984 259.1844 0003339 347.0310 152.7620 14.32273291919211
1 25420U 98046H   16075.91808626 +.00000341 +00000-0 +17684-3 0  9996,2 25420 044.9983 254.9113 0003257 351.2679 163.1594 14.32274254918255
1 25420U 98046H   16076.52597506  .00000390  00000-0  19495-3 0  9992,2 25420  44.9984 252.0555 0003192 353.9605  57.8833 14.32275142919434
1 25420U 98046H   16076.88629808 +.00000340 +00000-0 +17642-3 0  9999,2 25420 044.9984 250.3629 0003140 355.5868 115.9447 14.32275226918393
1 25420U 98046H   16077.86239133  .00000314  00000-0  16696-3 0  9995,2 25420  44.9985 245.7776 0003047   0.2582 109.0576 14.32276100919624
1 25420U 98046H   16077.94336102 +.00000313 +00000-0 +16659-3 0  9996,2 25420 044.9985 245.3972 0003041 000.6653 166.5490 14.32276181918547
1 25420U 98046H   16078.91933530 +.00000303 +00000-0 +16272-3 0  9992,2 25420 044.9986 240.8125 0002936 005.3099 159.0784 14.32277170918683
1 25420U 98046H   16078.98619775  .00000303  00000-0  16290-3 0  9991,2 25420  44.9986 240.4984 0002939   5.7183 143.7588 14.32277238919782
1 25420U 98046H   16079.88904433 +.00000293 +00000-0 +15934-3 0  9991,2 25420 044.9986 236.2571 0002847 010.1361 119.0929 14.32278118918820
1 25420U 98046H   16080.51288616  .00000298  00000-0  16095-3 0  9995,2 25420  44.9987 233.3265 0002790  13.3171  95.6719 14.32278732920001
1 25420U 98046H   16080.58552475 +.00000296 +00000-0 +16028-3 0  9993,2 25420 044.9987 232.9853 0002778 013.6382 110.2518 14.32278802918929
1 25420U 98046H   16081.56172286 +.00000292 +00000-0 +15878-3 0  9998,2 25420 044.9987 228.3995 0002689 018.7040 103.5234 14.32279697920154
1 25420U 98046H   16082.82355655  .00000271  00000-0  15116-3 0  9993,2 25420  44.9987 222.4719 0002584  25.5487 129.2372 14.32280616920339
1 25420U 98046H   16084.20228961  .00000293  00000-0  15927-3 0  9990,2 25420  44.9987 215.9951 0002458  32.9676  37.7212 14.32281791920539
1 25420U 98046H   16084.54796307 +.00000254 +00000-0 +14487-3 0  9998,2 25420 044.9987 214.3712 0002415 034.8881 019.8872 14.32281815919492
1 25420U 98046H   16085.52410529  .00000217  00000-0  13136-3 0  9995,2 25420  44.9987 209.7857 0002329  40.6172  12.2171 14.32282366920721
