1 25477U 98053C   15001.23419080  .00000520  00000-0  24560-3 0  9991,2 25477 045.0078 241.6941 0001829 000.2311 084.1465 14.31611831849687
1 25477U 98053C   15002.69148317  .00000410  00000-0  20470-3 0  9998,2 25477 045.0077 234.8569 0001698 010.5713 031.6431 14.31614419849898
1 25477U 98053C   15003.81056542  .00000504  00000-0  23972-3 0  9995,2 25477 045.0077 229.6065 0001622 018.5941 036.7237 14.31615360850055
1 25477U 98053C   15004.86048603  .00000631  00000-0  28687-3 0  9999,2 25477 045.0077 224.6805 0001548 026.2915 045.3448 14.31616949850207
1 25477U 98053C   15005.90989340  .00000774  00000-0  34043-3 0  9998,2 25477 045.0077 219.7570 0001489 034.1209 051.1974 14.31616838850351
1 25477U 98053C   15007.57408578  .00000825  00000-0  35931-3 0  9996,2 25477 045.0077 211.9489 0001399 047.2597 343.2941 14.31620753850595
1 25477U 98053C   15008.92238190  .00000886  00000-0  38178-3 0  9990,2 25477 045.0077 205.6229 0001353 058.9802 087.1749 14.31624599850788
1 25477U 98053C   15009.97117677  .00000718  00000-0  31920-3 0  9994,2 25477 045.0078 200.7022 0001327 069.1045 087.5897 14.31627259850931
1 25477U 98053C   15011.63883030  .00000688  00000-0  30819-3 0  9995,2 25477 045.0080 192.8777 0001312 084.4129 035.4195 14.31631604851178
1 25477U 98053C   15012.90071803  .00000598  00000-0  27449-3 0  9998,2 25477 045.0081 186.9571 0001328 095.4072 054.3067 14.31634641851353
1 25477U 98053C   15013.94454178  .00000755  00000-0  33314-3 0  9996,2 25477 045.0083 182.0596 0001350 104.2262 030.4247 14.31636743851501
1 25477U 98053C   15015.53282223  .00000837  00000-0  36362-3 0  9990,2 25477 045.0086 174.6075 0001414 117.5777 290.8027 14.31639800851732
1 25477U 98053C   15016.88053382  .00000747  00000-0  33022-3 0  9991,2 25477 045.0087 168.2842 0001476 128.3736 032.6865 14.31642328851929
1 25477U 98053C   15017.98268675  .00000821  00000-0  35745-3 0  9993,2 25477 045.0089 163.1130 0001529 136.5191 310.4199 14.31644428852088
1 25477U 98053C   15019.44054841  .00000762  00000-0  33554-3 0  9994,2 25477 045.0090 156.2729 0001630 146.2263 261.6643 14.31647773852298
1 25477U 98053C   15020.78710912  .00000418  00000-0  20768-3 0  9992,2 25477 045.0091 149.9551 0001720 155.0819 359.5844 14.31650514852484
1 25477U 98053C   15022.36952238  .00000615  00000-0  28090-3 0  9992,2 25477 045.0092 142.5306 0001830 163.4570 234.7435 14.31654034852718
1 25477U 98053C   15023.48873832  .00000523  00000-0  24670-3 0  9996,2 25477 045.0093 137.2795 0001915 170.0005 242.1510 14.31654702852879
1 25477U 98053C   15024.53865266  .00000571  00000-0  26438-3 0  9992,2 25477 045.0094 132.3534 0001997 175.2555 253.3311 14.31654183853028
1 25477U 98053C   15025.81153600  .00000468  00000-0  22626-3 0  9996,2 25477 045.0094 126.3812 0002089 181.8040 333.4969 14.31655164853204
1 25477U 98053C   15027.12065166  .00000491  00000-0  23478-3 0  9993,2 25477 045.0095 120.2389 0002187 187.7068 241.2306 14.31657881853390
1 25477U 98053C   15028.37141722  .00000379  00000-0  19292-3 0  9998,2 25477 045.0095 114.3704 0002275 192.8844 208.6725 14.31660952853577
1 25477U 98053C   15029.57574209  .00000586  00000-0  27002-3 0  9999,2 25477 045.0094 108.7199 0002327 198.4792 296.1255 14.31663134853747
1 25477U 98053C   15030.69278854  .00000531  00000-0  24942-3 0  9991,2 25477 045.0095 103.4788 0002383 203.2539 294.1482 14.31665883853901
1 25477U 98053C   15032.20844920  .00000741  00000-0  32751-3 0  9993,2 25477 045.0095 096.3672 0002454 209.7816 186.8712 14.31670862854122
1 25477U 98053C   15033.62328200  .00000955  00000-0  40703-3 0  9991,2 25477 045.0095 089.7288 0002494 215.8512 279.9086 14.31675272854326
1 25477U 98053C   15035.21133253  .00001031  00000-0  43534-3 0  9991,2 25477 045.0096 082.2774 0002538 222.0702 186.4484 14.31679863854554
1 25477U 98053C   15036.25711282  .00001215  00000-0  50360-3 0  9999,2 25477 045.0097 077.3704 0002560 225.8109 177.9046 14.31683511854701
1 25477U 98053C   15037.30678447  .00000999  00000-0  42348-3 0  9996,2 25477 045.0097 072.4451 0002587 229.4008 189.6000 14.31688319854850
1 25477U 98053C   15038.43793350  .00001124  00000-0  46992-3 0  9992,2 25477 045.0098 067.1375 0002587 234.1384 260.5099 14.31692006855011
1 25477U 98053C   15039.48790103  .00001018  00000-0  43034-3 0  9997,2 25477 045.0099 062.2108 0002596 237.7471 273.7460 14.31697343855161
1 25477U 98053C   15040.53160110  .00001032  00000-0  43559-3 0  9992,2 25477 045.0100 057.3134 0002591 241.7784 254.2452 14.31700211855316
1 25477U 98053C   15042.18893878  .00001251  00000-0  51685-3 0  9991,2 25477 045.0102 049.5367 0002568 247.7712 158.6175 14.31704877855557
1 25477U 98053C   15043.46793938  .00001111  00000-0  46483-3 0  9994,2 25477 045.0103 043.5353 0002519 253.1678 271.7280 14.31706991855738
1 25477U 98053C   15044.51213152  .00001052  00000-0  44300-3 0  9996,2 25477 045.0104 038.6357 0002509 256.1927 255.8139 14.31709780855888
1 25477U 98053C   15048.88317591  .00000844  00000-0  36564-3 0  9993,2 25477 045.0107 018.1253 0002361 271.0181 111.8275 14.31722929856516
1 25477U 98053C   15049.92814756  .00000867  00000-0  37411-3 0  9991,2 25477 045.0107 013.2219 0002280 275.2079 098.8309 14.31724361856666
1 25477U 98053C   15051.19804060  .00000979  00000-0  41558-3 0  9991,2 25477 045.0107 007.2633 0002191 280.2264 165.4274 14.31725888856849
1 25477U 98053C   15052.26064573  .00001102  00000-0  46139-3 0  9996,2 25477 045.0106 002.2774 0002141 283.7021 244.1333 14.31728285856994
1 25477U 98053C   15053.30670110  .00000980  00000-0  41592-3 0  9993,2 25477 045.0105 357.3690 0002069 287.3326 237.3062 14.31731116857149
1 25477U 98053C   15054.35134272  .00001071  00000-0  44959-3 0  9995,2 25477 045.0104 352.4673 0001995 291.1381 223.0196 14.31733584857293
1 25477U 98053C   15056.23546198  .00000734  00000-0  32473-3 0  9991,2 25477 045.0104 343.6255 0001853 299.5444 215.1946 14.31739018857569
1 25477U 98053C   15057.90210402  .00000790  00000-0  34533-3 0  9993,2 25477 045.0110 335.7970 0002028 311.4127 161.9228 14.31740137857801
1 25477U 98053C   15059.16482829  .00000769  00000-0  33740-3 0  9992,2 25477 045.0109 329.8719 0001926 316.2205 191.8080 14.31742259857984
1 25477U 98053C   15060.83091892  .00000691  00000-0  30875-3 0  9994,2 25477 045.0107 322.0537 0001806 322.0772 141.7233 14.31744810858223
1 25477U 98053C   15060.83091892  .00000691  00000-0  30875-3 0  9994,2 25477 045.0107 322.0537 0001806 322.0772 141.7233 14.31744810858223
1 25477U 98053C   15063.04369159  .00000805  00000-0  35103-3 0  9990,2 25477 045.0092 311.6652 0001612 337.4433 022.6320 14.31749264858533
1 25477U 98053C   15064.12087203  .00000808  00000-0  35184-3 0  9999,2 25477 045.0104 306.6153 0001524 335.1817 182.3512 14.31751165858697
1 25477U 98053C   15065.78829815  .00000715  00000-0  31750-3 0  9997,2 25477 045.0102 298.7906 0001360 342.8269 137.4222 14.31753628858938
1 25477U 98053C   15067.45326025  .00000848  00000-0  36664-3 0  9994,2 25477 045.0098 290.9776 0001174 349.3257 080.9545 14.31757794859178
1 25477U 98053C   15068.50086771  .00000965  00000-0  41019-3 0  9992,2 25477 045.0096 286.0615 0001075 354.6178 080.5896 14.31760698859324
1 25477U 98053C   15069.69298874  .00000829  00000-0  35969-3 0  9998,2 25477 045.0093 280.4671 0000947 001.3733 104.3587 14.31762507859492
1 25477U 98053C   15071.02999047  .00000790  00000-0  34528-3 0  9995,2 25477 045.0091 274.1928 0000832 010.0350 153.7164 14.31764989859686
1 25477U 98053C   15072.48017325  .00000828  00000-0  35941-3 0  9998,2 25477 045.0089 267.3871 0000675 019.5567 066.1666 14.31768003859891
1 25477U 98053C   15073.51532981  .00000814  00000-0  35424-3 0  9994,2 25477 045.0089 262.5290 0000581 027.8314 358.6132 14.31769705860047
1 25477U 98053C   15074.86204672  .00000834  00000-0  36146-3 0  9990,2 25477 045.0089 256.2088 0000455 043.3600 091.2614 14.31772094860234
1 25477U 98053C   15075.91187859  .00000763  00000-0  33527-3 0  9995,2 25477 045.0089 251.2819 0000388 059.9688 091.1045 14.31773509860380
1 25477U 98053C   15077.50701752  .00001245  00000-0  51389-3 0  9998,2 25477 045.0090 243.7960 0000338 087.1180 013.8734 14.31780185860610
1 25477U 98053C   15078.84119361  .00001113  00000-0  46480-3 0  9995,2 25477 045.0090 237.5349 0000353 117.0405 027.4763 14.31782910860804
1 25477U 98053C   15080.50919690  .00000577  00000-0  26601-3 0  9990,2 25477 045.0088 229.7063 0000566 149.4610 320.9388 14.31785258861049
1 25477U 98053C   15081.84422867  .00000855  00000-0  36934-3 0  9992,2 25477 045.0090 223.4412 0000582 166.5144 351.8555 14.31788731861230
1 25477U 98053C   15083.79740154  .00000851  00000-0  36753-3 0  9995,2 25477 045.0091 214.2750 0000724 181.2357 334.3678 14.31792719861516
1 25477U 98053C   15085.17644872  .00001026  00000-0  43235-3 0  9997,2 25477 045.0093 207.8033 0000829 188.8125 241.8839 14.31796027861711
1 25477U 98053C   15086.22407694  .00001097  00000-0  45885-3 0  9994,2 25477 045.0093 202.8868 0000917 195.1730 240.6960 14.31798495861862
1 25477U 98053C   15087.41580434  .00001061  00000-0  44526-3 0  9992,2 25477 045.0093 197.2941 0001021 201.0461 263.4762 14.31800818862032
1 25477U 98053C   15088.45069358  .00000980  00000-0  41556-3 0  9993,2 25477 045.0093 192.4375 0001105 206.2154 197.7749 14.31802880862180
1 25477U 98053C   15090.13035376  .00000980  00000-0  41522-3 0  9997,2 25477 045.0093 184.5548 0001236 212.8413 217.2992 14.31806548862420
1 25477U 98053C   15090.13035376  .00000980  00000-0  41522-3 0  9997,2 25477 045.0093 184.5548 0001236 212.8413 217.2992 14.31806548862420
1 25477U 98053C   15091.39638753  .00001060  00000-0  44488-3 0  9998,2 25477 045.0091 178.6130 0001337 217.1051 265.1138 14.31809967862609
1 25477U 98053C   15092.58500875  .00001151  00000-0  47870-3 0  9992,2 25477 045.0091 173.0348 0001434 222.8404 272.0614 14.31813307862779
1 25477U 98053C   15093.63542598  .00001200  00000-0  49667-3 0  9998,2 25477 045.0091 168.1051 0001501 227.2639 287.2712 14.31816264862928
1 25477U 98053C   15094.67848780  .00001149  00000-0  47786-3 0  9997,2 25477 045.0090 163.2099 0001576 231.1759 265.0522 14.31818750863076
1 25477U 98053C   15095.28006315  .00001612  00000-0  64958-3 0  9990,2 25477 045.0090 160.3864 0001602 233.8361 126.2431 14.31822668863151
1 25477U 98053C   15096.48274635  .00001018  00000-0  42910-3 0  9999,2 25477 045.0090 154.7426 0001696 237.5253 207.8514 14.31827649863338
1 25477U 98053C   15098.14673556  .00000881  00000-0  37845-3 0  9997,2 25477 045.0088 146.9327 0001792 242.7596 148.0676 14.31831136863570
1 25477U 98053C   15099.49478469  .00000722  00000-0  31952-3 0  9999,2 25477 045.0088 140.6060 0001849 247.3458 258.8335 14.31833309863763
1 25477U 98053C   15100.54346825  .00000771  00000-0  33775-3 0  9997,2 25477 045.0087 135.6840 0001887 250.9404 266.0039 14.31835738863912
1 25477U 98053C   15101.58731516  .00000849  00000-0  36665-3 0  9994,2 25477 045.0086 130.7848 0001915 254.7612 247.9998 14.31838163864064
1 25477U 98053C   15103.10292434  .00000864  00000-0  37219-3 0  9998,2 25477 045.0085 123.6711 0001949 259.6200 143.0676 14.31841036864283
1 25477U 98053C   15104.44213072  .00000844  00000-0  36456-3 0  9997,2 25477 045.0086 117.3856 0001951 264.2176 208.2463 14.31843699864477
1 25477U 98053C   15105.49949546  .00001067  00000-0  44719-3 0  9994,2 25477 045.0087 112.4228 0001955 267.7057 260.3550 14.31847312864626
1 25477U 98053C   15107.44562435  .00001151  00000-0  47847-3 0  9998,2 25477 045.0089 103.2885 0001943 274.1774 215.1939 14.31852782864907
1 25477U 98053C   15109.17645479  .00001329  00000-0  54413-3 0  9994,2 25477 045.0092 095.1648 0001917 279.8807 139.9704 14.31858273865159
1 25477U 98053C   15110.44824668  .00001425  00000-0  57971-3 0  9994,2 25477 045.0093 089.1957 0001885 284.1008 217.7736 14.31862397865334
1 25477U 98053C   15111.88989675  .00001989  00000-0  78827-3 0  9991,2 25477 045.0094 082.4291 0001834 288.9935 091.3488 14.31870284865544
1 25477U 98053C   15113.15591111  .00001987  00000-0  78754-3 0  9994,2 25477 045.0095 076.4869 0001782 292.4723 140.1322 14.31874745865722
1 25477U 98053C   15114.42707355  .00001907  00000-0  75799-3 0  9992,2 25477 045.0091 070.5206 0001733 295.5726 215.8797 14.31879315865905
1 25477U 98053C   15115.81025606  .00001359  00000-0  55513-3 0  9991,2 25477 045.0094 064.0284 0001653 299.7159 148.6056 14.31883103866103
1 25477U 98053C   15117.21580080  .00001173  00000-0  48625-3 0  9999,2 25477 045.0103 057.4313 0001541 304.7206 195.8657 14.31885532866300
1 25477U 98053C   15118.79827646  .00001055  00000-0  44234-3 0  9996,2 25477 045.0105 050.0038 0001444 308.5689 077.2311 14.31889932866537
1 25477U 98053C   15120.21870222  .00000900  00000-0  38520-3 0  9993,2 25477 045.0106 043.3370 0001322 313.1998 201.6890 14.31892845866736
1 25477U 98053C   15120.21870222  .00000900  00000-0  38520-3 0  9993,2 25477 045.0106 043.3370 0001322 313.1998 201.6890 14.31892845866736
1 25477U 98053C   15121.26176131  .00000825  00000-0  35731-3 0  9994,2 25477 045.0106 038.4413 0001239 316.7752 180.0813 14.31894900866888
1 25477U 98053C   15123.22147247  .00000738  00000-0  32489-3 0  9998,2 25477 045.0107 029.2432 0001073 323.3956 205.1829 14.31898725867161
1 25477U 98053C   15124.26443250  .00000692  00000-0  30821-3 0  9993,2 25477 045.0108 024.3479 0000978 327.1263 182.9289 14.31900563867318
1 25477U 98053C   15125.50204806  .00000608  00000-0  27685-3 0  9994,2 25477 045.0108 018.5392 0000886 331.8048 084.1203 14.31902370867494
1 25477U 98053C   15126.75906567  .00000769  00000-0  33667-3 0  9990,2 25477 045.0110 012.6391 0000759 335.7886 086.1268 14.31905339867674
1 25477U 98053C   15128.16998671  .00000694  00000-0  30874-3 0  9998,2 25477 045.0111 006.0167 0000638 340.3212 161.7032 14.31906783867879
1 25477U 98053C   15129.20642515  .00000629  00000-0  28464-3 0  9997,2 25477 045.0109 001.1519 0000514 342.3450 107.5306 14.31907795868026
1 25477U 98053C   15130.80417631  .00000672  00000-0  30051-3 0  9997,2 25477 045.0107 353.6524 0000325 346.5768 067.4470 14.31910463868250
1 25477U 98053C   15132.07159833  .00001060  00000-0  44395-3 0  9993,2 25477 045.0106 347.7034 0000200 350.6963 123.0439 14.31914877868431
1 25477U 98053C   15133.45885955  .00001100  00000-0  45885-3 0  9997,2 25477 045.0105 341.1917 0000059 344.9148 086.9128 14.31918155868638
1 25477U 98053C   15134.72534684  .00001252  00000-0  51504-3 0  9991,2 25477 045.0105 335.2467 0000056 201.9904 284.7647 14.31922135868818
1 25477U 98053C   15136.18653098  .00001109  00000-0  46216-3 0  9999,2 25477 045.0104 328.3879 0000216 189.3301 276.9827 14.31925097869022
1 25477U 98053C   15137.49570669  .00001040  00000-0  43675-3 0  9996,2 25477 045.0103 322.2426 0000360 189.3737 192.1629 14.31927904869214
1 25477U 98053C   15138.63018296  .00000845  00000-0  36434-3 0  9993,2 25477 045.0103 316.9173 0000502 193.2031 282.1351 14.31929485869377
1 25477U 98053C   15140.49858955  .00000721  00000-0  31861-3 0  9996,2 25477 045.0102 308.1469 0000712 198.7526 197.4277 14.31932956869641
1 25477U 98053C   15141.54387950  .00000589  00000-0  26974-3 0  9996,2 25477 045.0102 303.2402 0000819 201.7189 188.0877 14.31934188869799
1 25477U 98053C   15142.82403313  .00000435  00000-0  21271-3 0  9995,2 25477 045.0102 297.2311 0000935 205.3124 310.0085 14.31935513869979
1 25477U 98053C   15143.93979331  .00000320  00000-0  17039-3 0  9996,2 25477 045.0101 291.9935 0001017 208.5228 304.0553 14.31936358870134
1 25477U 98053C   15144.97353166  .00000248  00000-0  14363-3 0  9999,2 25477 045.0101 287.1410 0001095 211.7352 234.8741 14.31936986870281
1 25477U 98053C   15146.49909060  .00000180  00000-0  11844-3 0  9994,2 25477 045.0101 279.9799 0001247 215.9171 182.4954 14.31937823870504
1 25477U 98053C   15147.77667197  .00000149  00000-0  10698-3 0  9999,2 25477 045.0100 273.9831 0001350 220.1232 290.5422 14.31938346870686
1 25477U 98053C   15149.42734581  .00000110  00000-0  92546-4 0  9996,2 25477 045.0099 266.2349 0001499 225.0239 163.0385 14.31939078870929
1 25477U 98053C   15150.47716956  .00000094  00000-0  86598-4 0  9990,2 25477 045.0098 261.3070 0001565 228.0203 177.0852 14.31939655871075
1 25477U 98053C   15151.82320144  .00000206  00000-0  12820-3 0  9991,2 25477 045.0097 254.9890 0001673 232.9321 277.6428 14.31941268871267
1 25477U 98053C   15153.48035146  .00000233  00000-0  13813-3 0  9993,2 25477 045.0096 247.2100 0001797 238.4687 182.9419 14.31942775871507
1 25477U 98053C   15154.75185734  .00000346  00000-0  17968-3 0  9993,2 25477 045.0096 241.2415 0001870 242.0463 260.2966 14.31944474871689
1 25477U 98053C   15156.19342873  .00000436  00000-0  21308-3 0  9995,2 25477 045.0095 234.4748 0001957 246.9387 133.8772 14.31946323871893
1 25477U 98053C   15157.45942862  .00000532  00000-0  24840-3 0  9990,2 25477 045.0092 228.5320 0002017 250.8173 182.5338 14.31948144872078
1 25477U 98053C   15158.65756512  .00000536  00000-0  25001-3 0  9992,2 25477 045.0090 222.9080 0002073 254.7266 240.9931 14.31949603872243
1 25477U 98053C   15159.63425816 +.00000681 +00000-0 +30369-3 0  9995,2 25477 045.0088 218.3232 0002110 257.9204 237.5301 14.31951765872107
1 25477U 98053C   15160.17233987  .00000709  00000-0  31400-3 0  9990,2 25477 045.0087 215.7973 0002137 259.5725 132.3799 14.31952762872464
1 25477U 98053C   15160.60997748 +.00000647 +00000-0 +29119-3 0  9995,2 25477 045.0087 213.7430 0002144 261.0718 229.0880 14.31952908872241
1 25477U 98053C   15161.51907815  .00000661  00000-0  29606-3 0  9999,2 25477 045.0085 209.4754 0002178 263.9814 237.1409 14.31954264872654
1 25477U 98053C   15161.66094644 +.00000646 +00000-0 +29075-3 0  9995,2 25477 045.0085 208.8094 0002181 264.4440 248.7194 14.31954386872394
1 25477U 98053C   15162.56894406 +.00000696 +00000-0 +30899-3 0  9990,2 25477 045.0084 204.5470 0002207 267.4696 250.9705 14.31955981872800
1 25477U 98053C   15163.61258912  .00000777  00000-0  33916-3 0  9996,2 25477 045.0083 199.6477 0002224 270.9064 232.7571 14.31957895872958
1 25477U 98053C   15164.58033387 +.00000764 +00000-0 +33444-3 0  9992,2 25477 045.0083 195.1048 0002235 274.0673 183.1782 14.31959216872813
1 25477U 98053C   15165.12763978  .00000748  00000-0  32819-3 0  9996,2 25477 045.0083 192.5355 0002239 275.7337 125.6244 14.31959986873172
1 25477U 98053C   15165.56493939 +.00000716 +00000-0 +31654-3 0  9992,2 25477 045.0083 190.4827 0002238 277.2987 220.5376 14.31960509872959
1 25477U 98053C   15166.40114190 +.00000619 +00000-0 +28075-3 0  9990,2 25477 045.0082 186.5572 0002237 280.0291 212.6382 14.31961293873074
1 25477U 98053C   15167.49171398  .00000890  00000-0  38069-3 0  9998,2 25477 045.0103 181.4343 0002003 281.9501 078.1116 14.31964172873500
1 25477U 98053C   15168.48726949 +.00000463 +00000-0 +22283-3 0  9993,2 25477 045.0082 176.7643 0002211 287.4050 169.7623 14.31963769873373
1 25477U 98053C   15169.10597120  .00000464  00000-0  22319-3 0  9991,2 25477 045.0082 173.8598 0002202 289.3880 120.3091 14.31964766873743
1 25477U 98053C   15169.47685638 +.00000401 +00000-0 +19990-3 0  9995,2 25477 045.0082 172.1188 0002189 290.9255 232.5562 14.31964946873512
1 25477U 98053C   15170.16023692  .00000354  00000-0  18258-3 0  9992,2 25477 045.0082 168.9107 0002177 293.0548 156.7045 14.31965664873894
1 25477U 98053C   15171.42924325  .00000376  00000-0  19085-3 0  9998,2 25477 045.0082 162.9535 0002137 297.4938 220.4059 14.31967387874079
1 25477U 98053C   15173.15411438  .00000378  00000-0  19155-3 0  9996,2 25477 045.0083 154.8561 0002069 303.5540 114.7822 14.31969255874328
1 25477U 98053C   15174.42521475  .00000503  00000-0  23775-3 0  9993,2 25477 045.0084 148.8891 0001990 309.0183 188.2823 14.31971476874509
1 25477U 98053C   15176.08316678  .00000571  00000-0  26286-3 0  9999,2 25477 045.0086 141.1060 0001887 315.0096 097.4479 14.31974065874741
1 25477U 98053C   15177.13285638  .00000423  00000-0  20813-3 0  9993,2 25477 045.0088 136.1784 0001813 318.9650 109.9770 14.31974831874897
1 25477U 98053C   15178.19071944  .00000354  00000-0  18277-3 0  9997,2 25477 045.0091 131.2124 0001733 323.0830 164.5229 14.31975966875047
1 25477U 98053C   15179.38192314  .00000308  00000-0  16556-3 0  9991,2 25477 045.0092 125.6205 0001645 328.2012 186.1235 14.31977330875219
1 25477U 98053C   15180.82199729  .00000266  00000-0  15022-3 0  9999,2 25477 045.0094 118.8602 0001531 334.3187 050.9248 14.31978715875424
1 25477U 98053C   15182.16874282  .00000275  00000-0  15347-3 0  9992,2 25477 045.0096 112.5381 0001410 341.0156 153.6284 14.31980031875614
1 25477U 98053C   15183.28550794  .00000352  00000-0  18193-3 0  9993,2 25477 045.0096 107.2955 0001311 346.8533 150.4159 14.31981547875770
1 25477U 98053C   15184.80084314  .00000441  00000-0  21488-3 0  9992,2 25477 045.0097 100.1819 0001179 355.2208 041.3442 14.31983594875998
1 25477U 98053C   15185.84607329  .00000618  00000-0  28032-3 0  9992,2 25477 045.0099 095.2752 0001087 001.1790 028.8966 14.31985903876146
1 25477U 98053C   15187.19661117  .00000696  00000-0  30911-3 0  9992,2 25477 045.0101 088.9354 0000978 010.2682 148.7501 14.31988231876331
1 25477U 98053C   15188.24189266  .00000617  00000-0  27979-3 0  9992,2 25477 045.0102 084.0285 0000891 018.6654 134.1382 14.31989151876481
1 25477U 98053C   15189.75581332  .00000700  00000-0  31053-3 0  9990,2 25477 045.0103 076.9215 0000765 032.2586 012.5790 14.31991570876706
1 25477U 98053C   15190.80100396  .00000630  00000-0  28444-3 0  9997,2 25477 045.0104 072.0150 0000707 044.5669 353.5990 14.31992443876852
1 25477U 98053C   15192.14576199  .00000519  00000-0  24373-3 0  9997,2 25477 045.0104 065.7021 0000641 059.4692 077.8375 14.31993189877049
1 25477U 98053C   15193.80372008  .00000282  00000-0  15596-3 0  9998,2 25477 045.0104 057.9188 0000616 086.2909 326.3239 14.31993602877284
1 25477U 98053C   15195.14847269  .00000249  00000-0  14373-3 0  9998,2 25477 045.0104 051.6058 0000639 103.2331 048.5099 14.31994734877470
1 25477U 98053C   15196.80595659  .00000192  00000-0  12276-3 0  9992,2 25477 045.0106 043.8247 0000724 125.3270 299.2914 14.31995901877712
1 25477U 98053C   15197.86469756  .00000136  00000-0  10209-3 0  9999,2 25477 045.0106 038.8545 0000807 137.5154 350.3748 14.31996420877862
1 25477U 98053C   15199.05359624  .00000114  00000-0  94096-4 0  9997,2 25477 045.0106 033.2734 0000899 147.9093 354.8882 14.31997002878034
1 25477U 98053C   15200.49508794  .00000081  00000-0  81646-4 0  9992,2 25477 045.0105 026.5063 0001038 159.7242 221.4040 14.31997478878241
1 25477U 98053C   15201.84221308  .00000000  00000-0  51885-4 0  9998,2 25477 045.0105 020.1822 0001176 168.2071 324.3061 14.31997523878430
1 25477U 98053C   15202.89139671 -.00000015  00000-0  46320-4 0  9990,2 25477 045.0105 015.2568 0001265 174.0684 332.4048 14.31997811878587
1 25477U 98053C   15204.47508124 -.00000087  00000-0  19645-4 0  9998,2 25477 045.0106 007.8220 0001365 181.6349 216.9082 14.31997717878818
1 25477U 98053C   15205.60846519 -.00000153  00000-0 -48186-5 0  9995,2 25477 045.0103 002.5008 0001589 184.7304 302.2511 14.31995273878972
1 25477U 98053C   15206.79704480 -.00000140  00000-0  19065-6 0  9996,2 25477 045.0106 356.9210 0001719 192.2099 308.0302 14.31996049879140
1 25477U 98053C   15207.84649465 -.00000124  00000-0  61581-5 0  9995,2 25477 045.0108 351.9948 0001797 198.2123 317.3507 14.31995697879299
1 25477U 98053C   15209.22600471 -.00000444  00000-0 -11231-3 0  9994,2 25477 045.0121 345.5174 0001743 203.6288 230.4115 14.31993785879496
1 25477U 98053C   15210.70240029 -.00000626  00000-0 -17944-3 0  9997,2 25477 045.0120 338.5866 0001883 210.0193 282.4322 14.31991361879706
1 25477U 98053C   15212.42678789 -.00000683  00000-0 -20069-3 0  9991,2 25477 045.0120 330.4918 0002038 217.6381 172.8858 14.31989129879952
1 25477U 98053C   15213.77723742 -.00000724  00000-0 -21570-3 0  9994,2 25477 045.0118 324.1518 0002173 223.2351 295.7900 14.31991420880148
1 25477U 98053C   15215.36007470 -.00000705  00000-0 -20856-3 0  9999,2 25477 045.0123 316.7219 0002290 231.1421 175.5628 14.31995433880370
1 25477U 98053C   15216.40560751 -.00000673  00000-0 -19684-3 0  9992,2 25477 045.0108 311.8116 0002432 224.1551 177.7250 14.32019974880529
1 25477U 98053C   15217.46418756 -.00000680  00000-0 -19948-3 0  9997,2 25477 045.0119 306.8435 0002535 237.8990 226.5079 14.32020029880672
1 25477U 98053C   15218.71910515  .00000174  00000-0  11587-3 0  9993,2 25477 045.0103 300.9544 0002745 241.5142 218.5849 14.32022996880856
1 25477U 98053C   15219.83568501  .00001020  00000-0  42844-3 0  9992,2 25477 045.0100 295.7123 0002817 246.0105 215.9386 14.32027225881012
1 25477U 98053C   15221.21784829  .00001038  00000-0  43485-3 0  9991,2 25477 045.0097 289.2234 0002882 251.1015 143.1881 14.32030233881214
1 25477U 98053C   15222.48283513  .00000821  00000-0  35476-3 0  9995,2 25477 045.0095 283.2846 0002938 255.5172 186.4532 14.32031203881399
1 25477U 98053C   15223.54062870  .00000631  00000-0  28478-3 0  9997,2 25477 045.0094 278.3185 0002973 259.3733 241.1095 14.32031795881549
1 25477U 98053C   15224.59069696  .00000277  00000-0  15391-3 0  9992,2 25477 045.0092 273.3885 0003015 263.1018 256.0301 14.32031227881697
1 25477U 98053C   15225.63390966  .00000236  00000-0  13873-3 0  9993,2 25477 045.0091 268.4908 0003047 267.3062 235.1024 14.32031929881843
1 25477U 98053C   15227.14935308  .00000220  00000-0  13294-3 0  9996,2 25477 045.0089 261.3760 0003068 273.0032 129.5333 14.32032979882062
1 25477U 98053C   15228.49541041  .00000392  00000-0  19651-3 0  9995,2 25477 045.0087 255.0564 0003069 278.0908 230.5017 14.32035171882250
1 25477U 98053C   15229.53944595  .00000322  00000-0  17065-3 0  9992,2 25477 045.0086 250.1548 0003068 282.3838 213.7439 14.32035713882406
1 25477U 98053C   15230.51601244 +.00000241 +00000-0 +14088-3 0  9995,2 25477 045.0086 245.5699 0003061 286.4451 209.0600 14.32036131882267
1 25477U 98053C   15231.05345356  .00000212  00000-0  13015-3 0  9991,2 25477 045.0085 243.0466 0003061 288.5284 100.3362 14.32036438882626
1 25477U 98053C   15231.49813505 +.00000152 +00000-0 +10772-3 0  9995,2 25477 045.0085 240.9589 0003044 290.3011 233.2551 14.32036478882404
1 25477U 98053C   15232.18146818  .00000189  00000-0  12160-3 0  9991,2 25477 045.0085 237.7506 0003034 292.9336 156.8314 14.32037241882781
1 25477U 98053C   15233.45137037  .00000224  00000-0  13429-3 0  9994,2 25477 045.0084 231.7884 0003000 297.9534 224.9001 14.32038389882965
1 25477U 98053C   15234.95898603  .00000239  00000-0  13997-3 0  9999,2 25477 045.0085 224.7100 0002950 303.7359 078.8867 14.32039503883183
1 25477U 98053C   15234.95898603 +.00000239 +00000-0 +13997-3 0  9999,2 25477 045.0085 224.7100 0002950 303.7359 078.8867 14.32039503882902
1 25477U 98053C   15235.93530699 +.00000292 +00000-0 +15953-3 0  9999,2 25477 045.0085 220.1260 0002906 307.4862 073.2632 14.32040537883044
1 25477U 98053C   15236.15158516  .00000287  00000-0  15767-3 0  9995,2 25477 045.0085 219.1106 0002892 308.4796 108.3341 14.32040684883356
1 25477U 98053C   15236.44620767 +.00000300 +00000-0 +16246-3 0  9998,2 25477 045.0085 217.7275 0002879 310.0722 187.0875 14.32040957883113
1 25477U 98053C   15237.41539395  .00000289  00000-0  15863-3 0  9992,2 25477 045.0086 213.1772 0002827 314.4279 144.0448 14.32041702883538
1 25477U 98053C   15238.47206602  .00000269  00000-0  15113-3 0  9997,2 25477 045.0086 208.2162 0002766 319.2897 191.9555 14.32042611883683
1 25477U 98053C   15240.89000484 +.00000361 +00000-0 +18494-3 0  9994,2 25477 045.0088 196.8639 0002603 329.8152 058.8043 14.32045957883754
1 25477U 98053C   15241.17890815  .00000394  00000-0  19704-3 0  9992,2 25477 045.0089 195.5075 0002576 331.2695 108.1893 14.32046463884074
1 25477U 98053C   15241.93990731 +.00000371 +00000-0 +18853-3 0  9993,2 25477 045.0089 191.9346 0002525 334.9095 071.5646 14.32047172883901
1 25477U 98053C   15242.31031784  .00000342  00000-0  17813-3 0  9993,2 25477 045.0089 190.1958 0002495 336.7399 181.1796 14.32047416884236
1 25477U 98053C   15242.91665956 +.00000350 +00000-0 +18082-3 0  9991,2 25477 045.0089 187.3489 0002450 339.7278 067.1248 14.32048108884046
1 25477U 98053C   15243.35372814  .00000408  00000-0  20240-3 0  9991,2 25477 045.0089 185.2970 0002411 342.0595 160.2206 14.32048972884389
1 25477U 98053C   15243.89328562 +.00000449 +00000-0 +21730-3 0  9991,2 25477 045.0089 182.7636 0002372 344.3833 062.2043 14.32049861884182
1 25477U 98053C   15244.80969727  .00000469  00000-0  22477-3 0  9998,2 25477  45.0088 178.4614 0002346 349.9506 105.6517 14.32052984884591
1 25477U 98053C   15244.88102987 +.00000462 +00000-0 +22220-3 0  9992,2 25477 045.0089 178.1265 0002342 350.4687 113.2362 14.32053116884326
1 25477U 98053C   15245.71295409 +.00000437 +00000-0 +21313-3 0  9991,2 25477 045.0090 174.2203 0002199 353.1603 083.5866 14.32056329884445
1 25477U 98053C   15246.14236095  .00000391  00000-0  19620-3 0  9992,2 25477  45.0091 172.2044 0002230 356.7034 135.9476 14.32057930884785
1 25477U 98053C   15246.90481685 +.00000370 +00000-0 +18819-3 0  9999,2 25477 045.0093 168.6248 0002146 001.0706 106.1530 14.32061176884614
1 25477U 98053C   15247.16310306  .00001993  00000-0  78680-3 0  9993,2 25477  45.0083 167.4121 0002115   1.0005 359.0845 14.32064337884922
1 25477U 98053C   15247.86072129 +.00002031 +00000-0 +80085-3 0  9994,2 25477 045.0083 164.1365 0002041 005.3129 354.7738 14.32068064884753
1 25477U 98053C   15248.27928481  .00002039  00000-0  80349-3 0  9992,2 25477  45.0086 162.1713 0002047   8.5050 351.5830 14.32083428885081
1 25477U 98053C   15248.62808915 +.00002026 +00000-0 +79857-3 0  9998,2 25477 045.0086 160.5341 0002005 009.3378 350.7505 14.32086488884860
1 25477U 98053C   15249.60473747  .00001836  00000-0  72849-3 0  9990,2 25477  45.0085 155.9487 0001969  15.4487 344.6419 14.32094415885276
1 25477U 98053C   15250.09306690  .00001788  00000-0  71109-3 0  9991,2 25477  45.0086 153.6553 0001886  20.0800 340.0120 14.32082894885340
1 25477U 98053C   15250.86044155 +.00001934 +00000-0 +76509-3 0  9993,2 25477 045.0081 150.0519 0001847 027.3592 332.7351 14.32075782885187
1 25477U 98053C   15251.13948784  .00001941  00000-0  76758-3 0  9999,2 25477  45.0087 148.7426 0001843  25.8634 334.2304 14.32074798885495
1 25477U 98053C   15251.90686836 +.00002310 +00000-0 +90367-3 0  9994,2 25477 045.0085 145.1395 0001763 035.4856 324.6107 14.32065977885339
1 25477U 98053C   15252.11615424  .00002329  00000-0  91067-3 0  9991,2 25477  45.0088 144.1570 0001753  34.9634 325.1327 14.32066350885632
1 25477U 98053C   15252.81377512 +.00002254 +00000-0 +88298-3 0  9990,2 25477 045.0087 140.8816 0001735 040.4392 319.6582 14.32061819885467
1 25477U 98053C   15253.09282363  .00002258  00000-0  88449-3 0  9992,2 25477  45.0089 139.5716 0001720  42.2098 317.8880 14.32061978885771
1 25477U 98053C   15253.86020821 -.00000497 +00000-0 -13176-3 0  9996,2 25477 045.0090 135.9681 0001724 047.5075 312.5916 14.32058319885611
1 25477U 98053C   15254.06949607 -.00000419  00000-0 -10296-3 0  9995,2 25477  45.0107 134.9836 0001802  46.8028 313.2968 14.32057535885915
1 25477U 98053C   15254.90664855 -.00000407 +00000-0 -98546-4 0  9999,2 25477 045.0109 131.0551 0001889 046.6101 313.4902 14.32049798885769
1 25477U 98053C   15255.11593614 -.00000403  00000-0 -96876-4 0  9997,2 25477  45.0105 130.0712 0001783  54.3582 305.7430 14.32049938886065
1 25477U 98053C   15255.88332706 -.00000384 +00000-0 -89854-4 0  9990,2 25477 045.0105 126.4682 0001784 061.3168 298.7858 14.32048347885909
1 25477U 98053C   15256.44142967 -.00000365  00000-0 -82897-4 0  9990,2 25477  45.0106 123.8479 0001757  65.1738 294.9290 14.32047996886256
1 25477U 98053C   15256.72048192 -.00000353 +00000-0 -78391-4 0  9997,2 25477 045.0103 122.5380 0001769 066.3976 293.7056 14.32046411886023
1 25477U 98053C   15257.48787422 -.00000314  00000-0 -63895-4 0  9997,2 25477  45.0103 118.9353 0001762  71.9514 288.1523 14.32046024886404
1 25477U 98053C   15257.69716313 -.00000291 +00000-0 -55672-4 0  9999,2 25477 045.0104 117.9526 0001751 074.1485 285.9554 14.32045906886166
1 25477U 98053C   15258.81337141  .00000027  00000-0  61607-4 0  9992,2 25477  45.0090 112.7137 0001642  86.7593 273.3441 14.32045616886590
1 25477U 98053C   15258.88313430 +.00000022 +00000-0 +60015-4 0  9991,2 25477 045.0090 112.3862 0001642 087.3132 272.7902 14.32045624886333
1 25477U 98053C   15259.92957709 +.00000095 +00000-0 +86924-4 0  9997,2 25477 045.0090 107.4732 0001643 095.8632 264.2401 14.32046378886487
1 25477U 98053C   15260.06910271  .00000109  00000-0  92052-4 0  9992,2 25477  45.0090 106.8181 0001659  97.5412 262.5622 14.32046544886773
1 25477U 98053C   15260.90625655 +.00000134 +00000-0 +10110-3 0  9996,2 25477 045.0090 102.8877 0001674 104.4444 255.6588 14.32047076886620
1 25477U 98053C   15261.53412163  .00000165  00000-0  11285-3 0  9992,2 25477  45.0090  99.9397 0001699 109.8764 250.2265 14.32047568886982
1 25477U 98053C   15261.88293551 +.00000173 +00000-0 +11564-3 0  9997,2 25477 045.0090 098.3021 0001720 112.8119 247.2909 14.32047798886764
1 25477U 98053C   15262.78985099  .00000230  00000-0  13662-3 0  9997,2 25477  45.0090  94.0439 0001771 120.6757 239.4264 14.32048679887162
1 25477U 98053C   15262.92937645 +.00000227 +00000-0 +13550-3 0  9999,2 25477 045.0090 093.3888 0001780 121.8699 238.2321 14.32048745886917
1 25477U 98053C   15263.83629128  .00000286  00000-0  15720-3 0  9990,2 25477  45.0090  89.1308 0001846 129.0546 231.0464 14.32049759887311
1 25477U 98053C   15263.90605396 +.00000266 +00000-0 +15011-3 0  9990,2 25477 045.0090 088.8032 0001850 129.4642 230.6368 14.32049710887053
1 25477U 98053C   15264.88273091  .00000250  00000-0  14406-3 0  9991,2 25477  45.0091  84.2176 0001923 136.6085 223.4913 14.32050447887465
1 25477U 98053C   15265.92917001 +.00000237 +00000-0 +13936-3 0  9995,2 25477 045.0092 079.3044 0001989 143.4548 216.6434 14.32051255887344
1 25477U 98053C   15265.99893258  .00000235  00000-0  13838-3 0  9998,2 25477  45.0093  78.9769 0001995 143.9378 216.1603 14.32051305887627
1 25477U 98053C   15266.90584582 +.00000229 +00000-0 +13637-3 0  9997,2 25477 045.0094 074.7188 0002075 150.2068 209.8896 14.32052065887485
1 25477U 98053C   15267.74299604  .00000249  00000-0  14372-3 0  9997,2 25477  45.0096  70.7883 0002151 155.9130 204.1817 14.32052882887873
1 25477U 98053C   15267.88252104 +.00000252 +00000-0 +14496-3 0  9997,2 25477 045.0096 070.1332 0002160 156.6896 203.4048 14.32053020887629
1 25477U 98053C   15268.85919551  .00000313  00000-0  16718-3 0  9998,2 25477  45.0098  65.5477 0002247 162.7024 197.3898 14.32054192888037
1 25477U 98053C   15269.83586943 +.00000304 +00000-0 +16408-3 0  9998,2 25477 045.0099 060.9622 0002337 168.6420 191.4479 14.32054948887908
1 25477U 98053C   15269.90563174  .00000330  00000-0  17347-3 0  9999,2 25477  45.0099  60.6346 0002341 168.9968 191.0930 14.32055167888186
1 25477U 98053C   15270.88230488 +.00000373 +00000-0 +18942-3 0  9996,2 25477 045.0100 056.0492 0002425 174.5394 185.5479 14.32056234888057
1 25477U 98053C   15270.88230488 +.00000373 +00000-0 +18942-3 0  9996,2 25477 045.0100 056.0492 0002425 174.5394 185.5479 14.32056234888057
1 25477U 98053C   15271.44040351  .00000365  00000-0  18653-3 0  9997,2 25477  45.0101  53.4288 0002479 177.7840 182.3017 14.32056688888407
1 25477U 98053C   15271.85897724 +.00000397 +00000-0 +19844-3 0  9994,2 25477 045.0101 051.4636 0002521 180.0397 180.0449 14.32057281888194
1 25477U 98053C   15272.48683755  .00000385  00000-0  19392-3 0  9996,2 25477  45.0102  48.5157 0002586 183.6027 176.4801 14.32057876888551
1 25477U 98053C   15272.83564867 +.00000396 +00000-0 +19776-3 0  9995,2 25477 045.0102 046.8781 0002612 185.2788 174.8031 14.32058334888330
1 25477U 98053C   15273.81232153  .00000412  00000-0  20364-3 0  9998,2 25477  45.0103  42.2929 0002673 190.7037 169.3752 14.32054738888748
1 25477U 98053C   15273.88208387 +.00000410 +00000-0 +20302-3 0  9997,2 25477 045.0102 041.9653 0002682 191.1643 168.9144 14.32054897888482
1 25477U 98053C   15274.78899758 +.00000407 +00000-0 +20214-3 0  9993,2 25477 045.0105 037.7069 0002873 196.2809 163.7945 14.32051196888617
1 25477U 98053C   15274.85876082  .00000438  00000-0  21359-3 0  9991,2 25477  45.0104  37.3797 0002767 195.9395 164.1365 14.32048815888893
1 25477U 98053C   15275.76567973 +.00000482 +00000-0 +22950-3 0  9995,2 25477 045.0113 033.1212 0002795 198.9760 161.0982 14.32044679888759
1 25477U 98053C   15276.32378339  .00000427  00000-0  20953-3 0  9994,2 25477  45.0111  30.5014 0002795 202.3416 157.7308 14.32044754889104
1 25477U 98053C   15276.81212960  .00000440  00000-0  21422-3 0  9992,2 25477  45.0106  28.2089 0003005 204.8578 155.2124 14.32033506889174
1 25477U 98053C   15277.64929402 +.00000423 +00000-0 +20799-3 0  9997,2 25477 045.0111 024.2785 0003115 208.9188 151.1486 14.32028844889022
1 25477U 98053C   15277.78882215  .00000394  00000-0  19728-3 0  9999,2 25477  45.0109  23.6238 0003082 209.2759 150.7915 14.32025407889312
1 25477U 98053C   15278.76552038  .00000365  00000-0  18644-3 0  9999,2 25477  45.0109  19.0388 0003171 213.7920 146.2724 14.32016429889453
1 25477U 98053C   15278.76552038 +.00000365 +00000-0 +18644-3 0  9999,2 25477 045.0109 019.0388 0003171 213.7920 146.2724 14.32016429889183
1 25477U 98053C   15279.74222449  .00000337  00000-0  17624-3 0  9994,2 25477  45.0111  14.4536 0003259 218.1879 141.8736 14.32008244889594
1 25477U 98053C   15280.71893439  .00000378  00000-0  19134-3 0  9999,2 25477  45.0116   9.8678 0003213 222.1787 137.8812 14.31998107889738
1 25477U 98053C   15281.69564739 +.00000351 +00000-0 +18145-3 0  9997,2 25477 045.0110 005.2832 0003411 225.4429 134.6139 14.31997188889604
1 25477U 98053C   15282.46306247  .00000305  00000-0  16437-3 0  9992,2 25477  45.0107   1.6807 0003493 231.3601 128.6933 14.32004687889980
1 25477U 98053C   15282.67235687 +.00000272 +00000-0 +15230-3 0  9997,2 25477 045.0107 000.6977 0003539 230.5403 129.5130 14.32004601889748
1 25477U 98053C   15283.71882654  .00002582  00000-0  10048-2 0  9992,2 25477  45.0103 355.7855 0003619 235.4120 124.6384 14.32011281890169
1 25477U 98053C   15284.69552797 +.00002705 +00000-0 +10503-2 0  9995,2 25477 045.0103 351.2004 0003664 239.4816 120.5668 14.32017041890038
1 25477U 98053C   15285.18387739  .00002657  00000-0  10325-2 0  9990,2 25477  45.0102 348.9077 0003698 241.3782 118.6692 14.32019672890375
1 25477U 98053C   15285.60246210 +.00002637 +00000-0 +10252-2 0  9992,2 25477 045.0102 346.9427 0003712 243.2965 116.7502 14.32021853890163
1 25477U 98053C   15286.50939334  .00002536  00000-0  98764-3 0  9991,2 25477  45.0100 342.6851 0003750 247.0405 113.0045 14.32026278890560
1 25477U 98053C   15286.57915719 +.00002501 +00000-0 +97478-3 0  9992,2 25477 045.0100 342.3575 0003761 247.6120 112.4327 14.32026515890304
1 25477U 98053C   15287.62561348  .00002482  00000-0  96772-3 0  9998,2 25477  45.0099 337.4449 0003799 251.8759 108.1673 14.32031194890723
1 25477U 98053C   15288.53253968 +.00002130 +00000-0 +83771-3 0  9990,2 25477 045.0098 333.1871 0003826 255.3634 104.6788 14.32034068890581
1 25477U 98053C   15289.16041020  .00002179  00000-0  85579-3 0  9995,2 25477  45.0098 330.2393 0003853 258.0627 101.9787 14.32036877890949
1 25477U 98053C   15289.57898997 +.00002081 +00000-0 +81972-3 0  9998,2 25477 045.0097 328.2742 0003870 259.9072 100.1337 14.32038346890738
1 25477U 98053C   15290.48591033  .00001800  00000-0  71600-3 0  9996,2 25477  45.0104 324.0164 0003850 263.9188  96.1219 14.32041632891130
1 25477U 98053C   15290.90448809 +.00001902 +00000-0 +75353-3 0  9997,2 25477 045.0104 322.0512 0003861 265.7245 094.3160 14.32043964890922
1 25477U 98053C   15291.53235475  .00001850  00000-0  73431-3 0  9997,2 25477  45.0103 319.1035 0003876 268.5799  91.4603 14.32046137891284
1 25477U 98053C   15292.64856122  .00000348  00000-0  18024-3 0  9996,2 25477  45.0101 313.8630 0003892 272.6842  87.3558 14.32046410891442
1 25477U 98053C   15292.85784966 +.00000364 +00000-0 +18592-3 0  9993,2 25477 045.0101 312.8804 0003898 273.4523 086.5877 14.32046729891207
1 25477U 98053C   15293.83452877  .00000393  00000-0  19661-3 0  9995,2 25477  45.0100 308.2946 0003901 277.2184  82.8219 14.32048107891618
1 25477U 98053C   15293.90429149 +.00000395 +00000-0 +19741-3 0  9990,2 25477 045.0100 307.9671 0003906 277.5205 082.5197 14.32048243891355
1 25477U 98053C   15294.46239336 +.00000425 +00000-0 +20874-3 0  9992,2 25477 045.0100 305.3468 0003898 280.2558 079.7848 14.32049196891431
1 25477U 98053C   15295.02049470  .00000450  00000-0  21776-3 0  9993,2 25477  45.0100 302.7263 0003913 282.1398  77.9010 14.32050036891780
1 25477U 98053C   15295.85764573 +.00000765 +00000-0 +33420-3 0  9990,2 25477 045.0099 298.7961 0003896 286.6567 073.3851 14.32052552891635
1 25477U 98053C   15296.13669591  .00000768  00000-0  33526-3 0  9996,2 25477  45.0099 297.4858 0003889 287.6673  72.3748 14.32053052891941
1 25477U 98053C   15296.90408372 +.00000778 +00000-0 +33864-3 0  9995,2 25477 045.0099 293.8829 0003876 290.7964 069.2467 14.32054341891780
1 25477U 98053C   15297.46218312  .00000875  00000-0  37470-3 0  9995,2 25477  45.0098 291.2626 0003858 293.1818  66.8621 14.32055915892134
1 25477U 98053C   15297.95052002 +.00000805 +00000-0 +34860-3 0  9994,2 25477 045.0098 288.9697 0003854 295.1793 064.8653 14.32056380891932
1 25477U 98053C   15298.78766814  .00000793  00000-0  34428-3 0  9995,2 25477  45.0098 285.0394 0003831 299.3037  60.7426 14.32057909892321
1 25477U 98053C   15299.90386454 +.00000690 +00000-0 +30647-3 0  9993,2 25477 045.0096 279.7987 0003775 303.8047 056.2439 14.32059405892211
1 25477U 98053C   15300.04338895  .00000683  00000-0  30386-3 0  9999,2 25477  45.0096 279.1436 0003767 304.4473  55.6017 14.32059645892508
1 25477U 98053C   15300.95029332 +.00000630 +00000-0 +28424-3 0  9994,2 25477 045.0099 274.8861 0003812 308.9132 051.1374 14.32065932892364
1 25477U 98053C   15300.95029332 +.00000630 +00000-0 +28424-3 0  9994,2 25477 045.0099 274.8861 0003812 308.9132 051.1374 14.32065932892364
1 25477U 98053C   15301.08981609  .00000622  00000-0  28116-3 0  9992,2 25477  45.0097 274.2304 0003653 308.1211  51.9306 14.32068913892658
1 25477U 98053C   15301.92695619 +.00000583 +00000-0 +26683-3 0  9991,2 25477 045.0099 270.3000 0003711 312.4526 047.6006 14.32071975892507
1 25477U 98053C   15302.34552473  .00000591  00000-0  26968-3 0  9993,2 25477  45.0096 268.3348 0003656 314.5099  45.5448 14.32076007892836
1 25477U 98053C   15302.90361563 +.00000602 +00000-0 +27393-3 0  9999,2 25477 045.0099 265.7143 0003658 317.1717 042.8844 14.32077702892643
1 25477U 98053C   15303.74074784  .00003078  00000-0  11861-2 0  9990,2 25477  45.0091 261.7837 0003598 319.8370  40.2209 14.32085943893035
1 25477U 98053C   15303.88026954 +.00003276 +00000-0 +12593-2 0  9994,2 25477 045.0091 261.1285 0003589 320.4370 039.6214 14.32087486892787
1 25477U 98053C   15304.85692029  .00003434  00000-0  13171-2 0  9993,2 25477  45.0090 256.5429 0003532 325.0840  34.9774 14.32093968893192
1 25477U 98053C   15305.83356547 +.00004551 +00000-0 +17282-2 0  9992,2 25477 045.0088 251.9574 0003450 329.2671 030.7972 14.32103423893064
1 25477U 98053C   15306.18236594  .00004237  00000-0  16127-2 0  9998,2 25477  45.0087 250.3198 0003419 331.4196  28.6462 14.32105596893388
1 25477U 98053C   15306.87996495 +.00005213 +00000-0 +19716-2 0  9999,2 25477 045.0086 247.0442 0003371 334.6268 025.4412 14.32113387893213
1 25477U 98053C   15307.29852280  .00004754  00000-0  18025-2 0  9990,2 25477  45.0086 245.0791 0003362 337.3931  22.6767 14.32116000893548
1 25477U 98053C   15307.92635624 +.00005346 +00000-0 +20199-2 0  9994,2 25477 045.0085 242.1310 0003305 340.3791 019.6927 14.32123677893369
1 25477U 98053C   15308.13563112  .00005449  00000-0  20572-2 0  9999,2 25477  45.0090 241.1494 0003537 340.4664  19.6046 14.32141244893669
1 25477U 98053C   15308.90296926 +.00004543 +00000-0 +17239-2 0  9990,2 25477 045.0085 237.5454 0003248 343.5217 016.5522 14.32148861893505
1 25477U 98053C   15309.25175894  .00003079  00000-0  11853-2 0  9998,2 25477  45.0087 235.9076 0003226 345.1316  14.9435 14.32149129893821
1 25477U 98053C   15309.60054790 +.00003049 +00000-0 +11742-2 0  9992,2 25477 045.0088 234.2699 0003211 346.6072 013.4688 14.32151468893603
1 25477U 98053C   15310.15861570  .00002551  00000-0  99096-3 0  9992,2 25477  45.0092 231.6499 0003229 349.6750  10.4029 14.32141724893950
1 25477U 98053C   15310.78644272 +.00002206 +00000-0 +86419-3 0  9991,2 25477 045.0085 228.7009 0003040 352.5111 007.5689 14.32135404893778
1 25477U 98053C   15311.20499575  .00002295  00000-0  89719-3 0  9997,2 25477  45.0076 226.7364 0002918 352.1593   7.9207 14.32128940894108
1 25477U 98053C   15311.83282793 +.00002801 +00000-0 +10834-2 0  9992,2 25477 045.0095 223.7881 0002890 355.0748 005.0069 14.32123616893922
1 25477U 98053C   15312.18162711  .00002748  00000-0  10641-2 0  9994,2 25477  45.0088 222.1504 0003084   1.7653 358.3203 14.32116322894241
1 25477U 98053C   15312.60018396 +.00002655 +00000-0 +10299-2 0  9996,2 25477 045.0089 220.1851 0003104 004.1358 355.9513 14.32117921894037
1 25477U 98053C   15313.08850607  .00002691  00000-0  10434-2 0  9999,2 25477  45.0088 217.8921 0002897   5.6237 354.4641 14.32103746894370
1 25477U 98053C   15313.78611121  .00001926  00000-0  76182-3 0  9995,2 25477  45.0094 214.6176 0002924   5.5209 354.5668 14.32093995894478
1 25477U 98053C   15314.20467695  .00001833  00000-0  72755-3 0  9997,2 25477  45.0088 212.6519 0002898  11.5373 348.5539 14.32087063894535
1 25477U 98053C   15314.20472557  .00002196  00000-0  82591-3 0  9992,2 25477  44.9880 212.6781 0013733 352.9566   7.1085 14.34159076894530
1 25477U 98053C   15317.76254539 +.00001429 +00000-0 +57896-3 0  9992,2 25477 045.0083 195.9477 0002570 033.4031 326.6977 14.32055225894771
1 25477U 98053C   15318.18112035  .00001502  00000-0  60595-3 0  9995,2 25477  45.0090 193.9836 0002784  33.7961 326.3062 14.32056233895108
1 25477U 98053C   15318.66945905 +.00001519 +00000-0 +61206-3 0  9996,2 25477 045.0113 191.6966 0003140 022.5917 337.5067 14.32059049894901
1 25477U 98053C   15319.43684374  .00001414  00000-0  57333-3 0  9992,2 25477  45.0087 188.0871 0002604  44.9055 315.2001 14.32056815895282
1 25477U 98053C   15319.71589315 +.00001418 +00000-0 +57506-3 0  9998,2 25477 045.0087 186.7767 0002572 047.7651 312.3412 14.32057170895052
1 25477U 98053C   15320.48327894  .00000421  00000-0  20716-3 0  9992,2 25477  45.0086 183.1741 0002543  52.6277 307.4800 14.32057661895434
1 25477U 98053C   15320.90185265 +.00000447 +00000-0 +21682-3 0  9994,2 25477 045.0086 181.2088 0002525 055.6417 304.4668 14.32058347895224
1 25477U 98053C   15321.59947525  .00000478  00000-0  22800-3 0  9992,2 25477  45.0085 177.9334 0002502  60.5070 299.6026 14.32059339895599
1 25477U 98053C   15321.87852414 +.00000485 +00000-0 +23090-3 0  9995,2 25477 045.0084 176.6232 0002493 062.5607 297.5492 14.32059730895362
1 25477U 98053C   15322.78543254  .00000513  00000-0  24115-3 0  9996,2 25477  45.0083 172.3651 0002473  68.9115 291.1996 14.32060968895769
1 25477U 98053C   15322.92495685 +.00000499 +00000-0 +23593-3 0  9998,2 25477 045.0083 171.7101 0002471 069.9649 290.1463 14.32061055895512
1 25477U 98053C   15323.83186443 +.00000482 +00000-0 +22958-3 0  9994,2 25477 045.0082 167.4519 0002458 076.4517 283.6602 14.32062029895646
1 25477U 98053C   15323.97138868  .00000440  00000-0  21409-3 0  9991,2 25477  45.0081 166.7968 0002458  77.3465 282.7655 14.32061951895930
1 25477U 98053C   15324.87829538 +.00000422 +00000-0 +20763-3 0  9994,2 25477 045.0081 162.5387 0002456 084.0457 276.0669 14.32062950895798
1 25477U 98053C   15325.01781947  .00000413  00000-0  20402-3 0  9992,2 25477  45.0081 161.8836 0002456  84.8861 275.2265 14.32063057896081
1 25477U 98053C   15325.92472530 +.00000386 +00000-0 +19432-3 0  9997,2 25477 045.0081 157.6254 0002458 091.4834 268.6293 14.32064033895940
1 25477U 98053C   15326.48282083  .00000411  00000-0  20328-3 0  9996,2 25477  45.0081 155.0050 0002458  95.4457 264.6670 14.32064843896294
1 25477U 98053C   15326.90139246 +.00000344 +00000-0 +17862-3 0  9999,2 25477 045.0081 153.0397 0002474 098.7699 261.3427 14.32064976896086
1 25477U 98053C   15327.52924950  .00000350  00000-0  18073-3 0  9994,2 25477  45.0082 150.0917 0002480 103.1094 257.0029 14.32065749896448
1 25477U 98053C   15327.87805909 +.00000332 +00000-0 +17409-3 0  9996,2 25477 045.0082 148.4540 0002491 105.4030 254.7091 14.32065994896229
1 25477U 98053C   15328.85472511  .00000305  00000-0  16448-3 0  9996,2 25477  45.0083 143.8684 0002520 112.2026 247.9088 14.32066862896632
1 25477U 98053C   15328.92448694 +.00000258 +00000-0 +14683-3 0  9995,2 25477 045.0083 143.5409 0002522 112.5726 247.5387 14.32066684896377
1 25477U 98053C   15329.90115229  .00000240  00000-0  14022-3 0  9997,2 25477  45.0084 138.9552 0002555 119.0032 241.1070 14.32067497896780
1 25477U 98053C   15330.87781707 +.00000264 +00000-0 +14933-3 0  9992,2 25477 045.0085 134.3696 0002593 125.7863 234.3224 14.32068435896652
1 25477U 98053C   15330.87781707 +.00000264 +00000-0 +14933-3 0  9992,2 25477 045.0085 134.3696 0002593 125.7863 234.3224 14.32068435896652
1 25477U 98053C   15331.50567270  .00000271  00000-0  15181-3 0  9994,2 25477  45.0085 131.4215 0002619 129.9239 230.1837 14.32068948897013
1 25477U 98053C   15331.85448115 +.00000283 +00000-0 +15612-3 0  9990,2 25477 045.0085 129.7838 0002641 132.4548 227.6521 14.32069306896795
1 25477U 98053C   15332.83114464  .00000309  00000-0  16566-3 0  9994,2 25477  45.0086 125.1981 0002700 138.7946 221.3104 14.32070206897208
1 25477U 98053C   15332.90090626 +.00000290 +00000-0 +15888-3 0  9990,2 25477 045.0086 124.8705 0002703 139.2720 220.8329 14.32070178896948
1 25477U 98053C   15333.87756884  .00000306  00000-0  16455-3 0  9991,2 25477  45.0087 120.2848 0002758 145.7742 214.3282 14.32071137897351
1 25477U 98053C   15334.78446895 +.00000390 +00000-0 +19579-3 0  9993,2 25477 045.0088 116.0267 0002813 151.5516 208.5484 14.32072524897211
1 25477U 98053C   15335.48208421  .00000358  00000-0  18399-3 0  9995,2 25477  45.0089 112.7511 0002857 156.0051 204.0929 14.32073050897589
1 25477U 98053C   15335.90065295 +.00000376 +00000-0 +19053-3 0  9990,2 25477 045.0090 110.7860 0002887 158.4511 201.6457 14.32073657897375
1 25477U 98053C   15336.80755165  .00000360  00000-0  18452-3 0  9997,2 25477  45.0092 106.5280 0002953 163.9400 196.1540 14.32074621897775
1 25477U 98053C   15336.87731307 +.00000359 +00000-0 +18427-3 0  9996,2 25477 045.0092 106.2005 0002958 164.3256 195.7682 14.32074697897513
1 25477U 98053C   15337.85397222  .00000329  00000-0  17325-3 0  9992,2 25477  45.0095 101.6150 0003029 170.3438 189.7467 14.32075733897926
1 25477U 98053C   15338.83063050 +.00000364 +00000-0 +18602-3 0  9998,2 25477 045.0097 097.0295 0003099 176.1635 183.9236 14.32077116897798
1 25477U 98053C   15339.45848140  .00000420  00000-0  20668-3 0  9996,2 25477  45.0098  94.0816 0003152 179.6073 180.4776 14.32078300898157
1 25477U 98053C   15339.80728657 +.00000440 +00000-0 +21416-3 0  9999,2 25477 045.0099 092.4442 0003184 181.5071 178.5766 14.32080414897931
1 25477U 98053C   15340.71418685  .00000479  00000-0  22855-3 0  9998,2 25477  45.0103  88.1864 0003265 186.0724 174.0083 14.32067426898338
1 25477U 98053C   15340.71418685 +.00000479 +00000-0 +22855-3 0  9998,2 25477 045.0103 088.1864 0003265 186.0724 174.0083 14.32067426898068
1 25477U 98053C   15341.69085955  .00000466  00000-0  22366-3 0  9999,2 25477  45.0102  83.6008 0003367 191.1790 168.8981 14.32052253898475
1 25477U 98053C   15342.73730233  .00000441  00000-0  21442-3 0  9998,2 25477  45.0102  78.6881 0003430 196.8217 163.2516 14.32042459898622
1 25477U 98053C   15343.50469982  .00000409  00000-0  20292-3 0  9990,2 25477  45.0103  75.0852 0003568 199.9965 160.0742 14.32030873898733
1 25477U 98053C   15343.71399130 +.00000421 +00000-0 +20733-3 0  9994,2 25477 045.0105 074.1033 0003469 201.9499 158.1199 14.32029355898492
1 25477U 98053C   15344.41163224  .00000417  00000-0  20585-3 0  9995,2 25477  45.0104  70.8271 0003660 203.9890 156.0785 14.32015345898861
1 25477U 98053C   15344.69069022 +.00000459 +00000-0 +22136-3 0  9996,2 25477 045.0109 069.5175 0003656 206.2990 153.7670 14.32013031898638
1 25477U 98053C   15345.17904434  .00000350  00000-0  18106-3 0  9997,2 25477  45.0108  67.2235 0003903 208.4652 151.5982 14.32002792898974
1 25477U 98053C   15345.66740233  .00000422  00000-0  20773-3 0  9999,2 25477  45.0123  64.9286 0003702 209.6665 150.3971 14.31986123899047
1 25477U 98053C   15346.64412703  .00000413  00000-0  20453-3 0  9991,2 25477  45.0106  60.3477 0003793 215.3487 144.7108 14.31974438899186
1 25477U 98053C   15347.48132872  .00000402  00000-0  20059-3 0  9990,2 25477  45.0108  56.4173 0003861 218.9650 141.0919 14.31959971899303
1 25477U 98053C   15347.62086319 +.00000413 +00000-0 +20442-3 0  9998,2 25477 045.0108 055.7624 0003852 219.9053 140.1510 14.31959076899059
1 25477U 98053C   15348.66736775  .00000449  00000-0  21766-3 0  9990,2 25477  45.0109  50.8503 0003760 225.0357 135.0185 14.31968920899470
1 25477U 98053C   15349.64409349  .00000521  00000-0  24439-3 0  9994,2 25477  45.0107  46.2656 0004058 228.5612 131.4886 14.31983994899611
1 25477U 98053C   15350.55104902 +.00000498 +00000-0 +23592-3 0  9995,2 25477 045.0090 042.0120 0003267 237.6964 122.3566 14.31991072899478
1 25477U 98053C   15351.17892803  .00000443  00000-0  21522-3 0  9999,2 25477  45.0114  39.0613 0004054 239.5156 120.5290 14.32008756899830
1 25477U 98053C   15351.24869214 +.00000453 +00000-0 +21923-3 0  9993,2 25477 045.0109 038.7328 0004082 236.2339 123.8118 14.32009512899578
1 25477U 98053C   15352.01610281  .00000444  00000-0  21566-3 0  9990,2 25477  45.0098  35.1416 0003584 284.1197  75.9251 14.32038819899953
1 25477U 98053C   15352.50443459  .00000523  00000-0  24478-3 0  9998,2 25477  45.0105  32.8376 0004019 242.8423 117.2013 14.32047271900027
1 25477U 98053C   15353.48110471  .00000491  00000-0  23277-3 0  9991,2 25477  45.0106  28.2514 0004153 244.8065 115.2350 14.32063381900161
1 25477U 98053C   15353.55086642 +.00000454 +00000-0 +21930-3 0  9994,2 25477 045.0105 027.9235 0004174 244.5540 115.4874 14.32064149899909
1 25477U 98053C   15354.45776584  .00000439  00000-0  21365-3 0  9990,2 25477  45.0107  23.6655 0004179 248.0482 111.9920 14.32076455900302
1 25477U 98053C   15354.87633362 +.00000402 +00000-0 +19989-3 0  9991,2 25477 045.0107 021.7003 0004197 250.3475 109.6919 14.32077377900098
1 25477U 98053C   15355.50417746  .00000578  00000-0  26485-3 0  9991,2 25477  45.0109  18.7527 0004211 253.2338 106.8046 14.32092340900451
1 25477U 98053C   15355.85298051 +.00000528 +00000-0 +24651-3 0  9993,2 25477 045.0109 017.1149 0004222 254.7941 105.2438 14.32092668900239
1 25477U 98053C   15356.55058031  .00000526  00000-0  24542-3 0  9990,2 25477  45.0108  13.8391 0004219 257.3468 102.6907 14.32103762900600
1 25477U 98053C   15356.89938051 +.00000507 +00000-0 +23865-3 0  9992,2 25477 045.0109 012.2013 0004234 258.9091 101.1279 14.32104152900386
1 25477U 98053C   15357.38769596  .00004975  00000-0  18837-2 0  9998,2 25477  45.0101   9.9094 0004300 262.5675  97.4682 14.32115170900728
1 25477U 98053C   15358.50384309  .00005291  00000-0  19997-2 0  9998,2 25477  45.0101   4.6684 0004281 266.8186  93.2171 14.32127953900883
1 25477U 98053C   15358.85263716 +.00004941 +00000-0 +18707-2 0  9993,2 25477 045.0101 003.0305 0004290 268.1177 091.9178 14.32130666900664
1 25477U 98053C   15359.82925497  .00005396  00000-0  20376-2 0  9992,2 25477  45.0101 358.4445 0004288 272.0064  88.0291 14.32142399901077
1 25477U 98053C   15359.89901307 +.00004949 +00000-0 +18731-2 0  9998,2 25477 045.0101 358.1169 0004287 272.4666 087.5689 14.32142412900810
1 25477U 98053C   15360.45707611 +.00004763 +00000-0 +18047-2 0  9998,2 25477 045.0102 355.4964 0004272 275.0089 085.0270 14.32149167900897
1 25477U 98053C   15361.43367962  .00004851  00000-0  18366-2 0  9990,2 25477  45.0104 350.9107 0004285 279.6386  80.3975 14.32162373901303
1 25477U 98053C   15361.92197942 +.00004047 +00000-0 +15408-2 0  9994,2 25477 045.0105 348.6176 0004287 281.5569 078.4795 14.32165214901104
1 25477U 98053C   15362.41027676 +.00004081 +00000-0 +15531-2 0  9990,2 25477 045.0105 346.3248 0004267 283.4965 076.5406 14.32170682901178
1 25477U 98053C   15363.10784035  .00003433  00000-0  13145-2 0  9995,2 25477  45.0203 343.0649 0002501 241.7391 118.3203 14.32193493901541
1 25477U 98053C   15363.38686670  .00003498  00000-0  13384-2 0  9997,2 25477  45.0106 341.7390 0004252 287.5796  72.4586 14.32181722901583
1 25477U 98053C   15364.43320718  .00003440  00000-0  13168-2 0  9999,2 25477  45.0109 336.8260 0004228 294.2344  65.8060 14.32193767901736
1 25477U 98053C   15364.92149617 +.00002848 +00000-0 +10991-2 0  9992,2 25477 045.0106 334.5331 0004228 295.1462 064.8945 14.32196020901532
1 25477U 98053C   15365.82831365  .00004139  00000-0  15731-2 0  9992,2 25477  45.0105 330.2744 0004165 297.4461  62.5962 14.32208675901934
1 25477U 98053C   15365.89806850 +.00004180 +00000-0 +15884-2 0  9995,2 25477 045.0105 329.9469 0004169 297.8326 062.2098 14.32209577901671
1 25477U 98053C   16001.87463409  .00004332  00000-0  16437-2 0  9994,2 25477  45.0104 325.3610 0004103 302.8974  57.1477 14.32218320902088
1 25477U 98053C   16001.94438857 +.00003698 +00000-0 +14111-2 0  9992,2 25477 045.0104 325.0334 0004097 303.3329 056.7125 14.32217547901826
1 25477U 98053C   16002.92094666 +.00003734 +00000-0 +14239-2 0  9999,2 25477 045.0104 320.4473 0004028 307.7599 052.2882 14.32227530901969
1 25477U 98053C   16003.13020714  .00003410  00000-0  13048-2 0  9994,2 25477  45.0102 319.4651 0004039 308.7221  51.3264 14.32231641902264
1 25477U 98053C   16003.89749604 +.00004006 +00000-0 +15234-2 0  9994,2 25477 045.0103 315.8613 0003982 311.8234 048.2271 14.32240119902104
1 25477U 98053C   16004.17650925  .00003375  00000-0  12917-2 0  9996,2 25477  45.0104 314.5512 0003979 312.9985  47.0527 14.32241464902419
1 25477U 98053C   16004.80428800 +.00003338 +00000-0 +12781-2 0  9999,2 25477 045.0103 311.6028 0003938 315.7891 044.2640 14.32246549902234
1 25477U 98053C   16005.78082659  .00002922  00000-0  11250-2 0  9993,2 25477  45.0107 307.0163 0003912 320.5708  39.4853 14.32255243902648
1 25477U 98053C   16006.19934599  .00002601  00000-0  10074-2 0  9995,2 25477  45.0106 305.0521 0004015 322.8093  37.2475 14.32245776902703
1 25477U 98053C   16006.75737070 +.00003044 +00000-0 +11698-2 0  9997,2 25477 045.0107 302.4318 0004021 325.4400 034.6185 14.32249755902516
1 25477U 98053C   16007.10614042  .00002793  00000-0  10782-2 0  9993,2 25477  45.0105 300.7924 0003760 326.1071  33.9535 14.32236196902830
1 25477U 98053C   16007.80367615 +.00002961 +00000-0 +11396-2 0  9990,2 25477 045.0104 297.5173 0003800 329.4667 030.5957 14.32239744902664
1 25477U 98053C   16008.15244981  .00003058  00000-0  11755-2 0  9996,2 25477  45.0104 295.8794 0003744 331.6591  28.4051 14.32226511902986
1 25477U 98053C   16008.78023605 +.00002983 +00000-0 +11480-2 0  9994,2 25477 045.0102 292.9312 0003707 334.2937 025.7724 14.32229952902800
1 25477U 98053C   16009.12901144  .00002912  00000-0  11220-2 0  9990,2 25477  45.0104 291.2932 0003639 335.7754  24.2920 14.32217845903125
1 25477U 98053C   16009.89631411 +.00003174 +00000-0 +12187-2 0  9995,2 25477 045.0099 287.6896 0003535 340.6132 019.4579 14.32210754902965
1 25477U 98053C   16010.17533388  .00003164  00000-0  12150-2 0  9991,2 25477  45.0103 286.3798 0003578 341.1028  18.9685 14.32211085903270
1 25477U 98053C   16010.87288520 +.00003293 +00000-0 +12625-2 0  9993,2 25477 045.0108 283.1044 0003654 341.6362 018.4351 14.32206263903104
1 25477U 98053C   16011.15190693  .00003262  00000-0  12513-2 0  9990,2 25477  45.0097 281.7940 0003477 345.6912  14.3835 14.32202751903412
1 25477U 98053C   16011.29141781 +.00003331 +00000-0 +12764-2 0  9994,2 25477 045.0095 281.1389 0003467 346.8031 013.2724 14.32201767903168
1 25477U 98053C   16012.12848271 -.00000094  00000-0  17218-4 0  9990,2 25477  45.0121 277.2053 0003458 352.6213   7.4582 14.32197016903550
1 25477U 98053C   16012.89579664 -.00000059 +00000-0 +30024-4 0  9992,2 25477 045.0104 273.6042 0003322 355.8057 004.2761 14.32191049903396
1 25477U 98053C   16013.17482029 -.00000061  00000-0  29161-4 0  9995,2 25477  45.0105 272.2942 0003367 356.8298   3.2526 14.32190510903703
1 25477U 98053C   16013.87237977 -.00000075 +00000-0 +24002-4 0  9996,2 25477 045.0100 269.0179 0003194 001.9708 358.1150 14.32188870903538
1 25477U 98053C   16014.50018317 -.00000087  00000-0  19613-4 0  9997,2 25477  45.0101 266.0705 0003230   4.2904 355.7969 14.32189301903896
1 25477U 98053C   16015.54652137 -.00000105 +00000-0 +13188-4 0  9998,2 25477 045.0099 261.1569 0003139 010.0837 350.0072 14.32189892903779
1 25477U 98053C   16015.68603301 -.00000107  00000-0  12384-4 0  9991,2 25477  45.0098 260.5014 0003117  10.7365 349.3547 14.32189953904064
1 25477U 98053C   16016.80212552 -.00000109  00000-0  11592-4 0  9992,2 25477  45.0097 255.2608 0003034  17.5180 342.5770 14.32192027904228
1 25477U 98053C   16016.87188132 -.00000108 +00000-0 +11929-4 0  9998,2 25477 045.0097 254.9332 0003031 017.9312 342.1641 14.32192043903967
1 25477U 98053C   16017.77870646 -.00000099 +00000-0 +15088-4 0  9995,2 25477 045.0095 250.6746 0002990 023.1078 336.9902 14.32192286904093
1 25477U 98053C   16018.05772883 -.00000095  00000-0  16601-4 0  9999,2 25477  45.0094 249.3641 0002917  25.4289 334.6700 14.32193108904409
1 25477U 98053C   16018.82504163 -.00000081 +00000-0 +21804-4 0  9994,2 25477 045.0093 245.7607 0002862 029.7710 330.3298 14.32193395904240
1 25477U 98053C   16019.80162061  .00000459  00000-0  22044-3 0  9994,2 25477  45.0092 241.1747 0002819  35.9243 324.1792 14.32195715904659
1 25477U 98053C   16019.94113186 +.00000402 +00000-0 +19955-3 0  9998,2 25477 045.0091 240.5196 0002808 036.9211 323.1828 14.32195538904408
1 25477U 98053C   16020.91770986 +.00000499 +00000-0 +23520-3 0  9993,2 25477 045.0090 235.9333 0002743 043.2215 316.8846 14.32197035904549
1 25477U 98053C   16021.05722094  .00000499  00000-0  23514-3 0  9999,2 25477  45.0090 235.2782 0002737  44.0450 316.0614 14.32197182904833
1 25477U 98053C   16021.89428726 +.00000434 +00000-0 +21133-3 0  9990,2 25477 045.0089 231.3471 0002686 049.9384 310.1697 14.32197690904689
1 25477U 98053C   16022.38257548  .00000444  00000-0  21514-3 0  9991,2 25477  45.0089 229.0540 0002662  53.0198 307.0892 14.32198327905022
1 25477U 98053C   16022.94061955 +.00000386 +00000-0 +19353-3 0  9991,2 25477 045.0089 226.4334 0002633 057.0993 303.0106 14.32198497904839
1 25477U 98053C   16023.49866322  .00000281  00000-0  15510-3 0  9998,2 25477  45.0089 223.8127 0002602  60.9244 299.1862 14.32198478905180
1 25477U 98053C   16023.91719598 +.00000250 +00000-0 +14353-3 0  9997,2 25477 045.0088 221.8472 0002596 063.6029 296.5083 14.32198686904976
1 25477U 98053C   16024.54499471  .00000205  00000-0  12711-3 0  9998,2 25477  45.0088 218.8989 0002565  67.8891 292.2227 14.32199028905339
1 25477U 98053C   16024.89377191 +.00000176 +00000-0 +11653-3 0  9991,2 25477 045.0088 217.2610 0002563 070.3185 289.7937 14.32199141905117
1 25477U 98053C   16025.80059201  .00000143  00000-0  10432-3 0  9990,2 25477  45.0088 213.0024 0002533  76.6391 283.4737 14.32199651905514
1 25477U 98053C   16025.94010281 +.00000100 +00000-0 +88298-4 0  9999,2 25477 045.0088 212.3473 0002531 077.6869 282.4260 14.32199520905260
1 25477U 98053C   16025.94010281 +.00000100 +00000-0 +88298-4 0  9999,2 25477 045.0088 212.3473 0002531 077.6869 282.4260 14.32199520905260
1 25477U 98053C   16026.84692254  .00000116  00000-0  94321-4 0  9996,2 25477  45.0088 208.0887 0002513  84.0694 276.0439 14.32200145905666
1 25477U 98053C   16026.91667792 +.00000096 +00000-0 +86816-4 0  9990,2 25477 045.0088 207.7612 0002508 084.6666 275.4466 14.32200071905400
1 25477U 98053C   16027.89325265  .00000095  00000-0  86583-4 0  9994,2 25477  45.0088 203.1750 0002497  91.6591 268.4541 14.32200524905819
1 25477U 98053C   16028.86982694 +.00000124 +00000-0 +97272-4 0  9997,2 25477 045.0088 198.5888 0002491 098.6586 261.4542 14.32201099905680
1 25477U 98053C   16029.49762433  .00000146  00000-0  10529-3 0  9997,2 25477  45.0088 195.6404 0002485 103.3471 256.7652 14.32201531906043
1 25477U 98053C   16029.84640058 +.00000165 +00000-0 +11234-3 0  9999,2 25477 045.0088 194.0026 0002492 105.7141 254.3980 14.32201838905827
1 25477U 98053C   16030.82297357  .00000211  00000-0  12929-3 0  9993,2 25477  45.0090 189.4165 0002504 112.6602 247.4509 14.32202730906233
1 25477U 98053C   16030.89272876 +.00000208 +00000-0 +12809-3 0  9992,2 25477 045.0090 189.0889 0002513 113.0110 247.1001 14.32202765905973
1 25477U 98053C   16031.86930081  .00000288  00000-0  15768-3 0  9994,2 25477  45.0091 184.5027 0002536 119.7863 240.3235 14.32204035906383
1 25477U 98053C   16032.77611697 +.00000335 +00000-0 +17499-3 0  9990,2 25477 045.0093 180.2442 0002560 126.2508 233.8574 14.32205192906248
1 25477U 98053C   16033.40391259  .00000318  00000-0  16867-3 0  9999,2 25477  45.0094 177.2958 0002572 130.7229 229.3841 14.32205695906605
1 25477U 98053C   16033.54342266 +.00000306 +00000-0 +16405-3 0  9993,2 25477 045.0094 176.6407 0002581 131.7132 228.3935 14.32205785906356
1 25477U 98053C   16034.45023629  .00000211  00000-0  12914-3 0  9999,2 25477  45.0096 172.3822 0002602 138.3551 221.7494 14.32208169906754
1 25477U 98053C   16034.79901089 +.00000220 +00000-0 +13250-3 0  9995,2 25477 045.0096 170.7444 0002633 140.1985 219.9054 14.32208521906531
1 25477U 98053C   16035.77557867  .00000215  00000-0  13060-3 0  9998,2 25477  45.0094 166.1582 0002686 146.8659 213.2356 14.32210223906949
1 25477U 98053C   16036.75214523 +.00000213 +00000-0 +13018-3 0  9997,2 25477 045.0096 161.5722 0002733 153.2677 206.8311 14.32211753906815
1 25477U 98053C   16037.44969545  .00000145  00000-0  10496-3 0  9996,2 25477  45.0095 158.2963 0002798 157.1051 202.9920 14.32202175907186
1 25477U 98053C   16037.79847147 +.00000151 +00000-0 +10706-3 0  9998,2 25477 045.0097 156.6587 0002799 159.6153 200.4805 14.32202439906966
1 25477U 98053C   16038.49602536  .00000179  00000-0  11741-3 0  9997,2 25477  45.0093 153.3815 0003034 162.9591 197.1357 14.32196350907336
1 25477U 98053C   16038.70529208 +.00000181 +00000-0 +11844-3 0  9992,2 25477 045.0097 152.3995 0002946 164.9352 195.1582 14.32196151907096
1 25477U 98053C   16039.54236195  .00000224  00000-0  13425-3 0  9990,2 25477  45.0097 148.4686 0003041 169.5598 190.5312 14.32187863907482
1 25477U 98053C   16040.58870536  .00000204  00000-0  12678-3 0  9996,2 25477  45.0100 143.5557 0003038 175.9469 184.1402 14.32178856907632
1 25477U 98053C   16041.70481185  .00000191  00000-0  12201-3 0  9996,2 25477  45.0102 138.3150 0003085 182.0280 178.0554 14.32170355907790
1 25477U 98053C   16042.68141153  .00000201  00000-0  12580-3 0  9994,2 25477  45.0103 133.7291 0003157 187.4008 172.6792 14.32161030907933
1 25477U 98053C   16043.58825854 +.00000209 +00000-0 +12872-3 0  9993,2 25477 045.0104 129.4703 0003270 192.3328 167.7439 14.32156059907792
1 25477U 98053C   16044.21607643  .00000207  00000-0  12776-3 0  9999,2 25477  45.0103 126.5223 0003322 195.2903 164.7843 14.32154686908156
1 25477U 98053C   16044.70437620 +.00000202 +00000-0 +12592-3 0  9990,2 25477 045.0104 124.2295 0003370 197.3953 162.6778 14.32162028907952
1 25477U 98053C   16045.19267523  .00000255  00000-0  14557-3 0  9998,2 25477  45.0105 121.9367 0003369 200.3213 159.7499 14.32165017908295
1 25477U 98053C   16045.33218920 +.00000274 +00000-0 +15254-3 0  9997,2 25477 045.0105 121.2818 0003343 200.8395 159.2315 14.32165799908049
1 25477U 98053C   16046.51805284  .00000226  00000-0  13494-3 0  9994,2 25477  45.0104 115.7132 0003481 206.9434 153.1231 14.32171449908486
1 25477U 98053C   16046.58780952 +.00000248 +00000-0 +14287-3 0  9990,2 25477 045.0104 115.3856 0003485 207.2110 152.8554 14.32171629908220
1 25477U 98053C   16047.49464126  .00000267  00000-0  14988-3 0  9992,2 25477  45.0106 111.1269 0003570 211.0681 148.9954 14.32179297908628
1 25477U 98053C   16048.19219963  .00000295  00000-0  16006-3 0  9991,2 25477  45.0097 107.8500 0003673 210.8590 149.2040 14.32188047908721
1 25477U 98053C   16048.26195557 +.00000298 +00000-0 +16118-3 0  9998,2 25477 045.0098 107.5226 0003677 211.6991 148.3634 14.32187997908465
1 25477U 98053C   16049.44780198  .00000264  00000-0  14861-3 0  9996,2 25477  45.0103 101.9551 0003667 220.1694 139.8881 14.32195833908901
1 25477U 98053C   16050.49413195  .00000216  00000-0  13124-3 0  9991,2 25477  45.0102  97.0413 0003735 224.4428 135.6119 14.32201608909053
1 25477U 98053C   16050.91266275 +.00000165 +00000-0 +11252-3 0  9996,2 25477 045.0107 095.0761 0003809 227.7559 132.2965 14.32202619908846
1 25477U 98053C   16051.54045788  .00000165  00000-0  11240-3 0  9997,2 25477  45.0102  92.1272 0003771 229.9064 130.1452 14.32207783909205
1 25477U 98053C   16052.51702596 +.00000140 +00000-0 +10309-3 0  9990,2 25477 045.0106 087.5415 0003816 234.5425 125.5065 14.32209746909073
1 25477U 98053C   16053.14481779  .00000119  00000-0  95215-4 0  9993,2 25477  45.0105  84.5931 0003833 237.0353 123.0125 14.32212657909434
1 25477U 98053C   16053.91211925 +.00000124 +00000-0 +97383-4 0  9996,2 25477 045.0105 080.9898 0003853 240.2546 119.7917 14.32213367909270
1 25477U 98053C   16054.47015624  .00000140  00000-0  10319-3 0  9997,2 25477  45.0105  78.3692 0003869 242.4632 117.5821 14.32214118909624
1 25477U 98053C   16054.53991090 +.00000139 +00000-0 +10285-3 0  9994,2 25477 045.0105 078.0416 0003868 242.7609 117.2843 14.32214161909361
1 25477U 98053C   16055.51647541  .00000143  00000-0  10420-3 0  9998,2 25477  45.0105  73.4554 0003895 246.8148 113.2288 14.32214852909777
1 25477U 98053C   16056.84181193 +.00000269 +00000-0 +15047-3 0  9990,2 25477 045.0105 067.2315 0003914 252.9228 107.1190 14.32216351909693
1 25477U 98053C   16057.12083005  .00000263  00000-0  14838-3 0  9996,2 25477  45.0105  65.9211 0003916 254.0603 105.9812 14.32216574910006
1 25477U 98053C   16057.81837518 +.00000273 +00000-0 +15213-3 0  9997,2 25477 045.0106 062.6453 0003922 257.0753 102.9655 14.32217264909833
1 25477U 98053C   16058.44616560  .00000260  00000-0  14708-3 0  9993,2 25477  45.0106  59.6971 0003915 259.7884 100.2520 14.32217770910195
1 25477U 98053C   16058.86469235 +.00000243 +00000-0 +14089-3 0  9997,2 25477 045.0106 057.7316 0003924 261.5370 098.5031 14.32218080909984
1 25477U 98053C   16059.49248242  .00000269  00000-0  15073-3 0  9992,2 25477  45.0106  54.7834 0003920 264.0740  95.9659 14.32218793910341
1 25477U 98053C   16060.95732506 +.00000239 +00000-0 +13969-3 0  9995,2 25477 045.0108 047.9040 0003921 270.0300 090.0096 14.32219897910286
1 25477U 98053C   16061.16658817  .00000242  00000-0  14059-3 0  9996,2 25477  45.0109  46.9212 0003918 270.8328  89.2069 14.32220110910584
1 25477U 98053C   16061.93388615 +.00000285 +00000-0 +15639-3 0  9999,2 25477 045.0110 043.3178 0003906 274.1813 085.8587 14.32220952910425
1 25477U 98053C   16062.42216640  .00000346  00000-0  17896-3 0  9997,2 25477  45.0110  41.0248 0003889 276.2809  83.7594 14.32221720910762
1 25477U 98053C   16063.74749801  .00000356  00000-0  18247-3 0  9995,2 25477  45.0113  34.8009 0003842 282.2463  77.7952 14.32222891910954
1 25477U 98053C   16064.30552756  .00000405  00000-0  20057-3 0  9996,2 25477  45.0113  32.1808 0003806 283.7279  76.3144 14.32230057911034
1 25477U 98053C   16065.35183368  .00000398  00000-0  19805-3 0  9991,2 25477  45.0119  27.2664 0003758 290.6891  69.3552 14.32234918911189
1 25477U 98053C   16065.77035435 +.00000422 +00000-0 +20687-3 0  9996,2 25477 045.0111 025.3011 0003812 286.9532 073.0896 14.32235474910974
1 25477U 98053C   16066.32838081  .00000396  00000-0  19704-3 0  9994,2 25477  45.0113  22.6804 0003732 292.0741  67.9708 14.32242025911321
1 25477U 98053C   16066.32838081 +.00000396 +00000-0 +19704-3 0  9994,2 25477 045.0113 022.6804 0003732 292.0741 067.9708 14.32242025911051
1 25477U 98053C   16067.30492317  .00000459  00000-0  22032-3 0  9999,2 25477  45.0109  18.0948 0003734 293.7579  66.2875 14.32250572911461
1 25477U 98053C   16067.93269979 +.00000409 +00000-0 +20184-3 0  9995,2 25477 045.0116 015.1467 0003706 300.1422 059.9057 14.32251836911287
1 25477U 98053C   16068.35121636  .00000426  00000-0  20801-3 0  9994,2 25477  45.0117  13.1809 0003645 303.2356  56.8140 14.32253353911610
1 25477U 98053C   16069.32775032  .00000413  00000-0  20322-3 0  9991,2 25477  45.0116   8.5945 0003593 304.7566  55.2942 14.32262410911751
1 25477U 98053C   16070.79254602  .00000424  00000-0  20727-3 0  9990,2 25477  45.0113   1.7157 0003529 310.6799  49.3741 14.32266521911962
1 25477U 98053C   16070.93204831 +.00003390 +00000-0 +12965-2 0  9994,2 25477 045.0117 001.0600 0003526 312.1594 047.8952 14.32272908911715
1 25477U 98053C   16071.28080651  .00003239  00000-0  12409-2 0  9990,2 25477  45.0110 359.4222 0003480 312.9009  47.1545 14.32275782912036
1 25477U 98053C   16071.90857115 +.00003996 +00000-0 +15185-2 0  9990,2 25477 045.0109 356.4739 0003414 315.7001 044.3572 14.32281517911855
1 25477U 98053C   16072.81533925  .00003312  00000-0  12675-2 0  9994,2 25477  45.0111 352.2151 0003346 320.0381  40.0218 14.32285961912256
1 25477U 98053C   16073.23384981  .00003357  00000-0  12843-2 0  9993,2 25477  45.0109 350.2496 0003343 321.4547  38.6060 14.32277757912318
1 25477U 98053C   16073.93136783 +.00003171 +00000-0 +12161-2 0  9992,2 25477 045.0112 346.9741 0003352 325.3201 034.7426 14.32274005912144
1 25477U 98053C   16074.21037503  .00002861  00000-0  11023-2 0  9995,2 25477  45.0111 345.6639 0003325 326.6599  33.4037 14.32273695912451
1 25477U 98053C   16074.83814026 +.00002725 +00000-0 +10522-2 0  9998,2 25477 045.0111 342.7155 0003260 329.4739 030.5917 14.32277365912270
1 25477U 98053C   16075.18690269  .00003433  00000-0  13123-2 0  9995,2 25477  45.0109 341.0776 0003189 330.0077  30.0586 14.32270531912591
1 25477U 98053C   16075.88442490 +.00003249 +00000-0 +12449-2 0  9998,2 25477 045.0109 337.8012 0003064 333.0569 027.0117 14.32268297912422
1 25477U 98053C   16076.16343389  .00003609  00000-0  13769-2 0  9993,2 25477  45.0106 336.4913 0003136 334.7617  25.3076 14.32266623912736
1 25477U 98053C   16076.86095878 +.00003155 +00000-0 +12107-2 0  9998,2 25477 045.0127 333.2157 0003330 332.4468 027.6201 14.32258488912565
1 25477U 98053C   16077.13996862  .00003202  00000-0  12276-2 0  9992,2 25477  45.0108 331.9055 0003083 338.6985  21.3732 14.32262794912872
1 25477U 98053C   16077.90724829 +.00003028 +00000-0 +11640-2 0  9999,2 25477 045.0109 328.3020 0003008 342.3612 017.7129 14.32257196912713
1 25477U 98053C   16078.11650631 -.00000159  00000-0 -69067-5 0  9995,2 25477  45.0108 327.3189 0002922 343.8031  16.2721 14.32255761913014
1 25477U 98053C   16078.88378859 -.00000020 +00000-0 +44139-4 0  9996,2 25477 045.0112 323.7153 0002853 348.7069 011.3712 14.32251441912856
1 25477U 98053C   16079.16280042 -.00000010  00000-0  48117-4 0  9993,2 25477  45.0111 322.4052 0002825 350.2272   9.8519 14.32250641913165
1 25477U 98053C   16079.86033092 -.00000005 +00000-0 +49895-4 0  9999,2 25477 045.0110 319.1287 0002731 353.9060 006.1752 14.32248531912992
1 25477U 98053C   16080.48810863  .00000004  00000-0  52932-4 0  9992,2 25477  45.0112 316.1807 0002682 356.4796   3.6031 14.32248160913359
1 25477U 98053C   16080.76712212 +.00000004 +00000-0 +53283-4 0  9992,2 25477 045.0107 314.8701 0002593 357.9633 002.1202 14.32245529913123
1 25477U 98053C   16081.74366907 +.00000004 +00000-0 +53252-4 0  9993,2 25477 045.0103 310.2862 0002949 004.9887 355.0988 14.32244448913537
1 25477U 98053C   16082.72021271 -.00000015 +00000-0 +46196-4 0  9996,2 25477 045.0104 305.6981 0002486 009.9489 350.1406 14.32244823913401
1 25477U 98053C   16082.99922544 -.00000019  00000-0  44727-4 0  9990,2 25477  45.0103 304.3876 0002452  11.7093 348.3810 14.32244916913719
1 25477U 98053C   16084.04552094 -.00000043  00000-0  35891-4 0  9996,2 25477  45.0111 299.4727 0002137  14.2186 345.8720 14.32246414913861
1 25477U 98053C   16084.67329993 -.00000052 +00000-0 +32562-4 0  9997,2 25477 045.0104 296.5258 0002327 020.2158 339.8780 14.32246605913688
1 25477U 98053C   16085.16157125 -.00000064  00000-0  28103-4 0  9997,2 25477  45.0102 294.2324 0002273  23.9756 336.1196 14.32247494914026
1 25477U 98053C   16085.64984241 -.00000070 +00000-0 +25777-4 0  9998,2 25477 045.0096 291.9382 0002088 034.9435 325.1548 14.32246056913825
