1 25481U 98053G   14365.22287042  .00000201  00000-0  12690-3 0  9995,2 25481 045.0060 247.1994 0002547 037.2082 322.8940 14.31607193849490
1 25481U 98053G   15001.68833943  .00000177  00000-0  11799-3 0  9991,2 25481 045.0057 240.3237 0002481 047.9208 312.1849 14.31608426849700
1 25481U 98053G   15002.87466951  .00000597  00000-0  27458-3 0  9999,2 25481 045.0057 234.7579 0002489 056.7922 303.3162 14.31609449849879
1 25481U 98053G   15004.13078363  .00000569  00000-0  26413-3 0  9995,2 25481 045.0056 228.8644 0002470 065.2957 294.8146 14.31611731850053
1 25481U 98053G   15005.87538243  .00000849  00000-0  36820-3 0  9999,2 25481 045.0056 220.6788 0002476 077.8517 282.2606 14.31613679850302
1 25481U 98053G   15006.71279720  .00000898  00000-0  33349-3 0  9992,2 25481 045.0062 216.7429 0002416 074.9435 285.2159 14.31616815850422
1 25481U 98053G   15007.55019545  .00000735  00000-0  32576-3 0  9993,2 25481 045.0057 212.8206 0002502 089.6123 270.5010 14.31619644850548
1 25481U 98053G   15008.80630157  .00000736  00000-0  32612-3 0  9992,2 25481 045.0057 206.9270 0002558 099.1235 260.9900 14.31623252850725
1 25481U 98053G   15009.85305358  .00000617  00000-0  28166-3 0  9997,2 25481 045.0058 202.0157 0002601 106.1320 253.9812 14.31624328850875
1 25481U 98053G   15010.89980475  .00000655  00000-0  29607-3 0  9995,2 25481 045.0059 197.1043 0002646 112.4969 247.6157 14.31626693851029
1 25481U 98053G   15011.94655298  .00000796  00000-0  34824-3 0  9997,2 25481 045.0060 192.1930 0002698 119.5848 240.5267 14.31627300851178
1 25481U 98053G   15013.55156544  .00000822  00000-0  35796-3 0  9995,2 25481 045.0063 184.6622 0002805 129.8446 230.2647 14.31630847851407
1 25481U 98053G   15014.87744310  .00000819  00000-0  35697-3 0  9991,2 25481 045.0065 178.4413 0002886 138.0784 222.0283 14.31635120851598
1 25481U 98053G   15016.48244857  .00000709  00000-0  31588-3 0  9994,2 25481 045.0067 170.9104 0002998 148.2141 211.8886 14.31640267851827
1 25481U 98053G   15017.52918866  .00000577  00000-0  26671-3 0  9998,2 25481 045.0068 165.9990 0003077 153.9922 206.1078 14.31643154851978
1 25481U 98053G   15018.78527316  .00000369  00000-0  18942-3 0  9994,2 25481 045.0069 160.1055 0003178 160.6317 199.4650 14.31644643852158
1 25481U 98053G   15019.83200835  .00000367  00000-0  18872-3 0  9995,2 25481 045.0070 155.1941 0003261 166.6969 193.3964 14.31645844852302
1 25481U 98053G   15021.36721748  .00000686  00000-0  30731-3 0  9999,2 25481 045.0071 147.9908 0003372 174.6110 185.4773 14.31646896852527
1 25481U 98053G   15022.48373280  .00000654  00000-0  29536-3 0  9993,2 25481 045.0072 142.7522 0003459 180.2842 179.8003 14.31649522852683
1 25481U 98053G   15023.80959407  .00000319  00000-0  17079-3 0  9998,2 25481 045.0073 136.5313 0003576 185.9248 174.1556 14.31649382852871
1 25481U 98053G   15025.34480262  .00000087  00000-0  84324-4 0  9997,2 25481 045.0074 129.3281 0003695 192.7777 167.2975 14.31651265853097
1 25481U 98053G   15026.46131684 -.00000007  00000-0  49562-4 0  9990,2 25481 045.0074 124.0894 0003766 198.2156 161.8555 14.31651757853258
1 25481U 98053G   15027.50804848 -.00000109  00000-0  11645-4 0  9999,2 25481 045.0075 119.1781 0003830 202.9552 157.1123 14.31651895853403
1 25481U 98053G   15028.55477889 -.00000058  00000-0  30437-4 0  9999,2 25481 045.0075 114.2669 0003881 208.0658 151.9979 14.31651863853556
1 25481U 98053G   15030.64823573  .00000230  00000-0  13751-3 0  9997,2 25481 045.0074 104.4442 0003976 216.8516 143.2057 14.31656454853855
1 25481U 98053G   15032.25321464  .00000282  00000-0  15680-3 0  9998,2 25481 045.0078 096.9140 0004015 223.7922 136.2606 14.31660968854085
1 25481U 98053G   15033.57906240  .00000230  00000-0  13778-3 0  9994,2 25481 045.0075 090.6924 0004062 229.2975 130.7518 14.31668267854276
1 25481U 98053G   15035.32359327  .00000073  00000-0  79213-4 0  9999,2 25481 045.0130 082.5153 0004097 245.7476 114.2942 14.31668548854527
1 25481U 98053G   15036.16096311  .00000092  00000-0  86191-4 0  9997,2 25481 045.0077 078.5772 0004088 240.0666 119.9774 14.31676556854644
1 25481U 98053G   15037.27745199  .00000055  00000-0  72631-4 0  9998,2 25481 045.0079 073.3385 0004117 245.2030 114.8388 14.31683015854805
1 25481U 98053G   15038.46371857  .00000173  00000-0  11640-3 0  9999,2 25481 045.0078 067.7726 0004069 250.8197 109.2208 14.31686462854978
1 25481U 98053G   15039.51042064  .00000236  00000-0  13967-3 0  9995,2 25481 045.0080 062.8606 0004075 254.3229 105.7167 14.31691940855126
1 25481U 98053G   15041.11535926  .00000294  00000-0  16134-3 0  9991,2 25481 045.0082 055.3295 0004052 261.7432 098.2954 14.31696996855353
1 25481U 98053G   15042.16205422  .00000460  00000-0  22283-3 0  9999,2 25481 045.0061 050.4144 0003577 255.1348 104.9102 14.31700448855508
1 25481U 98053G   15043.20874941  .00000321  00000-0  17129-3 0  9992,2 25481 045.0085 045.5064 0003980 270.0491 089.9899 14.31705624855655
1 25481U 98053G   15044.46477932  .00000181  00000-0  11930-3 0  9998,2 25481 045.0085 039.6125 0003890 275.0482 084.9920 14.31709460855834
1 25481U 98053G   15046.41859494  .00000160  00000-0  11166-3 0  9990,2 25481 045.0086 030.4444 0003791 284.0970 075.9455 14.31715000856112
1 25481U 98053G   15047.88395022  .00000265  00000-0  15033-3 0  9997,2 25481 045.0087 023.5680 0003713 290.0249 070.0197 14.31718869856326
1 25481U 98053G   15049.34930158  .00000434  00000-0  21318-3 0  9996,2 25481 045.0088 016.6917 0003597 296.8740 063.1738 14.31724397856533
1 25481U 98053G   15050.39597904  .00000349  00000-0  18167-3 0  9994,2 25481 045.0089 011.7803 0003505 301.5768 058.4735 14.31726011856682
1 25481U 98053G   15051.86132496  .00000317  00000-0  16968-3 0  9990,2 25481 045.0092 004.9040 0003382 309.1328 050.9217 14.31729856856897
1 25481U 98053G   15053.04755373  .00000242  00000-0  14179-3 0  9996,2 25481 045.0082 359.3381 0003436 314.9373 045.1194 14.31736398857064
1 25481U 98053G   15054.23377980  .00000168  00000-0  11462-3 0  9991,2 25481 045.0085 353.7718 0003178 319.9213 040.1398 14.31739045857232
1 25481U 98053G   15056.18755515  .00000163  00000-0  11273-3 0  9996,2 25481 045.0086 344.6024 0002999 329.5898 030.4773 14.31744964857514
1 25481U 98053G   15057.23421893  .00000207  00000-0  12903-3 0  9992,2 25481 045.0084 339.6910 0002924 335.0885 024.9819 14.31744723857664
1 25481U 98053G   15058.83910272  .00000068  00000-0  77200-4 0  9990,2 25481 045.0091 332.1521 0003175 343.9549 016.1196 14.31745146857898
1 25481U 98053G   15060.16487645  .00000116  00000-0  95292-4 0  9997,2 25481 045.0089 325.9309 0003075 350.7011 009.3777 14.31746152858087
1 25481U 98053G   15061.83953535  .00000411  00000-0  20465-3 0  9995,2 25481 045.0088 318.0722 0002937 359.3095 000.7746 14.31748902858324
1 25481U 98053G   15063.02575032  .00000417  00000-0  20682-3 0  9997,2 25481 045.0090 312.4975 0003104 007.7878 352.3052 14.31750290858492
1 25481U 98053G   15064.07240934  .00000556  00000-0  25832-3 0  9999,2 25481 045.0084 307.5938 0002722 012.6910 347.4004 14.31752135858645
1 25481U 98053G   15065.88661574  .00000473  00000-0  22765-3 0  9996,2 25481 045.0081 299.0802 0002572 023.3485 336.7478 14.31754195858909
1 25481U 98053G   15067.07282458  .00000616  00000-0  28070-3 0  9993,2 25481 045.0079 293.5134 0002506 031.4452 328.6543 14.31757085859077
1 25481U 98053G   15068.18925317  .00000585  00000-0  26907-3 0  9996,2 25481 045.0081 288.2749 0002433 038.5659 321.5360 14.31760336859239
1 25481U 98053G   15070.00344704  .00000785  00000-0  34339-3 0  9995,2 25481 045.0074 279.7603 0002246 049.8148 310.2894 14.31764334859492
1 25481U 98053G   15071.88741362  .00000872  00000-0  37572-3 0  9992,2 25481 045.0071 270.9186 0002161 063.1634 296.9433 14.31768141859762
1 25481U 98053G   15072.93405991  .00000816  00000-0  35470-3 0  9997,2 25481 045.0069 266.0066 0002118 071.1893 288.9183 14.31769628859911
1 25481U 98053G   15073.98070420  .00000826  00000-0  35835-3 0  9994,2 25481 045.0069 261.0946 0002093 079.9150 280.1932 14.31771631860068
1 25481U 98053G   15075.51577987  .00000726  00000-0  32155-3 0  9996,2 25481 045.0069 253.8902 0002060 092.3465 267.7617 14.31774023860284
1 25481U 98053G   15076.84152353  .00000840  00000-0  36361-3 0  9999,2 25481 045.0070 247.6683 0002065 103.7166 256.3910 14.31777538860478
1 25481U 98053G   15077.95793501  .00001185  00000-0  49159-3 0  9990,2 25481 045.0071 242.4289 0002104 109.2383 250.8690 14.31782567860630
1 25481U 98053G   15079.56277602  .00000870  00000-0  37489-3 0  9991,2 25481 045.0068 234.8964 0002290 123.7918 236.3146 14.31784190860866
1 25481U 98053G   15080.81873485  .00000219  00000-0  13335-3 0  9993,2 25481 045.0067 229.0018 0002349 133.5326 226.5715 14.31786632861045
1 25481U 98053G   15081.86536540  .00000246  00000-0  14328-3 0  9990,2 25481 045.0073 224.0907 0002237 140.0368 220.0643 14.31790344861199
1 25481U 98053G   15083.74929693  .00000582  00000-0  26777-3 0  9998,2 25481 045.0072 215.2489 0002351 152.8572 207.2397 14.31792797861467
1 25481U 98053G   15084.79592418  .00000682  00000-0  30482-3 0  9994,2 25481 045.0073 210.3370 0002430 159.1102 200.9844 14.31794838861612
1 25481U 98053G   15086.12165008  .00000722  00000-0  31973-3 0  9995,2 25481 045.0074 204.1150 0002537 167.1327 192.9584 14.31797064861802
1 25481U 98053G   15087.79624790  .00000791  00000-0  34535-3 0  9990,2 25481 045.0074 196.2558 0002681 177.0425 183.0437 14.31800178862040
1 25481U 98053G   15089.19174315  .00000877  00000-0  37728-3 0  9991,2 25481 045.0074 189.7065 0002788 184.7794 175.3025 14.31803028862248
1 25481U 98053G   15090.37791156  .00000886  00000-0  38048-3 0  9997,2 25481 045.0073 184.1395 0002912 190.8355 169.2428 14.31805313862419
1 25481U 98053G   15092.26181904  .00001110  00000-0  46334-3 0  9999,2 25481 045.0074 175.2991 0002970 201.5436 158.5286 14.31813158862685
1 25481U 98053G   15093.65729998  .00000983  00000-0  41623-3 0  9997,2 25481 045.0070 168.7488 0003112 207.5649 152.5032 14.31816829862883
1 25481U 98053G   15094.77368176  .00000888  00000-0  38108-3 0  9996,2 25481 045.0071 163.5095 0003149 213.1679 146.8970 14.31819960863042
1 25481U 98053G   15096.16915496  .00000864  00000-0  37230-3 0  9993,2 25481 045.0070 156.9595 0003309 219.4964 140.5641 14.31825082863246
1 25481U 98053G   15098.19258548  .00000686  00000-0  30623-3 0  9997,2 25481 045.0069 147.4629 0003442 228.5599 131.4951 14.31829543863531
1 25481U 98053G   15099.44850507  .00000591  00000-0  27101-3 0  9991,2 25481 045.0068 141.5685 0003513 233.8906 126.1615 14.31831501863712
1 25481U 98053G   15100.56487601  .00000612  00000-0  27870-3 0  9995,2 25481 045.0068 136.3288 0003550 238.7389 121.3109 14.31834073863872
1 25481U 98053G   15102.09988338  .00000636  00000-0  28772-3 0  9996,2 25481 045.0066 129.1238 0003614 244.9628 115.0843 14.31837048864096
1 25481U 98053G   15103.42556807  .00000579  00000-0  26645-3 0  9999,2 25481 045.0066 122.9015 0003644 250.7625 109.2827 14.31840267864280
1 25481U 98053G   15104.47216006  .00000597  00000-0  27332-3 0  9993,2 25481 045.0067 117.9891 0003669 254.9648 105.0792 14.31842317864435
1 25481U 98053G   15106.14670304  .00000869  00000-0  37393-3 0  9994,2 25481 045.0069 110.1291 0003705 261.8884 098.1541 14.31847309864672
1 25481U 98053G   15107.40260620  .00001045  00000-0  43914-3 0  9993,2 25481 045.0070 104.2345 0003702 266.8604 093.1818 14.31851097864851
1 25481U 98053G   15108.44919056  .00001108  00000-0  46218-3 0  9992,2 25481 045.0071 099.3222 0003687 271.3151 088.7273 14.31853867865000
1 25481U 98053G   15110.12372024  .00001262  00000-0  51921-3 0  9996,2 25481 045.0073 091.4624 0003646 278.3650 081.6783 14.31859310865240
1 25481U 98053G   15111.37961188  .00001384  00000-0  56449-3 0  9994,2 25481 045.0075 085.5676 0003612 283.2945 076.7498 14.31865455865423
1 25481U 98053G   15112.84481364  .00001370  00000-0  55926-3 0  9994,2 25481 045.0077 078.6901 0003547 289.4155 070.6307 14.31871134865633
1 25481U 98053G   15114.10069645  .00001398  00000-0  56933-3 0  9998,2 25481 045.0078 072.7954 0003514 293.8219 066.2259 14.31875238865817
1 25481U 98053G   15115.14726278  .00001339  00000-0  54765-3 0  9991,2 25481 045.0080 067.8829 0003447 298.1717 061.8781 14.31878389865969
1 25481U 98053G   15116.19382692  .00001213  00000-0  50082-3 0  9994,2 25481 045.0082 062.9707 0003379 302.5521 057.4999 14.31881171866112
1 25481U 98053G   15117.31015965  .00000977  00000-0  41359-3 0  9998,2 25481 045.0083 057.7310 0003293 307.2125 052.8420 14.31883606866272
1 25481U 98053G   15118.77534315  .00000832  00000-0  35978-3 0  9994,2 25481 045.0085 050.8539 0003192 313.0999 046.9580 14.31887073866489
1 25481U 98053G   15119.82190051  .00000717  00000-0  31751-3 0  9993,2 25481 045.0086 045.9417 0003111 317.5145 042.5460 14.31889309866633
1 25481U 98053G   15121.14753822  .00000598  00000-0  27318-3 0  9993,2 25481 045.0086 039.7196 0003003 323.4634 036.6007 14.31891785866820
1 25481U 98053G   15122.19409300  .00000512  00000-0  24159-3 0  9994,2 25481 045.0087 034.8073 0002909 328.0325 032.0344 14.31893494866972
1 25481U 98053G   15123.24064661  .00000475  00000-0  22763-3 0  9995,2 25481 045.0087 029.8950 0002806 332.7801 027.2898 14.31895245867121
1 25481U 98053G   15124.77558974  .00000506  00000-0  23910-3 0  9999,2 25481 045.0089 022.6903 0002678 339.6561 020.4177 14.31897966867349
1 25481U 98053G   15126.10122027  .00000601  00000-0  27428-3 0  9998,2 25481 045.0089 016.4681 0002550 345.9026 014.1748 14.31900531867536
1 25481U 98053G   15127.49661768  .00000689  00000-0  30686-3 0  9997,2 25481 045.0089 009.9184 0002429 352.1216 007.9591 14.31903444867731
1 25481U 98053G   15128.82224248  .00000725  00000-0  32008-3 0  9994,2 25481 045.0088 003.6961 0002268 359.6005 000.4838 14.31906270867926
1 25481U 98053G   15130.07809492  .00000763  00000-0  33407-3 0  9990,2 25481 045.0087 357.8012 0002138 006.7449 353.3426 14.31909182868103
1 25481U 98053G   15131.68279078  .00000944  00000-0  40136-3 0  9997,2 25481 045.0086 350.2687 0001978 016.0625 344.0284 14.31914003868330
1 25481U 98053G   15133.00840577  .00001203  00000-0  49701-3 0  9999,2 25481 045.0085 344.0460 0001878 024.0290 336.0643 14.31918611868525
1 25481U 98053G   15134.12470840  .00001297  00000-0  53149-3 0  9999,2 25481 045.0085 338.8061 0001741 032.2029 327.8923 14.31922525868688
1 25481U 98053G   15135.45031552  .00001342  00000-0  54834-3 0  9992,2 25481 045.0085 332.5833 0001639 040.6543 319.4425 14.31926555868878
1 25481U 98053G   15136.49684483  .00001245  00000-0  51220-3 0  9992,2 25481 045.0084 327.6706 0001558 048.6044 311.4935 14.31929161869027
1 25481U 98053G   15137.75267660  .00001021  00000-0  42952-3 0  9990,2 25481 045.0084 321.7758 0001493 059.7528 300.3466 14.31931974869208
1 25481U 98053G   15138.86896940  .00000867  00000-0  37269-3 0  9994,2 25481 045.0083 316.5355 0001434 070.1645 289.9356 14.31934435869366
1 25481U 98053G   15140.47363727  .00000707  00000-0  31319-3 0  9999,2 25481 045.0083 309.0028 0001396 082.2301 277.8703 14.31937611869596
1 25481U 98053G   15141.72946127  .00000614  00000-0  27882-3 0  9996,2 25481 045.0083 303.1079 0001369 095.6580 264.4422 14.31940046869770
1 25481U 98053G   15142.77598073  .00000510  00000-0  24046-3 0  9999,2 25481 045.0083 298.1952 0001376 104.0149 256.0850 14.31941368869924
1 25481U 98053G   15143.82249861  .00000437  00000-0  21347-3 0  9993,2 25481 045.0082 293.2824 0001392 114.2087 245.8905 14.31942761870072
1 25481U 98053G   15145.00855136  .00000383  00000-0  19358-3 0  9992,2 25481 045.0082 287.7148 0001435 123.7706 236.3276 14.31944208870243
1 25481U 98053G   15146.40390614  .00000284  00000-0  15699-3 0  9996,2 25481 045.0081 281.1645 0001513 136.7555 223.3410 14.31945464870448
1 25481U 98053G   15147.52018895  .00000277  00000-0  15437-3 0  9990,2 25481 045.0081 275.9244 0001581 145.8266 214.2681 14.31946770870607
1 25481U 98053G   15149.47368188  .00000243  00000-0  14156-3 0  9999,2 25481 045.0080 266.7543 0001720 159.7609 200.3305 14.31948703870883
1 25481U 98053G   15150.72949739  .00000257  00000-0  14679-3 0  9991,2 25481 045.0079 260.8595 0001811 167.0485 193.0408 14.31950001871065
1 25481U 98053G   15150.72949739  .00000257  00000-0  14679-3 0  9991,2 25481 045.0079 260.8595 0001811 167.0485 193.0408 14.31950001871065
1 25481U 98053G   15152.12484690  .00000279  00000-0  15495-3 0  9998,2 25481 045.0078 254.3094 0001927 175.9171 184.1691 14.31951289871260
1 25481U 98053G   15153.45042766  .00000249  00000-0  14403-3 0  9994,2 25481 045.0077 248.0866 0002051 183.3675 176.7158 14.31952251871453
1 25481U 98053G   15154.70623994  .00000279  00000-0  15486-3 0  9996,2 25481 045.0076 242.1916 0002137 189.4665 170.6141 14.31953537871637
1 25481U 98053G   15156.17135280  .00000276  00000-0  15395-3 0  9991,2 25481 045.0075 235.3137 0002263 196.8730 163.2041 14.31954955871845
1 25481U 98053G   15157.42716280  .00000317  00000-0  16916-3 0  9991,2 25481 045.0073 229.4185 0002365 203.0803 156.9937 14.31956419872026
1 25481U 98053G   15158.47367031  .00000392  00000-0  19687-3 0  9994,2 25481 045.0072 224.5059 0002440 207.8987 152.1729 14.31957854872177
1 25481U 98053G   15159.58994370  .00000532  00000-0  24867-3 0  9991,2 25481 045.0070 219.2658 0002520 213.1938 146.8750 14.31959803872334
1 25481U 98053G   15160.56668218 +.00000559 +00000-0 +25865-3 0  9998,2 25481 045.0068 214.6805 0002592 217.5160 142.5505 14.31960976872477
1 25481U 98053G   15161.19458483  .00000604  00000-0  27495-3 0  9991,2 25481 045.0067 211.7327 0002640 220.2675 139.7976 14.31961950872562
1 25481U 98053G   15161.61318661 +.00000593 +00000-0 +27099-3 0  9998,2 25481 045.0066 209.7677 0002670 221.9879 138.0762 14.31962333872621
1 25481U 98053G   15162.52015609 +.00000663 +00000-0 +29701-3 0  9995,2 25481 045.0064 205.5099 0002727 225.9197 134.1425 14.31963868872752
1 25481U 98053G   15163.49689180 +.00000720 +00000-0 +31806-3 0  9996,2 25481 045.0063 200.9246 0002780 229.9753 130.0849 14.31965441872894
1 25481U 98053G   15164.12479246  .00000691  00000-0  30712-3 0  9999,2 25481 045.0063 197.9768 0002816 232.6152 127.4437 14.31966267872982
1 25481U 98053G   15164.54339305 +.00000677 +00000-0 +30218-3 0  9991,2 25481 045.0063 196.0117 0002833 234.2557 125.8025 14.31966762873049
1 25481U 98053G   15165.52012631  .00000624  00000-0  28255-3 0  9990,2 25481 045.0063 191.4264 0002877 238.1976 121.8590 14.31968064873182
1 25481U 98053G   15166.35732563 +.00000537 +00000-0 +25027-3 0  9992,2 25481 045.0063 187.4960 0002916 241.4346 118.6206 14.31968907873300
1 25481U 98053G   15167.47359037  .00000689  00000-0  30655-3 0  9998,2 25481 045.0102 182.2512 0002781 242.1005 117.9600 14.31971712873465
1 25481U 98053G   15168.45032136 +.00000435 +00000-0 +21257-3 0  9992,2 25481 045.0065 177.6705 0002973 249.4355 110.6172 14.31971419873600
1 25481U 98053G   15169.07821912  .00000463  00000-0  22302-3 0  9992,2 25481 045.0065 174.7227 0002992 251.9087 108.1433 14.31972470873697
1 25481U 98053G   15169.91541603 +.00000384 +00000-0 +19384-3 0  9999,2 25481 045.0065 170.7924 0003010 255.0480 105.0032 14.31973089873813
1 25481U 98053G   15170.47354679  .00000379  00000-0  19191-3 0  9997,2 25481 045.0065 168.1723 0003017 256.9188 103.1321 14.31973806873898
1 25481U 98053G   15171.52004162  .00000372  00000-0  18940-3 0  9997,2 25481 045.0064 163.2595 0003028 260.6870 099.3633 14.31975009874049
1 25481U 98053G   15173.12466548  .00000325  00000-0  17181-3 0  9999,2 25481 045.0065 155.7263 0003029 266.3870 093.6629 14.31976600874277
1 25481U 98053G   15174.38045614  .00000388  00000-0  19519-3 0  9991,2 25481 045.0065 149.8308 0002988 271.1843 088.8660 14.31978594874453
1 25481U 98053G   15176.05484175  .00000449  00000-0  21786-3 0  9993,2 25481 045.0068 141.9702 0002954 277.2771 082.7739 14.31981122874694
1 25481U 98053G   15177.10133174  .00000337  00000-0  17652-3 0  9993,2 25481 045.0071 137.0575 0002919 280.9258 079.1259 14.31981853874849
1 25481U 98053G   15178.35711876  .00000306  00000-0  16476-3 0  9991,2 25481 045.0072 131.1622 0002873 285.7089 074.3440 14.31983160875025
1 25481U 98053G   15179.82220227  .00000261  00000-0  14829-3 0  9999,2 25481 045.0074 124.2841 0002823 290.9519 069.1024 14.31984490875234
1 25481U 98053G   15180.86868976  .00000174  00000-0  11600-3 0  9991,2 25481 045.0075 119.3713 0002757 294.6049 065.4509 14.31985054875383
1 25481U 98053G   15182.12446231  .00000173  00000-0  11583-3 0  9997,2 25481 045.0075 113.4762 0002674 299.5409 060.5170 14.31986244875566
1 25481U 98053G   15183.31047980  .00000186  00000-0  12073-3 0  9996,2 25481 045.0076 107.9083 0002589 304.1450 055.9151 14.31987437875736
1 25481U 98053G   15184.84532505  .00000231  00000-0  13730-3 0  9999,2 25481 045.0079 100.7027 0002499 309.9197 050.1429 14.31988986875958
1 25481U 98053G   15186.17087166  .00000377  00000-0  19127-3 0  9992,2 25481 045.0081 094.4800 0002401 314.9430 045.1221 14.31990998876140
1 25481U 98053G   15187.21735455  .00000445  00000-0  21638-3 0  9995,2 25481 045.0083 089.5672 0002314 318.9422 041.1250 14.31992451876292
1 25481U 98053G   15188.82195993  .00000530  00000-0  24749-3 0  9991,2 25481 045.0084 082.0342 0002177 324.9039 035.1663 14.31994655876528
1 25481U 98053G   15190.07773588  .00000702  00000-0  31117-3 0  9991,2 25481 045.0084 076.1388 0002056 329.9943 030.0785 14.31997280876703
1 25481U 98053G   15191.12421444  .00000438  00000-0  21365-3 0  9999,2 25481 045.0084 071.2260 0001953 334.3178 025.7571 14.31997511876850
1 25481U 98053G   15192.79857719  .00000602  00000-0  27422-3 0  9994,2 25481 045.0084 063.3652 0001797 341.1120 018.9659 14.32001209877095
1 25481U 98053G   15194.05434802  .00000537  00000-0  25019-3 0  9996,2 25481 045.0085 057.4699 0001678 346.9616 013.1186 14.32002735877279
1 25481U 98053G   15195.79847100  .00000508  00000-0  23958-3 0  9995,2 25481 045.0087 049.2816 0001486 354.9089 005.1742 14.32005157877529
1 25481U 98053G   15197.05423822  .00000416  00000-0  20551-3 0  9991,2 25481 045.0087 043.3862 0001342 001.6748 358.4102 14.32006269877703
1 25481U 98053G   15198.51929829  .00000337  00000-0  17623-3 0  9999,2 25481 045.0087 036.5081 0001170 009.3636 350.7232 14.32007588877917
1 25481U 98053G   15199.77506304  .00000273  00000-0  15276-3 0  9998,2 25481 045.0086 030.6127 0001058 017.4458 342.6424 14.32008644878096
1 25481U 98053G   15200.82153308  .00000155  00000-0  10898-3 0  9993,2 25481 045.0086 025.6998 0000953 025.1167 334.9725 14.32009043878241
1 25481U 98053G   15201.93776725  .00000110  00000-0  92441-4 0  9996,2 25481 045.0086 020.4593 0000855 034.7480 325.3421 14.32009763878404
1 25481U 98053G   15203.54235329  .00000091  00000-0  85450-4 0  9995,2 25481 045.0087 012.9259 0000725 050.1869 309.9041 14.32010678878637
1 25481U 98053G   15204.79811552  .00000132  00000-0  10052-3 0  9992,2 25481 045.0088 007.0305 0000654 064.9487 295.1426 14.32011561878810
1 25481U 98053G   15205.84458370  .00000111  00000-0  92972-4 0  9993,2 25481 045.0088 002.1176 0000614 078.2413 281.8502 14.32011904878969
1 25481U 98053G   15207.44916701  .00000120  00000-0  96280-4 0  9994,2 25481 045.0088 354.5844 0000601 102.8859 257.2054 14.32012768879193
1 25481U 98053G   15208.77469131  .00000135  00000-0  10153-3 0  9991,2 25481 045.0088 348.3616 0000638 122.5697 237.5210 14.32013713879387
1 25481U 98053G   15209.82115713  .00000163  00000-0  11191-3 0  9996,2 25481 045.0089 343.4489 0000676 134.9145 225.1756 14.32014645879539
1 25481U 98053G   15211.14667990  .00000150  00000-0  10726-3 0  9992,2 25481 045.0089 337.2259 0000747 149.4513 210.6377 14.32015521879727
1 25481U 98053G   15212.47220194  .00000204  00000-0  12718-3 0  9993,2 25481 045.0088 331.0029 0000851 161.8696 198.2181 14.32016662879911
1 25481U 98053G   15213.72795896  .00000257  00000-0  14687-3 0  9993,2 25481 045.0087 325.1074 0000952 170.7888 189.2976 14.32017653880092
1 25481U 98053G   15215.12324321  .00000291  00000-0  15944-3 0  9995,2 25481 045.0087 318.5568 0001059 180.0683 180.0163 14.32018735880293
1 25481U 98053G   15216.44876201  .00000283  00000-0  15648-3 0  9992,2 25481 045.0086 312.3338 0001182 187.8828 172.2000 14.32019707880486
1 25481U 98053G   15217.49522339  .00000286  00000-0  15755-3 0  9990,2 25481 045.0085 307.4210 0001266 193.9238 166.1573 14.32020647880634
1 25481U 98053G   15218.54168408  .00000255  00000-0  14602-3 0  9996,2 25481 045.0084 302.5081 0001350 199.2352 160.8443 14.32021473880786
1 25481U 98053G   15219.79743584  .00000288  00000-0  15824-3 0  9991,2 25481 045.0082 296.6127 0001441 205.0380 155.0396 14.32022913880969
1 25481U 98053G   15221.19271455  .00000326  00000-0  17222-3 0  9998,2 25481 045.0080 290.0622 0001553 211.5600 148.5153 14.32024382881169
1 25481U 98053G   15222.51822848  .00000290  00000-0  15877-3 0  9997,2 25481 045.0078 283.8392 0001654 217.0726 143.0005 14.32025236881358
1 25481U 98053G   15223.63444993  .00000265  00000-0  14963-3 0  9999,2 25481 045.0077 278.5987 0001726 221.4394 138.6321 14.32025945881514
1 25481U 98053G   15225.16925330  .00000229  00000-0  13650-3 0  9990,2 25481 045.0074 271.3927 0001824 227.1146 132.9547 14.32026907881733
1 25481U 98053G   15226.49476412  .00000188  00000-0  12103-3 0  9995,2 25481 045.0073 265.1695 0001894 231.8464 128.2211 14.32027790881925
1 25481U 98053G   15227.54121947  .00000173  00000-0  11551-3 0  9992,2 25481 045.0072 260.2565 0001939 235.7685 124.2977 14.32028591882076
1 25481U 98053G   15229.14578275  .00000240  00000-0  14037-3 0  9997,2 25481 045.0070 252.7228 0002031 241.2963 118.7679 14.32030375882307
1 25481U 98053G   15229.49460079 +.00000240 +00000-0 +14054-3 0  9996,2 25481 045.0070 251.0852 0002039 242.4955 117.5684 14.32030658882356
1 25481U 98053G   15230.47129122  .00000215  00000-0  13134-3 0  9997,2 25481 045.0070 246.4998 0002039 246.7599 113.3033 14.32031232882492
1 25481U 98053G   15230.88987273 +.00000188 +00000-0 +12125-3 0  9999,2 25481 045.0070 244.5345 0002055 248.4040 111.6587 14.32031331882557
1 25481U 98053G   15231.86656231 +.00000198 +00000-0 +12488-3 0  9998,2 25481 045.0069 239.9490 0002077 251.5163 108.5458 14.32032039882692
1 25481U 98053G   15232.14561636  .00000201  00000-0  12583-3 0  9995,2 25481 045.0068 238.6386 0002078 252.3131 107.7488 14.32032249882738
1 25481U 98053G   15233.47112250  .00000191  00000-0  12247-3 0  9991,2 25481 045.0067 232.4153 0002096 256.4018 103.6594 14.32033148882923
1 25481U 98053G   15234.44781057 +.00000231 +00000-0 +13698-3 0  9992,2 25481 045.0067 227.8296 0002117 259.0520 101.0088 14.32034106883061
1 25481U 98053G   15235.14544463  .00000200  00000-0  12579-3 0  9991,2 25481 045.0068 224.5540 0002117 261.5004 098.5601 14.32034502883165
1 25481U 98053G   15235.42449826 +.00000230 +00000-0 +13654-3 0  9997,2 25481 045.0067 223.2440 0002098 262.9866 097.0742 14.32034874883205
1 25481U 98053G   15236.40118516  .00000224  00000-0  13448-3 0  9999,2 25481 045.0068 218.6583 0002085 266.3172 093.7436 14.32035744883341
1 25481U 98053G   15236.95929183 +.00000212 +00000-0 +12991-3 0  9998,2 25481 045.0069 216.0378 0002080 268.3563 091.7044 14.32036161883423
1 25481U 98053G   15237.44763513  .00000199  00000-0  12522-3 0  9990,2 25481 045.0069 213.7451 0002067 269.8850 090.1759 14.32036513883493
1 25481U 98053G   15239.12195353  .00000209  00000-0  12879-3 0  9995,2 25481 045.0071 205.8840 0002051 274.8984 085.1628 14.32038036883735
1 25481U 98053G   15239.81958545 +.00000260 +00000-0 +14780-3 0  9991,2 25481 045.0071 202.6086 0002035 277.3320 082.7295 14.32038972883839
1 25481U 98053G   15240.23816441  .00000309  00000-0  16586-3 0  9997,2 25481 045.0071 200.6434 0002016 278.5245 081.5372 14.32039656883891
1 25481U 98053G   15240.86603278 +.00000310 +00000-0 +16633-3 0  9993,2 25481 045.0071 197.6955 0002001 280.6992 079.3629 14.32040223883983
1 25481U 98053G   15240.86603278 +.00000310 +00000-0 +16633-3 0  9993,2 25481 045.0071 197.6955 0002001 280.6992 079.3629 14.32040223883983
1 25481U 98053G   15241.35437444  .00000355  00000-0  18290-3 0  9998,2 25481 045.0071 195.4027 0001977 282.0407 078.0217 14.32040992884058
1 25481U 98053G   15241.91247924 +.00000334 +00000-0 +17517-3 0  9990,2 25481 045.0071 192.7823 0001963 283.6833 076.3794 14.32041386884135
1 25481U 98053G   15242.81939904  .00000294  00000-0  16018-3 0  9996,2 25481 045.0071 188.5242 0001929 286.2670 073.7963 14.32042048884262
1 25481U 98053G   15242.88916208 +.00000295 +00000-0 +16062-3 0  9995,2 25481 045.0071 188.1967 0001922 286.4980 073.5654 14.32042128884276
1 25481U 98053G   15243.86584419 +.00000293 +00000-0 +16007-3 0  9996,2 25481 045.0071 183.6110 0001880 289.2784 070.7859 14.32043139884417
1 25481U 98053G   15244.21465913  .00000295  00000-0  16082-3 0  9998,2 25481  45.0071 181.9734 0001847 290.5127  69.5521 14.32043526884466
1 25481U 98053G   15244.91228860 +.00000264 +00000-0 +14925-3 0  9993,2 25481 045.0072 178.6979 0001822 292.3102 067.7551 14.32044126884568
1 25481U 98053G   15245.33086632  .00000241  00000-0  14078-3 0  9993,2 25481  45.0072 176.7328 0001794 293.8633  66.2025 14.32044418884629
1 25481U 98053G   15245.88896961 +.00000228 +00000-0 +13605-3 0  9997,2 25481 045.0073 174.1124 0001771 295.3065 064.7598 14.32044921884703
1 25481U 98053G   15246.65636154  .00000217  00000-0  13199-3 0  9995,2 25481  45.0074 170.5095 0001733 297.9926  62.0745 14.32045556884815
1 25481U 98053G   15246.86565017 +.00000210 +00000-0 +12925-3 0  9996,2 25481 045.0074 169.5269 0001716 298.4983 061.5690 14.32045713884847
1 25481U 98053G   15247.28422731 +.00000222 +00000-0 +13368-3 0  9993,2 25481 045.0074 167.5617 0001688 299.8532 060.2146 14.32046161884902
1 25481U 98053G   15248.19114427  .00000237  00000-0  13937-3 0  9992,2 25481  45.0075 163.3038 0001632 302.9965  57.0724 14.32046993885033
1 25481U 98053G   15248.88877225 +.00000244 +00000-0 +14201-3 0  9993,2 25481 045.0075 160.0283 0001588 304.8481 055.2216 14.32047610885137
1 25481U 98053G   15249.23758620  .00000259  00000-0  14728-3 0  9990,2 25481  45.0075 158.3908 0001556 306.1723  53.8979 14.32047962885185
1 25481U 98053G   15249.86545108 +.00000248 +00000-0 +14320-3 0  9990,2 25481 045.0075 155.4428 0001515 307.7408 052.3301 14.32048386885276
1 25481U 98053G   15250.84212908  .00000266  00000-0  14977-3 0  9997,2 25481  45.0074 150.8572 0001437 310.5028  49.5693 14.32049319885412
1 25481U 98053G   15251.88856872 +.00000311 +00000-0 +16673-3 0  9992,2 25481 045.0073 145.9442 0001354 313.7840 046.2893 14.32050635885562
1 25481U 98053G   15252.09785658  .00000313  00000-0  16718-3 0  9991,2 25481  45.0073 144.9616 0001333 314.7370  45.3367 14.32050859885597
1 25481U 98053G   15252.86524500 +.00000296 +00000-0 +16103-3 0  9991,2 25481 045.0073 141.3585 0001262 316.6644 043.4103 14.32051609885703
1 25481U 98053G   15253.14429521  .00000341  00000-0  17746-3 0  9995,2 25481  45.0073 140.0484 0001245 317.9464  42.1287 14.32052176885745
1 25481U 98053G   15253.91168313 +.00000283 +00000-0 +15615-3 0  9997,2 25481 045.0073 136.4453 0001189 319.8954 040.1804 14.32052710885851
1 25481U 98053G   15254.46978326  .00000255  00000-0  14587-3 0  9997,2 25481  45.0073 133.8250 0001142 321.7049  38.3715 14.32053159885930
1 25481U 98053G   15254.88835815 +.00000274 +00000-0 +15282-3 0  9992,2 25481 045.0073 131.8597 0001100 322.6319 037.4450 14.32053714885995
1 25481U 98053G   15255.79527022  .00000239  00000-0  13994-3 0  9990,2 25481  45.0073 127.6016 0001027 325.5346  34.5433 14.32054446886122
1 25481U 98053G   15255.86503264 +.00000237 +00000-0 +13924-3 0  9991,2 25481 045.0073 127.2740 0001024 325.7203 034.3577 14.32054513886136
1 25481U 98053G   15256.77194425 +.00000220 +00000-0 +13280-3 0  9994,2 25481 045.0073 123.0159 0000957 328.1569 031.9218 14.32055241886268
1 25481U 98053G   15257.05099384  .00000229  00000-0  13625-3 0  9996,2 25481  45.0073 121.7058 0000928 329.0484  31.0307 14.32055541886303
1 25481U 98053G   15257.74861779 +.00000226 +00000-0 +13505-3 0  9991,2 25481 045.0073 118.4303 0000875 330.6010 029.4786 14.32056056886408
1 25481U 98053G   15258.44624132  .00000247  00000-0  14292-3 0  9996,2 25481  45.0073 115.1548 0000809 332.3181  27.7621 14.32056712886507
1 25481U 98053G   15258.93457771 +.00000240 +00000-0 +14049-3 0  9996,2 25481 045.0073 112.8620 0000756 333.7016 026.3792 14.32057032886572
1 25481U 98053G   15259.56243859  .00000228  00000-0  13582-3 0  9993,2 25481  45.0073 109.9140 0000688 335.1219  24.9594 14.32057400886664
1 25481U 98053G   15259.91125007 +.00000227 +00000-0 +13560-3 0  9991,2 25481 045.0072 108.2763 0000640 336.2314 023.8503 14.32057669886713
1 25481U 98053G   15260.74839743  .00000221  00000-0  13346-3 0  9999,2 25481  45.0072 104.3457 0000565 338.3179  21.7643 14.32058245886834
1 25481U 98053G   15260.88792194 +.00000215 +00000-0 +13124-3 0  9999,2 25481 045.0072 103.6906 0000542 338.3918 021.6905 14.32058316886852
1 25481U 98053G   15261.93435550 +.00000216 +00000-0 +13131-3 0  9995,2 25481 045.0071 098.7774 0000440 340.1949 019.8880 14.32059117887009
1 25481U 98053G   15262.00411770  .00000215  00000-0  13101-3 0  9998,2 25481  45.0072  98.4498 0000429 340.3110  19.7720 14.32059178887019
1 25481U 98053G   15262.91102625 +.00000226 +00000-0 +13521-3 0  9992,2 25481 045.0072 094.1916 0000337 340.3941 019.6892 14.32059953887141
1 25481U 98053G   15263.53888561  .00000259  00000-0  14724-3 0  9993,2 25481  45.0072  91.2435 0000277 338.5307  21.5528 14.32060667887235
1 25481U 98053G   15263.88769640 +.00000229 +00000-0 +13639-3 0  9998,2 25481 045.0072 089.6057 0000239 338.1028 021.9808 14.32060788887284
1 25481U 98053G   15264.86436617  .00000217  00000-0  13175-3 0  9994,2 25481  45.0074  85.0199 0000162 332.7104  27.3734 14.32061467887422
1 25481U 98053G   15264.93412828 +.00000215 +00000-0 +13105-3 0  9991,2 25481 045.0074 084.6923 0000161 332.6289 027.4548 14.32061508887435
1 25481U 98053G   15265.91079752  .00000235  00000-0  13831-3 0  9993,2 25481  45.0075  80.1064 0000097 313.0807  47.0031 14.32062306887577
1 25481U 98053G   15266.88746609 +.00000253 +00000-0 +14522-3 0  9990,2 25481 045.0076 075.5206 0000097 241.8817 118.2020 14.32063119887711
1 25481U 98053G   15266.95722812  .00000250  00000-0  14419-3 0  9990,2 25481  45.0076  75.1931 0000102 237.9318 122.1518 14.32063155887728
1 25481U 98053G   15267.86413419 +.00000279 +00000-0 +15474-3 0  9994,2 25481 045.0077 070.9349 0000175 217.2357 142.8477 14.32063949887857
1 25481U 98053G   15268.49199190  .00000292  00000-0  15961-3 0  9997,2 25481  45.0078  67.9868 0000227 212.9325 147.1506 14.32064490887948
1 25481U 98053G   15268.84080159 +.00000323 +00000-0 +17100-3 0  9992,2 25481 045.0079 066.3491 0000252 210.4469 149.6363 14.32064947887994
1 25481U 98053G   15269.81746834  .00000289  00000-0  15840-3 0  9999,2 25481  45.0079  61.7634 0000351 208.1635 151.9192 14.32065608888139
1 25481U 98053G   15269.88723013 +.00000312 +00000-0 +16679-3 0  9998,2 25481 045.0079 061.4359 0000355 208.2985 151.7842 14.32065823888143
1 25481U 98053G   15270.86389606 +.00000325 +00000-0 +17178-3 0  9993,2 25481 045.0080 056.8502 0000449 208.6315 151.4506 14.32066845888282
1 25481U 98053G   15270.93365787  .00000323  00000-0  17085-3 0  9990,2 25481  45.0080  56.5226 0000454 208.9851 151.0970 14.32066909888299
1 25481U 98053G   15271.84056142 +.00000328 +00000-0 +17290-3 0  9996,2 25481 045.0081 052.2645 0000540 209.9142 150.1673 14.32067826888422
1 25481U 98053G   15272.46841732  .00000311  00000-0  16655-3 0  9998,2 25481  45.0083  49.3165 0000602 211.2531 148.8279 14.32068389888516
1 25481U 98053G   15272.88698775 +.00000328 +00000-0 +17266-3 0  9998,2 25481 045.0083 047.3513 0000633 211.5258 148.5550 14.32068919888578
1 25481U 98053G   15273.51484319  .00000350  00000-0  18096-3 0  9993,2 25481  45.0084  44.4033 0000694 213.4686 146.6116 14.32069676888665
1 25481U 98053G   15273.86365155 +.00000373 +00000-0 +18944-3 0  9994,2 25481 045.0085 042.7656 0000725 214.5507 145.5291 14.32070177888713
1 25481U 98053G   15274.77055311  .00000400  00000-0  19948-3 0  9991,2 25481  45.0085  38.5074 0000806 217.6189 142.4601 14.32071206888849
1 25481U 98053G   15274.84031459 +.00000436 +00000-0 +21250-3 0  9994,2 25481 045.0085 038.1799 0000808 217.6962 142.3827 14.32071511888859
1 25481U 98053G   15275.81697686  .00000472  00000-0  22599-3 0  9999,2 25481  45.0087  33.5942 0000887 219.9291 140.1490 14.32072716888992
1 25481U 98053G   15276.79363829 +.00000508 +00000-0 +23907-3 0  9990,2 25481 045.0089 029.0086 0000959 222.2414 137.8358 14.32073960889132
1 25481U 98053G   15277.49125313  .00000468  00000-0  22420-3 0  9996,2 25481  45.0090  25.7331 0001016 223.8778 136.1988 14.32074518889237
1 25481U 98053G   15277.77029888 +.00000468 +00000-0 +22421-3 0  9998,2 25481 045.0090 024.4231 0001028 224.6669 135.4094 14.32074867889274
1 25481U 98053G   15278.74695885  .00000383  00000-0  19309-3 0  9999,2 25481  45.0091  19.8376 0001100 227.3155 132.7598 14.32075548889416
1 25481U 98053G   15279.72361805 +.00000326 +00000-0 +17200-3 0  9995,2 25481 045.0091 015.2521 0001173 230.3654 129.7089 14.32076407889557
1 25481U 98053G   15280.49099242  .00000353  00000-0  18196-3 0  9999,2 25481  45.0091  11.6492 0001228 232.3778 127.6957 14.32077524889668
1 25481U 98053G   15280.70027628 +.00000345 +00000-0 +17888-3 0  9990,2 25481 045.0091 010.6666 0001242 233.2552 126.8180 14.32077746889694
1 25481U 98053G   15281.67693394  .00000320  00000-0  16990-3 0  9992,2 25481  45.0091   6.0811 0001302 236.2062 123.8660 14.32078786889832
1 25481U 98053G   15282.65359100 +.00000270 +00000-0 +15118-3 0  9990,2 25481 045.0091 001.4956 0001367 238.9641 121.1071 14.32079571889979
1 25481U 98053G   15283.21168049  .00000274  00000-0  15279-3 0  9995,2 25481  45.0091 358.8751 0001401 240.6991 119.3715 14.32080145890052
1 25481U 98053G   15283.63024739 +.00000268 +00000-0 +15073-3 0  9993,2 25481 045.0091 356.9100 0001425 241.8655 118.2048 14.32080551890110
1 25481U 98053G   15284.53714210  .00000288  00000-0  15789-3 0  9999,2 25481  45.0091 352.6519 0001475 244.6758 115.3935 14.32081494890241
1 25481U 98053G   15284.60690320 +.00000289 +00000-0 +15822-3 0  9991,2 25481 045.0091 352.3244 0001477 244.8254 115.2439 14.32081566890257
1 25481U 98053G   15285.65331947  .00000305  00000-0  16416-3 0  9993,2 25481  45.0090 347.4112 0001525 247.6732 112.3952 14.32082593890407
1 25481U 98053G   15286.62997388 +.00000317 +00000-0 +16875-3 0  9990,2 25481 045.0090 342.8256 0001565 250.6319 109.4358 14.32083593890547
1 25481U 98053G   15287.18806180  .00000304  00000-0  16386-3 0  9994,2 25481  45.0089 340.2051 0001592 252.2832 107.7840 14.32084059890622
1 25481U 98053G   15287.60662752 +.00000361 +00000-0 +18477-3 0  9992,2 25481 045.0089 338.2400 0001600 253.5395 106.5275 14.32084821890687
1 25481U 98053G   15288.23447595  .00000344  00000-0  17872-3 0  9997,2 25481  45.0089 335.2920 0001624 255.2417 104.8249 14.32085379890772
1 25481U 98053G   15288.51351964 +.00000346 +00000-0 +17917-3 0  9994,2 25481 045.0088 333.9819 0001628 256.0907 103.9758 14.32085677890811
1 25481U 98053G   15289.49017184  .00000380  00000-0  19179-3 0  9995,2 25481  45.0087 329.3963 0001653 259.2144 100.8516 14.32086969890953
1 25481U 98053G   15289.55993267 +.00000389 +00000-0 +19523-3 0  9999,2 25481 045.0087 329.0687 0001655 259.5354 100.5306 14.32087106890960
1 25481U 98053G   15290.53658413  .00000397  00000-0  19826-3 0  9995,2 25481  45.0086 324.4831 0001677 262.6675  97.3980 14.32088281891107
1 25481U 98053G   15291.51323456 +.00000463 +00000-0 +22252-3 0  9991,2 25481 045.0085 319.8974 0001699 265.7987 094.2665 14.32089843891242
1 25481U 98053G   15292.14108062  .00000491  00000-0  23279-3 0  9996,2 25481  45.0085 316.9493 0001716 267.7552  92.3097 14.32090824891335
1 25481U 98053G   15292.48988403 +.00000525 +00000-0 +24547-3 0  9995,2 25481 045.0084 315.3116 0001716 268.9052 091.1597 14.32091414891380
1 25481U 98053G   15293.46653261  .00000599  00000-0  27271-3 0  9993,2 25481  45.0083 310.7257 0001724 271.9651  88.0997 14.32093047891521
1 25481U 98053G   15293.88509582 +.00000621 +00000-0 +28067-3 0  9995,2 25481 045.0083 308.7603 0001734 273.2474 086.8174 14.32093753891585
1 25481U 98053G   15294.44317984 +.00000669 +00000-0 +29825-3 0  9996,2 25481 045.0082 306.1398 0001728 274.8387 085.2261 14.32094811891665
1 25481U 98053G   15295.14078435  .00000673  00000-0  29978-3 0  9993,2 25481  45.0081 302.8641 0001732 276.8730  83.1919 14.32095881891763
1 25481U 98053G   15295.90814845 +.00000729 +00000-0 +32056-3 0  9993,2 25481 045.0080 299.2609 0001726 279.2034 080.8617 14.32097458891875
1 25481U 98053G   15296.46623104  .00000759  00000-0  33141-3 0  9990,2 25481  45.0080 296.6404 0001714 281.1593  78.9060 14.32098581891955
1 25481U 98053G   15296.95455307 +.00000711 +00000-0 +31402-3 0  9998,2 25481 045.0080 294.3473 0001713 282.5122 077.5532 14.32099157892026
1 25481U 98053G   15297.79167543  .00000737  00000-0  32353-3 0  9997,2 25481  45.0080 290.4166 0001694 285.0805  74.9853 14.32100929892146
1 25481U 98053G   15297.86143576 +.00000704 +00000-0 +31117-3 0  9996,2 25481 045.0080 290.0890 0001695 285.3018 074.7641 14.32100826892156
1 25481U 98053G   15298.83807764 +.00000667 +00000-0 +29770-3 0  9990,2 25481 045.0079 285.5032 0001669 288.6205 071.4459 14.32102464892292
1 25481U 98053G   15299.11711795  .00000654  00000-0  29293-3 0  9996,2 25481  45.0079 284.1929 0001657 289.3007  70.7659 14.32102926892339
1 25481U 98053G   15299.95423887 +.00000580 +00000-0 +26563-3 0  9995,2 25481 045.0079 280.2622 0001636 292.4031 067.6641 14.32103912892450
1 25481U 98053G   15300.37279910  .00000551  00000-0  25500-3 0  9998,2 25481  45.0079 278.2969 0001618 294.0322  66.0355 14.32104437892517
1 25481U 98053G   15300.93087898 +.00000547 +00000-0 +25352-3 0  9992,2 25481 045.0078 275.6763 0001606 295.7788 064.2892 14.32105288892599
1 25481U 98053G   15300.93087898 +.00000547 +00000-0 +25352-3 0  9992,2 25481 045.0078 275.6763 0001606 295.7788 064.2892 14.32105288892599
1 25481U 98053G   15301.41919860  .00000545  00000-0  25252-3 0  9996,2 25481  45.0078 273.3835 0001586 297.0993  62.9691 14.32106044892665
1 25481U 98053G   15301.90751814 +.00000534 +00000-0 +24841-3 0  9994,2 25481 045.0078 271.0905 0001573 298.5941 061.4746 14.32106641892739
1 25481U 98053G   15302.88415648  .00000565  00000-0  26000-3 0  9997,2 25481  45.0077 266.5046 0001532 301.9736  58.0961 14.32108124892873
1 25481U 98053G   15302.95391633 +.00000564 +00000-0 +25971-3 0  9997,2 25481 045.0077 266.1770 0001527 302.2943 057.7755 14.32108218892883
1 25481U 98053G   15303.86079382 +.00000593 +00000-0 +27042-3 0  9995,2 25481 045.0077 261.9187 0001482 305.6019 054.4688 14.32109590893018
1 25481U 98053G   15304.13983284  .00000593  00000-0  27036-3 0  9994,2 25481  45.0077 260.6085 0001463 306.5312  53.5399 14.32109990893053
1 25481U 98053G   15304.90719008 +.00000565 +00000-0 +25986-3 0  9991,2 25481 045.0077 257.0052 0001425 309.4836 050.5884 14.32110825893165
1 25481U 98053G   15305.25598872  .00000649  00000-0  29094-3 0  9991,2 25481  45.0077 255.3674 0001401 311.1173  48.9552 14.32111712893219
1 25481U 98053G   15305.88382526 +.00000671 +00000-0 +29892-3 0  9998,2 25481 045.0077 252.4193 0001369 312.7482 047.3248 14.32112834893307
1 25481U 98053G   15306.30238314  .00000676  00000-0  30099-3 0  9997,2 25481  45.0077 250.4540 0001342 314.0170  46.0565 14.32113437893365
1 25481U 98053G   15306.86045966 +.00000653 +00000-0 +29242-3 0  9990,2 25481 045.0077 247.8334 0001312 315.8969 044.1772 14.32114196893449
1 25481U 98053G   15307.34877680  .00000580  00000-0  26549-3 0  9996,2 25481  45.0077 245.5406 0001275 318.4704  41.6045 14.32114479893515
1 25481U 98053G   15307.90685278 +.00000552 +00000-0 +25520-3 0  9995,2 25481 045.0077 242.9201 0001240 320.4457 039.6298 14.32115215893593
1 25481U 98053G   15308.81372567  .00000540  00000-0  25084-3 0  9992,2 25481  45.0077 238.6619 0001184 323.3363  36.7402 14.32116544893729
1 25481U 98053G   15308.88348508 +.00000537 +00000-0 +24969-3 0  9994,2 25481 045.0078 238.3343 0001177 323.4231 036.6535 14.32116640893732
1 25481U 98053G   15309.86011683  .00000482  00000-0  22941-3 0  9991,2 25481  45.0077 233.7485 0001108 327.0625  33.0152 14.32117685893879
1 25481U 98053G   15310.90650703 +.00000473 +00000-0 +22605-3 0  9997,2 25481 045.0076 228.8352 0001024 331.3647 028.7143 14.32118988894021
1 25481U 98053G   15311.18554420  .00000477  00000-0  22764-3 0  9997,2 25481  45.0076 227.5250 0001005 332.7878  27.2915 14.32119379894064
1 25481U 98053G   15311.88313623 +.00000549 +00000-0 +25416-3 0  9999,2 25481 045.0075 224.2494 0000942 335.8634 024.2168 14.32120828894169
1 25481U 98053G   15312.23193225  .00000551  00000-0  25490-3 0  9998,2 25481  45.0074 222.6116 0000916 337.9330  22.1477 14.32121320894212
1 25481U 98053G   15312.85976469 +.00000537 +00000-0 +24944-3 0  9992,2 25481 045.0073 219.6635 0000868 340.6869 019.3944 14.32122137894301
1 25481U 98053G   15313.76663274  .00000586  00000-0  26752-3 0  9993,2 25481  45.0072 215.4052 0000795 345.0613  15.0209 14.32123817894439
1 25481U 98053G   15313.90615086 +.00000585 +00000-0 +26711-3 0  9991,2 25481 045.0072 214.7501 0000780 346.1362 013.9462 14.32124041894457
1 25481U 98053G   15314.81301813  .00000552  00000-0  25522-3 0  9995,2 25481  45.0071 210.4917 0000705 351.3478   8.7356 14.32125274894580
1 25481U 98053G   15314.88277691 +.00000620 +00000-0 +28034-3 0  9995,2 25481 045.0071 210.1642 0000704 352.1012 007.9823 14.32125819894590
1 25481U 98053G   15315.85940207  .00000527  00000-0  24583-3 0  9994,2 25481  45.0071 205.5783 0000628 358.6284   1.4560 14.32126884894737
1 25481U 98053G   15316.90578531 +.00000436 +00000-0 +21254-3 0  9999,2 25481 045.0070 200.6649 0000543 006.9368 353.1486 14.32127986894889
1 25481U 98053G   15316.97554417  .00000433  00000-0  21133-3 0  9996,2 25481  45.0070 200.3373 0000539   7.6240 352.4614 14.32128069894891
1 25481U 98053G   15317.88240858 +.00000459 +00000-0 +22070-3 0  9997,2 25481 045.0070 196.0789 0000466 015.0398 345.0461 14.32129546895024
1 25481U 98053G   15318.09168496  .00000448  00000-0  21662-3 0  9992,2 25481  45.0069 195.0963 0000452  17.3637 342.7224 14.32129765895058
1 25481U 98053G   15318.85903121 +.00000415 +00000-0 +20466-3 0  9993,2 25481 045.0069 191.4930 0000387 025.9710 334.1155 14.32130573895165
1 25481U 98053G   15319.13806613  .00000404  00000-0  20041-3 0  9990,2 25481  45.0069 190.1827 0000366  29.9724 330.1143 14.32130849895206
1 25481U 98053G   15319.90541176 +.00000386 +00000-0 +19408-3 0  9999,2 25481 045.0068 186.5794 0000310 042.9574 317.1296 14.32131644895314
1 25481U 98053G   15320.81227387  .00000447  00000-0  21636-3 0  9990,2 25481  45.0067 182.3210 0000271  63.4750 296.6124 14.32133072895442
1 25481U 98053G   15320.88203237 +.00000481 +00000-0 +22895-3 0  9991,2 25481 045.0067 181.9935 0000269 064.9823 295.1051 14.32133366895455
1 25481U 98053G   15321.85865234 +.00000491 +00000-0 +23254-3 0  9991,2 25481 045.0064 177.4075 0000263 091.1942 268.8934 14.32134566895590
1 25481U 98053G   15321.99816941  .00000491  00000-0  23244-3 0  9996,2 25481  45.0064 176.7524 0000269  94.0521 266.0355 14.32134735895610
1 25481U 98053G   15322.90502977 +.00000476 +00000-0 +22713-3 0  9992,2 25481 045.0062 172.4938 0000306 116.1718 243.9160 14.32135815895748
1 25481U 98053G   15323.74213094  .00000459  00000-0  22095-3 0  9998,2 25481  45.0061 168.5628 0000359 130.4776 229.6101 14.32136851895860
1 25481U 98053G   15323.81188937 +.00000455 +00000-0 +21917-3 0  9991,2 25481 045.0061 168.2352 0000365 131.7896 228.2981 14.32136910895873
1 25481U 98053G   15324.71874830 +.00000399 +00000-0 +19856-3 0  9991,2 25481 045.0061 163.9766 0000433 143.6691 216.4185 14.32137813896009
1 25481U 98053G   15324.99778171  .00000391  00000-0  19575-3 0  9992,2 25481  45.0061 162.6663 0000457 146.1076 213.9799 14.32138136896048
1 25481U 98053G   15325.90463969 +.00000381 +00000-0 +19218-3 0  9993,2 25481 045.0061 158.4077 0000530 154.8867 205.2005 14.32139262896175
1 25481U 98053G   15326.53246404  .00000415  00000-0  20465-3 0  9990,2 25481  45.0061 155.4594 0000584 160.9077 199.1791 14.32140214896268
1 25481U 98053G   15326.88125521 +.00000420 +00000-0 +20624-3 0  9997,2 25481 045.0062 153.8215 0000614 162.9562 197.1304 14.32140675896311
1 25481U 98053G   15327.85787007  .00000429  00000-0  20960-3 0  9990,2 25481  45.0063 149.2354 0000706 169.7083 190.3777 14.32141838896456
1 25481U 98053G   15327.92762825 +.00000398 +00000-0 +19829-3 0  9996,2 25481 045.0063 148.9079 0000713 170.1018 189.9842 14.32141754896463
1 25481U 98053G   15328.90424235 +.00000378 +00000-0 +19091-3 0  9994,2 25481 045.0064 144.3217 0000803 176.0461 184.0391 14.32142684896609
1 25481U 98053G   15328.97400045  .00000378  00000-0  19076-3 0  9997,2 25481  45.0064 143.9941 0000812 176.5102 183.5749 14.32142761896613
1 25481U 98053G   15329.88085567 +.00000426 +00000-0 +20864-3 0  9997,2 25481 045.0065 139.7356 0000887 181.3065 178.7779 14.32143971896748
1 25481U 98053G   15330.50867833  .00000379  00000-0  19146-3 0  9990,2 25481  45.0065 136.7873 0000944 184.7061 175.3776 14.32144319896833
1 25481U 98053G   15330.85746841 +.00000374 +00000-0 +18961-3 0  9992,2 25481 045.0065 135.1495 0000981 186.1923 173.8911 14.32144689896889
1 25481U 98053G   15330.85746841 +.00000374 +00000-0 +18961-3 0  9992,2 25481 045.0065 135.1495 0000981 186.1923 173.8911 14.32144689896889
1 25481U 98053G   15331.83408022  .00000364  00000-0  18563-3 0  9994,2 25481  45.0065 130.5634 0001076 191.1489 168.9333 14.32145710897028
1 25481U 98053G   15331.90383824 +.00000335 +00000-0 +17517-3 0  9990,2 25481 045.0065 130.2358 0001082 191.4792 168.6029 14.32145623897038
1 25481U 98053G   15332.88044948 +.00000342 +00000-0 +17778-3 0  9996,2 25481 045.0066 125.6497 0001166 195.7367 164.3443 14.32146706897170
1 25481U 98053G   15332.95020737  .00000318  00000-0  16899-3 0  9990,2 25481  45.0066 125.3221 0001172 195.9678 164.1131 14.32146663897181
1 25481U 98053G   15333.85706013 +.00000321 +00000-0 +17007-3 0  9994,2 25481 045.0067 121.0635 0001257 200.0839 159.9958 14.32147603897314
1 25481U 98053G   15334.20584936  .00000366  00000-0  18651-3 0  9997,2 25481  45.0068 119.4255 0001284 201.8274 158.2518 14.32148232897364
1 25481U 98053G   15334.83366992 +.00000361 +00000-0 +18464-3 0  9993,2 25481 045.0069 116.4773 0001344 204.3877 155.6906 14.32148860897450
1 25481U 98053G   15335.46149047  .00000326  00000-0  17185-3 0  9993,2 25481  45.0070 113.5290 0001404 207.2367 152.8406 14.32149221897543
1 25481U 98053G   15335.88003722 +.00000333 +00000-0 +17435-3 0  9994,2 25481 045.0071 111.5637 0001434 208.9478 151.1289 14.32149671897608
1 25481U 98053G   15336.78688817  .00000324  00000-0  17098-3 0  9993,2 25481  45.0073 107.3052 0001513 212.6508 147.4245 14.32150449897737
1 25481U 98053G   15337.76349635 +.00000335 +00000-0 +17508-3 0  9992,2 25481 045.0075 102.7192 0001591 216.4186 143.6552 14.32151358897877
1 25481U 98053G   15338.80986149  .00000330  00000-0  17305-3 0  9995,2 25481  45.0077  97.8057 0001680 220.4226 139.6495 14.32152273898028
1 25481U 98053G   15339.71671066 +.00000372 +00000-0 +18885-3 0  9995,2 25481 045.0078 093.5473 0001746 223.9080 136.1627 14.32153353898156
1 25481U 98053G   15340.34452898  .00000379  00000-0  19114-3 0  9999,2 25481  45.0079  90.5992 0001788 226.3531 133.7167 14.32154011898248
1 25481U 98053G   15340.69331677 +.00000401 +00000-0 +19923-3 0  9992,2 25481 045.0079 088.9615 0001806 227.5036 132.5658 14.32154508898293
1 25481U 98053G   15341.39089199  .00000378  00000-0  19106-3 0  9995,2 25481  45.0080  85.6858 0001860 230.1238 129.9445 14.32155178898391
1 25481U 98053G   15341.73967952 +.00000390 +00000-0 +19537-3 0  9997,2 25481 045.0080 084.0481 0001878 231.5974 128.4704 14.32155622898449
1 25481U 98053G   15342.43725427  .00000372  00000-0  18879-3 0  9992,2 25481  45.0081  80.7723 0001932 234.1072 125.9595 14.32156305898541
1 25481U 98053G   15342.71628417 +.00000373 +00000-0 +18912-3 0  9993,2 25481 045.0081 079.4622 0001941 235.0306 125.0358 14.32156598898580
1 25481U 98053G   15343.48361597  .00000358  00000-0  18334-3 0  9992,2 25481  45.0082  75.8589 0001995 237.7484 122.3168 14.32157323898696
1 25481U 98053G   15343.69288819 +.00000379 +00000-0 +19107-3 0  9992,2 25481 045.0082 074.8762 0002004 238.5374 121.5276 14.32157659898724
1 25481U 98053G   15344.66949133  .00000450  00000-0  21721-3 0  9998,2 25481  45.0084  70.2902 0002055 242.1326 117.9312 14.32159108898862
1 25481U 98053G   15345.64609382 +.00000456 +00000-0 +21954-3 0  9990,2 25481 045.0085 065.7043 0002098 245.8542 114.2085 14.32160189899000
1 25481U 98053G   15346.13439472  .00000450  00000-0  21755-3 0  9999,2 25481  45.0086  63.4112 0002130 247.7210 112.3410 14.32160679899075
1 25481U 98053G   15346.69245261 +.00000469 +00000-0 +22454-3 0  9998,2 25481 045.0086 060.7908 0002153 249.6073 110.4542 14.32161412899151
1 25481U 98053G   15347.18075306  .00000447  00000-0  21616-3 0  9999,2 25481  45.0086  58.4977 0002179 251.4244 108.6365 14.32161831899225
1 25481U 98053G   15347.59929608 +.00000486 +00000-0 +23078-3 0  9994,2 25481 045.0087 056.5324 0002191 252.7171 107.3436 14.32162552899280
1 25481U 98053G   15348.29686738  .00000511  00000-0  23982-3 0  9999,2 25481  45.0087  53.2566 0002228 255.2284 104.8315 14.32163554899388
1 25481U 98053G   15348.64565289 +.00000512 +00000-0 +24036-3 0  9997,2 25481 045.0087 051.6188 0002234 256.4646 103.5951 14.32164014899432
1 25481U 98053G   15349.48273681  .00000607  00000-0  27521-3 0  9999,2 25481  45.0088  47.6880 0002267 259.5117 100.5474 14.32165891899554
1 25481U 98053G   15349.62225090 +.00000578 +00000-0 +26435-3 0  9996,2 25481 045.0088 047.0329 0002265 259.9570 100.1021 14.32165927899577
1 25481U 98053G   15350.59884824  .00000531  00000-0  24709-3 0  9991,2 25481  45.0088  42.4469 0002291 263.3063  96.7522 14.32167228899714
1 25481U 98053G   15351.57544479 +.00000455 +00000-0 +21928-3 0  9994,2 25481 045.0088 037.8610 0002311 266.9285 093.1297 14.32168350899850
1 25481U 98053G   15352.20325637  .00000447  00000-0  21606-3 0  9992,2 25481  45.0088  34.9128 0002328 269.3180  90.7399 14.32169253899940
1 25481U 98053G   15352.48228361 +.00000542 +00000-0 +25124-3 0  9993,2 25481 045.0088 033.6026 0002321 270.2364 089.8216 14.32170187899980
1 25481U 98053G   15353.45887841  .00000529  00000-0  24644-3 0  9996,2 25481  45.0088  29.0164 0002344 273.6485  86.4093 14.32171508900121
1 25481U 98053G   15353.52863517 +.00000495 +00000-0 +23402-3 0  9991,2 25481 045.0088 028.6888 0002341 273.8324 086.2254 14.32171426900137
1 25481U 98053G   15354.50522900  .00000503  00000-0  23701-3 0  9990,2 25481  45.0087  24.1027 0002352 277.5210  82.5369 14.32172805900272
1 25481U 98053G   15355.55157743  .00000635  00000-0  28554-3 0  9992,2 25481  45.0088  19.1889 0002357 281.1366  78.9215 14.32175229900420
1 25481U 98053G   15356.52816860 +.00000634 +00000-0 +28511-3 0  9994,2 25481 045.0088 014.6028 0002351 284.8732 075.1854 14.32176751900560
1 25481U 98053G   15357.08622042  .00000595  00000-0  27074-3 0  9992,2 25481  45.0088  11.9820 0002351 287.0437  73.0152 14.32177374900646
1 25481U 98053G   15357.36524611 +.00000609 +00000-0 +27573-3 0  9996,2 25481 045.0088 010.6718 0002346 288.1531 071.9059 14.32177906900687
1 25481U 98053G   15358.48134778  .00000619  00000-0  27958-3 0  9999,2 25481  45.0088   5.4306 0002319 292.1209  67.9390 14.32179950900841
1 25481U 98053G   15359.45793595 +.00000552 +00000-0 +25491-3 0  9991,2 25481 045.0088 000.8445 0002297 295.8847 064.1762 14.32181267900988
1 25481U 98053G   15360.08574228  .00000447  00000-0  21608-3 0  9991,2 25481  45.0089 357.8962 0002284 298.1009  61.9606 14.32181706901071
1 25481U 98053G   15360.43452349 +.00000456 +00000-0 +21966-3 0  9996,2 25481 045.0089 356.2585 0002274 299.9893 060.0728 14.32182297901121
1 25481U 98053G   15361.41111015  .00000423  00000-0  20732-3 0  9991,2 25481  45.0089 351.6724 0002243 303.6878  56.3753 14.32183527901265
1 25481U 98053G   15362.45745273  .00000336  00000-0  17534-3 0  9994,2 25481  45.0089 346.7587 0002204 307.7780  52.2866 14.32184210901418
1 25481U 98053G   15363.43403851 +.00000340 +00000-0 +17698-3 0  9992,2 25481 045.0088 342.1726 0002164 311.6574 048.4087 14.32185152901555
1 25481U 98053G   15364.13159940  .00000281  00000-0  15521-3 0  9994,2 25481  45.0089 338.8967 0002134 314.4690  45.5981 14.32185461901657
1 25481U 98053G   15364.96867229 +.00000260 +00000-0 +14725-3 0  9993,2 25481 045.0088 334.9658 0002099 318.2936 041.7750 14.32186006901776
1 25481U 98053G   15365.38720846  .00000344  00000-0  17835-3 0  9991,2 25481  45.0088 333.0003 0002067 319.8383  40.2310 14.32186825901830
1 25481U 98053G   16001.85208390  .00000313  00000-0  16685-3 0  9994,2 25481  45.0088 326.1211 0001985 325.9999  34.0719 14.32188079902044
1 25481U 98053G   16001.92183989 +.00000264 +00000-0 +14886-3 0  9994,2 25481 045.0088 325.7935 0001978 326.1802 033.8918 14.32187874902051
1 25481U 98053G   16002.89842245 +.00000304 +00000-0 +16338-3 0  9997,2 25481 045.0088 321.2075 0001920 331.0533 029.0207 14.32189177902191
1 25481U 98053G   16003.10769000  .00000281  00000-0  15511-3 0  9995,2 25481  45.0088 320.2248 0001901 331.8146  28.2596 14.32189320902225
1 25481U 98053G   16003.94476023 +.00000270 +00000-0 +15103-3 0  9992,2 25481 045.0088 316.2939 0001848 335.9227 024.1532 14.32190183902349
1 25481U 98053G   16004.15402774  .00000263  00000-0  14852-3 0  9990,2 25481  45.0088 315.3112 0001833 336.9740  23.1023 14.32190371902373
1 25481U 98053G   16004.92134167 +.00000271 +00000-0 +15156-3 0  9990,2 25481 045.0088 311.7079 0001787 340.8611 019.2167 14.32191226902481
1 25481U 98053G   16005.82816685  .00000271  00000-0  15156-3 0  9992,2 25481  45.0087 307.4495 0001727 345.3140  14.7656 14.32192090902613
1 25481U 98053G   16005.89792261 +.00000239 +00000-0 +13973-3 0  9991,2 25481 045.0087 307.1219 0001719 345.5508 014.5289 14.32191985902628
1 25481U 98053G   16006.80474714 +.00000279 +00000-0 +15416-3 0  9991,2 25481 045.0086 302.8634 0001656 350.0426 010.0387 14.32193013902758
1 25481U 98053G   16007.15352564  .00000267  00000-0  14986-3 0  9996,2 25481  45.0086 301.2256 0001628 352.2294   7.8527 14.32193272902800
1 25481U 98053G   16007.92083802 +.00000300 +00000-0 +16200-3 0  9996,2 25481 045.0084 297.6221 0001571 356.3363 003.7472 14.32194114902919
1 25481U 98053G   16008.26961631  .00000291  00000-0  15869-3 0  9998,2 25481  45.0084 295.9843 0001550 358.4407   1.6434 14.32194349902969
1 25481U 98053G   16008.89741689 +.00000301 +00000-0 +16231-3 0  9992,2 25481 045.0083 293.0360 0001502 001.8901 358.1950 14.32194945903052
1 25481U 98053G   16009.80423959  .00000285  00000-0  15666-3 0  9993,2 25481  45.0082 288.7773 0001433   7.5471 352.5396 14.32195646903183
1 25481U 98053G   16009.87399508 +.00000300 +00000-0 +16190-3 0  9993,2 25481 045.0082 288.4497 0001424 008.1233 351.9635 14.32195815903194
1 25481U 98053G   16010.85057269 +.00000286 +00000-0 +15695-3 0  9990,2 25481 045.0080 283.8635 0001363 014.6606 345.4279 14.32196669903339
1 25481U 98053G   16011.12959472  .00000277  00000-0  15362-3 0  9999,2 25481  45.0080 282.5533 0001342  16.7654 343.3236 14.32196906903373
1 25481U 98053G   16011.89690500 +.00000284 +00000-0 +15633-3 0  9996,2 25481 045.0079 278.9498 0001295 022.2888 337.8014 14.32197748903487
1 25481U 98053G   16012.17592692  .00000267  00000-0  14983-3 0  9999,2 25481  45.0079 277.6395 0001281  24.5809 335.5097 14.32197921903526
1 25481U 98053G   16012.87348121 +.00000295 +00000-0 +16015-3 0  9991,2 25481 045.0079 274.3636 0001237 029.7612 330.3304 14.32198793903621
1 25481U 98053G   16013.22225822  .00000322  00000-0  17031-3 0  9993,2 25481  45.0078 272.7258 0001222  32.3286 327.7635 14.32199310903671
1 25481U 98053G   16013.85005678 +.00000278 +00000-0 +15409-3 0  9994,2 25481 045.0077 269.7774 0001183 037.3205 322.7723 14.32199661903763
1 25481U 98053G   16014.82663177  .00000276  00000-0  15325-3 0  9991,2 25481  45.0076 265.1913 0001134  45.6143 314.4796 14.32200533903901
1 25481U 98053G   16015.10565317 +.00000259 +00000-0 +14682-3 0  9996,2 25481 045.0075 263.8810 0001125 048.2048 311.8894 14.32200660903949
1 25481U 98053G   16015.87296170 +.00000252 +00000-0 +14421-3 0  9992,2 25481 045.0074 260.2776 0001095 054.9568 305.1381 14.32201211904050
1 25481U 98053G   16016.08222764  .00000253  00000-0  14465-3 0  9993,2 25481  45.0073 259.2949 0001094  56.8448 303.2502 14.32201364904082
1 25481U 98053G   16016.77978044 +.00000266 +00000-0 +14969-3 0  9991,2 25481 045.0071 256.0189 0001072 063.4597 296.6358 14.32201950904182
1 25481U 98053G   16017.12855681  .00000243  00000-0  14099-3 0  9991,2 25481  45.0070 254.3810 0001070  66.6179 293.4779 14.32202059904231
1 25481U 98053G   16017.89586452 +.00000225 +00000-0 +13446-3 0  9997,2 25481 045.0069 250.7774 0001061 074.6421 285.4542 14.32202487904343
1 25481U 98053G   16018.80268235  .00000223  00000-0  13367-3 0  9995,2 25481  45.0067 246.5186 0001061  83.8802 276.2165 14.32203086904475
1 25481U 98053G   16018.94219273 +.00000202 +00000-0 +12587-3 0  9998,2 25481 045.0066 245.8635 0001063 085.2330 274.8637 14.32203073904495
1 25481U 98053G   16019.84901003 +.00000223 +00000-0 +13352-3 0  9991,2 25481 045.0065 241.6046 0001076 094.3549 265.7420 14.32203817904621
1 25481U 98053G   16020.05827550  .00000184  00000-0  11922-3 0  9997,2 25481  45.0065 240.6219 0001082  96.1622 263.9347 14.32203767904656
1 25481U 98053G   16020.89533693 +.00000235 +00000-0 +13816-3 0  9992,2 25481 045.0064 236.6906 0001100 104.4376 255.6592 14.32204706904770
1 25481U 98053G   16021.80215289  .00000225  00000-0  13455-3 0  9990,2 25481  45.0064 232.4318 0001138 113.2717 246.8249 14.32205445904906
1 25481U 98053G   16021.94166306 +.00000225 +00000-0 +13460-3 0  9996,2 25481 045.0064 231.7766 0001148 114.4393 245.6573 14.32205550904925
1 25481U 98053G   16022.91823353 +.00000233 +00000-0 +13741-3 0  9997,2 25481 045.0064 227.1902 0001198 123.2126 236.8835 14.32206415905063
1 25481U 98053G   16022.98798854  .00000234  00000-0  13765-3 0  9998,2 25481  45.0064 226.8627 0001206 123.9380 236.1581 14.32206480905076
1 25481U 98053G   16023.89480346 +.00000247 +00000-0 +14262-3 0  9990,2 25481 045.0064 222.6039 0001253 131.2212 228.8743 14.32207286905203
1 25481U 98053G   16024.03431340  .00000248  00000-0  14271-3 0  9998,2 25481  45.0064 221.9487 0001261 132.2679 227.8274 14.32207405905222
1 25481U 98053G   16024.94112782 +.00000237 +00000-0 +13867-3 0  9992,2 25481 045.0064 217.6899 0001323 139.4652 220.6292 14.32208036905356
1 25481U 98053G   16025.49916716  .00000246  00000-0  14230-3 0  9997,2 25481  45.0063 215.0691 0001357 143.7194 216.3744 14.32208516905439
1 25481U 98053G   16025.91769672 +.00000196 +00000-0 +12363-3 0  9990,2 25481 045.0063 213.1036 0001392 146.4442 213.6493 14.32208539905498
1 25481U 98053G   16026.54549074  .00000210  00000-0  12872-3 0  9994,2 25481  45.0063 210.1551 0001436 150.9213 209.1713 14.32209058905584
1 25481U 98053G   16026.89426513 +.00000187 +00000-0 +12054-3 0  9999,2 25481 045.0063 208.5172 0001470 153.1499 206.9423 14.32209192905631
1 25481U 98053G   16027.80107815  .00000195  00000-0  12340-3 0  9999,2 25481  45.0063 204.2583 0001557 159.5372 200.5537 14.32209890905761
1 25481U 98053G   16027.87083299 +.00000194 +00000-0 +12303-3 0  9993,2 25481 045.0063 203.9308 0001563 159.9444 200.1463 14.32209935905778
1 25481U 98053G   16028.84740048  .00000151  00000-0  10727-3 0  9994,2 25481  45.0063 199.3444 0001654 166.3213 193.7678 14.32210388905919
1 25481U 98053G   16028.91715533 +.00000139 +00000-0 +10263-3 0  9994,2 25481 045.0063 199.0168 0001660 166.7770 193.3120 14.32210362905929
1 25481U 98053G   16029.89372232  .00000148  00000-0  10590-3 0  9990,2 25481  45.0063 194.4304 0001752 172.9998 187.0872 14.32211086906067
1 25481U 98053G   16030.87028895 +.00000171 +00000-0 +11448-3 0  9992,2 25481 045.0065 189.8440 0001833 178.3528 181.7325 14.32211853906209
1 25481U 98053G   16030.94004369  .00000158  00000-0  10968-3 0  9991,2 25481  45.0065 189.5164 0001840 178.7905 181.2945 14.32211831906210
1 25481U 98053G   16031.84685513 +.00000195 +00000-0 +12320-3 0  9992,2 25481 045.0067 185.2576 0001920 183.8086 176.2746 14.32212602906342
1 25481U 98053G   16032.47464727  .00000257  00000-0  14621-3 0  9999,2 25481  45.0068 182.3092 0001974 187.2941 172.7877 14.32213360906439
1 25481U 98053G   16032.82342067 +.00000264 +00000-0 +14885-3 0  9990,2 25481 045.0068 180.6713 0002003 189.1377 170.9433 14.32213620906480
1 25481U 98053G   16033.79998591  .00000261  00000-0  14750-3 0  9994,2 25481  45.0069 176.0850 0002086 193.9946 166.0843 14.32214194906622
1 25481U 98053G   16033.86974054 +.00000237 +00000-0 +13888-3 0  9994,2 25481 045.0069 175.7574 0002092 194.3708 165.7079 14.32214117906632
1 25481U 98053G   16034.84630507  .00000239  00000-0  13953-3 0  9990,2 25481  45.0070 171.1711 0002173 198.9186 161.1579 14.32214811906778
1 25481U 98053G   16035.75311442 +.00000243 +00000-0 +14111-3 0  9997,2 25481 045.0071 166.9124 0002255 203.2397 156.8347 14.32215529906900
1 25481U 98053G   16036.52041410  .00000246  00000-0  14206-3 0  9996,2 25481  45.0071 163.3088 0002324 206.8627 153.2099 14.32216226907015
1 25481U 98053G   16036.72967750 +.00000267 +00000-0 +14982-3 0  9996,2 25481 045.0071 162.3262 0002336 207.8537 152.2184 14.32216560907040
1 25481U 98053G   16037.77599436  .00000291  00000-0  15864-3 0  9991,2 25481  45.0071 157.4122 0002424 212.5215 147.5482 14.32217741907190
1 25481U 98053G   16037.84574875 +.00000282 +00000-0 +15541-3 0  9991,2 25481 045.0071 157.0846 0002428 212.8860 147.1836 14.32217777907202
1 25481U 98053G   16038.68280169 +.00000329 +00000-0 +17247-3 0  9991,2 25481 045.0071 153.1534 0002501 216.5475 143.5201 14.32218873907325
1 25481U 98053G   16039.45009942  .00000410  00000-0  20227-3 0  9998,2 25481  45.0072 149.5498 0002566 220.0635 140.0022 14.32220199907432
1 25481U 98053G   16039.58960804 +.00000418 +00000-0 +20550-3 0  9992,2 25481 045.0072 148.8946 0002573 220.6225 139.4429 14.32220413907455
1 25481U 98053G   16040.49641409  .00000411  00000-0  20291-3 0  9996,2 25481  45.0073 144.6359 0002645 224.5492 135.5141 14.32221347907586
1 25481U 98053G   16040.56616832 +.00000422 +00000-0 +20691-3 0  9992,2 25481 045.0073 144.3083 0002650 224.8729 135.1903 14.32221491907592
1 25481U 98053G   16041.75199024  .00000454  00000-0  21847-3 0  9992,2 25481  45.0074 138.7391 0002731 229.7264 130.3343 14.32223012907765
1 25481U 98053G   16042.72854850 +.00000490 +00000-0 +23164-3 0  9999,2 25481 045.0075 134.1529 0002792 233.7159 126.3429 14.32224358907904
1 25481U 98053G   16043.21682728  .00000497  00000-0  23442-3 0  9993,2 25481  45.0076 131.8596 0002824 235.8081 124.2497 14.32224990907977
1 25481U 98053G   16043.70510560 +.00000529 +00000-0 +24619-3 0  9994,2 25481 045.0076 129.5666 0002847 237.7177 122.3393 14.32225864908045
1 25481U 98053G   16044.47239983  .00000512  00000-0  23994-3 0  9993,2 25481  45.0077 125.9630 0002893 240.9057 119.1500 14.32226842908154
1 25481U 98053G   16044.68166181 +.00000500 +00000-0 +23555-3 0  9995,2 25481 045.0077 124.9803 0002896 241.7517 118.3037 14.32227084908186
1 25481U 98053G   16045.51870911  .00000592  00000-0  26911-3 0  9991,2 25481  45.0077 121.0493 0002934 245.0654 114.9887 14.32228839908309
1 25481U 98053G   16045.58846304 +.00000582 +00000-0 +26558-3 0  9993,2 25481 045.0077 120.7217 0002935 245.3313 114.7228 14.32228891908311
1 25481U 98053G   16046.56501733  .00000513  00000-0  24034-3 0  9997,2 25481  45.0077 116.1354 0002978 249.2485 110.8042 14.32230036908452
1 25481U 98053G   16047.26255549 +.00000544 +00000-0 +25150-3 0  9990,2 25481 045.0077 112.8594 0003012 252.0369 108.0148 14.32231288908551
1 25481U 98053G   16048.16935399  .00000595  00000-0  27043-3 0  9997,2 25481  45.0077 108.6006 0003046 255.7803 104.2705 14.32233088908683
1 25481U 98053G   16048.37861513 +.00000601 +00000-0 +27265-3 0  9990,2 25481 045.0077 107.6178 0003051 256.5951 103.4555 14.32233459908711
1 25481U 98053G   16049.21565967  .00000483  00000-0  22936-3 0  9996,2 25481  45.0077 103.6865 0003078 259.9960 100.0539 14.32233994908838
1 25481U 98053G   16049.49467414 +.00000574 +00000-0 +26280-3 0  9991,2 25481 045.0077 102.3762 0003079 261.0878 098.9619 14.32234925908876
1 25481U 98053G   16050.47122513  .00000523  00000-0  24393-3 0  9996,2 25481  45.0077  97.7897 0003104 264.7771  95.2720 14.32235875909018
1 25481U 98053G   16051.51752879  .00000446  00000-0  21574-3 0  9998,2 25481  45.0077  92.8755 0003123 268.6709  91.3780 14.32236737909169
1 25481U 98053G   16051.58728250 +.00000415 +00000-0 +20418-3 0  9993,2 25481 045.0077 092.5480 0003126 269.0345 091.0142 14.32236604909178
1 25481U 98053G   16052.84284618  .00000360  00000-0  18406-3 0  9991,2 25481  45.0078  86.6512 0003163 275.2039  84.8446 14.32237680909351
1 25481U 98053G   16052.91259968 +.00000323 +00000-0 +17046-3 0  9997,2 25481 045.0078 086.3236 0003158 275.3523 084.6963 14.32237561909365
1 25481U 98053G   16053.54038136 +.00000284 +00000-0 +15594-3 0  9991,2 25481 045.0077 083.3751 0003142 276.8107 083.2381 14.32237923909451
1 25481U 98053G   16054.09840915  .00000237  00000-0  13860-3 0  9990,2 25481  45.0078  80.7542 0003144 279.0768  80.9722 14.32238226909530
1 25481U 98053G   16054.51693018 +.00000215 +00000-0 +13057-3 0  9991,2 25481 045.0078 078.7886 0003134 280.5261 079.5231 14.32238450909596
1 25481U 98053G   16055.42372500  .00000196  00000-0  12357-3 0  9992,2 25481  45.0078  74.5298 0003128 284.2425  75.8073 14.32239157909726
1 25481U 98053G   16055.49347842 +.00000195 +00000-0 +12319-3 0  9997,2 25481 045.0078 074.2022 0003127 284.5716 075.4783 14.32239213909731
1 25481U 98053G   16056.47002645  .00000176  00000-0  11640-3 0  9990,2 25481  45.0079  69.6158 0003119 288.7528  71.2979 14.32239861909873
1 25481U 98053G   16057.86509401 +.00000188 +00000-0 +12083-3 0  9991,2 25481 045.0080 063.0636 0003096 294.2998 065.7524 14.32240989910072
1 25481U 98053G   16058.07435401  .00000198  00000-0  12451-3 0  9993,2 25481  45.0080  62.0808 0003088 295.0086  65.0440 14.32241214910106
1 25481U 98053G   16058.91139403 +.00000241 +00000-0 +14020-3 0  9992,2 25481 045.0080 058.1495 0003061 298.3927 061.6611 14.32242045910223
1 25481U 98053G   16059.19040724  .00000247  00000-0  14248-3 0  9998,2 25481  45.0080  56.8390 0003045 299.3208  60.7334 14.32242303910260
1 25481U 98053G   16059.95769351 +.00000254 +00000-0 +14487-3 0  9999,2 25481 045.0081 053.2353 0003022 302.4976 057.5577 14.32242876910374
1 25481U 98053G   16060.44596657  .00000316  00000-0  16772-3 0  9990,2 25481  45.0081  50.9422 0002999 304.7633  55.2931 14.32243526910442
1 25481U 98053G   16060.93423932 +.00000262 +00000-0 +14782-3 0  9998,2 25481 045.0081 048.6488 0002984 306.8348 053.2224 14.32243602910514
1 25481U 98053G   16061.42251200 +.00000327 +00000-0 +17198-3 0  9996,2 25481 045.0082 046.3557 0002958 309.0690 050.9892 14.32244327910580
1 25481U 98053G   16062.18979730  .00000285  00000-0  15636-3 0  9993,2 25481  45.0083  42.7520 0002920 312.3674  47.6925 14.32244732910691
1 25481U 98053G   16062.88732910 +.00000309 +00000-0 +16515-3 0  9991,2 25481 045.0084 039.4760 0002887 315.2990 044.7623 14.32245450910798
1 25481U 98053G   16063.37560119  .00000311  00000-0  16590-3 0  9992,2 25481  45.0084  37.1829 0002856 317.5627  42.4998 14.32245915910861
1 25481U 98053G   16063.93362599 +.00000300 +00000-0 +16192-3 0  9992,2 25481 045.0085 034.5620 0002826 319.8178 040.2459 14.32246447910943
1 25481U 98053G   16064.28239159 +.00000352 +00000-0 +18082-3 0  9993,2 25481 045.0086 032.9241 0002800 321.6324 038.4322 14.32247046910990
1 25481U 98053G   16064.97992238  .00000346  00000-0  17862-3 0  9991,2 25481  45.0086  29.6481 0002759 324.7720  35.2943 14.32247714911094
1 25481U 98053G   16065.67745282 +.00000379 +00000-0 +19099-3 0  9994,2 25481 045.0087 026.3722 0002720 327.8639 032.2041 14.32248602911192
1 25481U 98053G   16066.16572394  .00000333  00000-0  17395-3 0  9998,2 25481  45.0088  24.0790 0002682 330.1454  29.9239 14.32248847911263
1 25481U 98053G   16066.37498300 +.00000372 +00000-0 +18828-3 0  9990,2 25481 045.0088 023.0963 0002670 331.1708 028.8991 14.32249248911296
1 25481U 98053G   16067.21201829  .00000445  00000-0  21511-3 0  9996,2 25481  45.0088  19.1651 0002613 335.0851  24.9869 14.32250578911418
1 25481U 98053G   16067.83979434 +.00000435 +00000-0 +21135-3 0  9999,2 25481 045.0088 016.2167 0002572 337.9746 022.0990 14.32251236911502
1 25481U 98053G   16068.32806434  .00000463  00000-0  22164-3 0  9997,2 25481  45.0088  13.9236 0002536 340.6853  19.3897 14.32251980911571
1 25481U 98053G   16068.81633422 +.00000467 +00000-0 +22327-3 0  9991,2 25481 045.0089 011.6303 0002502 342.9680 017.1082 14.32252543911644
1 25481U 98053G   16069.86262603  .00000465  00000-0  22244-3 0  9992,2 25481  45.0088   6.7163 0002410 348.1533  11.9256 14.32253775911794
1 25481U 98053G   16070.90891667 +.00000447 +00000-0 +21587-3 0  9996,2 25481 045.0088 001.8022 0002326 353.7284 006.3532 14.32255063911949
1 25481U 98053G   16071.04842203  .00000443  00000-0  21433-3 0  9990,2 25481  45.0088   1.1470 0002314 354.5176   5.5644 14.32255224911961
1 25481U 98053G   16071.88545361 +.00000510 +00000-0 +23908-3 0  9991,2 25481 045.0088 357.2158 0002249 359.1035 000.9807 14.32256768912089
1 25481U 98053G   16072.16446398  .00000504  00000-0  23672-3 0  9994,2 25481  45.0088 355.9055 0002230   0.7469 359.3380 14.32257145912122
1 25481U 98053G   16072.86198988 +.00000427 +00000-0 +20868-3 0  9998,2 25481 045.0089 352.6294 0002175 004.6698 355.4168 14.32257666912227
1 25481U 98053G   16073.21075280  .00000410  00000-0  20242-3 0  9995,2 25481  45.0088 350.9917 0002161   7.0129 353.0747 14.32258020912277
1 25481U 98053G   16073.90827789 +.00000377 +00000-0 +19015-3 0  9998,2 25481 045.0089 347.7154 0002093 010.8085 349.2806 14.32258765912372
1 25481U 98053G   16074.88481261 +.00000375 +00000-0 +18953-3 0  9995,2 25481 045.0089 343.1293 0002025 016.6481 343.4431 14.32259942912519
1 25481U 98053G   16075.16382215  .00000445  00000-0  21518-3 0  9995,2 25481  45.0088 341.8190 0002005  18.4797 341.6121 14.32260706912557
1 25481U 98053G   16075.86134619 +.00000422 +00000-0 +20655-3 0  9991,2 25481 045.0088 338.5429 0001949 022.9022 337.1911 14.32261399912659
1 25481U 98053G   16076.90763141 +.00000419 +00000-0 +20562-3 0  9998,2 25481 045.0086 333.6291 0001876 029.8122 330.2831 14.32262596912808
1 25481U 98053G   16077.11688835  .00000420  00000-0  20591-3 0  9992,2 25481  45.0086 332.6463 0001864  31.5525 328.5432 14.32262835912838
1 25481U 98053G   16077.88416347 +.00000410 +00000-0 +20220-3 0  9991,2 25481 045.0085 329.0426 0001811 037.1908 322.9064 14.32263643912944
1 25481U 98053G   16078.16317261  .00000433  00000-0  21065-3 0  9991,2 25481  45.0085 327.7322 0001801  39.2675 320.8301 14.32264036912989
1 25481U 98053G   16078.86069495 +.00000389 +00000-0 +19470-3 0  9998,2 25481 045.0083 324.4562 0001769 044.4583 315.6404 14.32264577913084
1 25481U 98053G   16079.83722547  .00000374  00000-0  18912-3 0  9994,2 25481  45.0082 319.8696 0001727  52.0961 308.0041 14.32265602913227
1 25481U 98053G   16079.90697762 +.00000373 +00000-0 +18868-3 0  9991,2 25481 045.0082 319.5420 0001723 052.7144 307.3859 14.32265674913234
1 25481U 98053G   16080.74400330 +.00000346 +00000-0 +17890-3 0  9992,2 25481 045.0080 315.6107 0001689 059.4455 300.6557 14.32266439913355
1 25481U 98053G   16081.09276384  .00000336  00000-0  17494-3 0  9990,2 25481  45.0080 313.9727 0001686  62.3101 297.7916 14.32266779913400
1 25481U 98053G   16081.72053247 +.00000318 +00000-0 +16832-3 0  9996,2 25481 045.0079 311.0242 0001662 067.2300 292.8722 14.32267393913491
1 25481U 98053G   16082.06929276 +.00000308 +00000-0 +16484-3 0  9990,2 25481 045.0078 309.3861 0001663 070.2616 289.8410 14.32267723913545
1 25481U 98053G   16083.04582129  .00000253  00000-0  14467-3 0  9999,2 25481  45.0078 304.7996 0001654  78.0492 282.0539 14.32268394913688
1 25481U 98053G   16084.09210158  .00000211  00000-0  12918-3 0  9998,2 25481  45.0077 299.8854 0001650  86.4091 273.6944 14.32268984913836
1 25481U 98053G   16084.71986961 +.00000207 +00000-0 +12749-3 0  9996,2 25481 045.0076 296.9367 0001665 092.3103 267.7933 14.32269350913928
1 25481U 98053G   16085.48714141  .00000180  00000-0  11781-3 0  9995,2 25481  45.0075 293.3331 0001679  98.0995 262.0041 14.32269637914035
1 25481U 98053G   16085.90565319 +.00000167 +00000-0 +11278-3 0  9999,2 25481 045.0075 291.3674 0001693 101.5412 258.5624 14.32269783914098
