1 25984U 99065E   14365.51092153  .00000662  00000-0  29894-3 0  9991,2 25984 045.0388 058.3587 0003022 304.9186 188.4587 14.31554960786844
1 25984U 99065E   15001.68684213  .00000571  00000-0  26519-3 0  9991,2 25984 045.0390 052.8451 0003060 310.4093 129.0268 14.31557201787015
1 25984U 99065E   15003.14384330  .00000609  00000-0  27935-3 0  9996,2 25984 045.0390 046.0136 0003056 317.1238 078.3540 14.31559782787228
1 25984U 99065E   15004.26266689  .00000668  00000-0  30137-3 0  9999,2 25984 045.0390 040.7676 0002987 322.2176 084.8014 14.31560900787387
1 25984U 99065E   15005.54129326  .00000911  00000-0  39168-3 0  9991,2 25984 045.0390 034.7724 0002917 328.5253 194.3994 14.31563917787567
1 25984U 99065E   15007.49427899  .00000906  00000-0  38991-3 0  9990,2 25984 045.0391 025.6151 0002801 338.4257 179.1662 14.31570191787843
1 25984U 99065E   15008.53804109  .00000930  00000-0  39874-3 0  9997,2 25984 045.0392 020.7211 0002743 344.0065 157.9478 14.31574859787992
1 25984U 99065E   15009.98000001  .00000734  00000-0  32580-3 0  9995,2 25984 045.0392 013.9598 0002684 351.9577 028.5337 14.31578066788209
1 25984U 99065E   15011.24632572  .00000743  00000-0  32905-3 0  9992,2 25984 045.0393 008.0222 0002561 359.0540 073.9620 14.31582537788388
1 25984U 99065E   15012.51772359  .00000858  00000-0  37192-3 0  9991,2 25984 045.0394 002.0608 0002505 006.6362 145.0925 14.31585258788568
1 25984U 99065E   15014.24880573  .00001011  00000-0  42861-3 0  9992,2 25984 045.0394 353.9441 0002428 017.6543 064.1646 14.31589989788812
1 25984U 99065E   15015.38084080  .00000944  00000-0  40361-3 0  9994,2 25984 045.0393 348.6361 0002410 025.0865 136.5461 14.31593401788974
1 25984U 99065E   15016.42433223  .00000784  00000-0  34401-3 0  9997,2 25984 045.0392 343.7433 0002372 031.9762 112.7103 14.31596889789128
1 25984U 99065E   15017.45948218  .00000614  00000-0  28098-3 0  9993,2 25984 045.0391 338.8896 0002349 038.9561 045.7628 14.31600031789271
1 25984U 99065E   15018.84290362  .00000350  00000-0  18262-3 0  9996,2 25984 045.0390 332.4027 0002341 048.6403 332.7620 14.31602195789477
1 25984U 99065E   15019.89408296  .00000320  00000-0  17154-3 0  9995,2 25984 045.0388 327.4737 0002343 055.9774 348.1744 14.31603678789622
1 25984U 99065E   15021.23987758  .00000580  00000-0  26803-3 0  9990,2 25984 045.0386 321.1633 0002371 065.0562 081.6983 14.31604575789816
1 25984U 99065E   15022.28453558  .00000594  00000-0  27335-3 0  9998,2 25984 045.0384 316.2649 0002394 072.3414 063.5337 14.31606831789963
1 25984U 99065E   15023.87268618  .00000572  00000-0  26503-3 0  9997,2 25984 045.0381 308.8180 0002435 083.4487 325.3003 14.31607881790198
1 25984U 99065E   15025.89517453  .00000420  00000-0  20875-3 0  9993,2 25984 045.0378 299.3344 0002546 096.7033 305.5656 14.31611790790487
1 25984U 99065E   15027.17296730  .00000424  00000-0  21024-3 0  9999,2 25984 045.0376 293.3427 0002641 104.5177 049.5802 14.31615246790662
1 25984U 99065E   15028.21695635  .00000396  00000-0  19949-3 0  9993,2 25984 045.0374 288.4472 0002735 110.8395 028.9609 14.31617675790812
1 25984U 99065E   15030.85164697  .00000669  00000-0  30106-3 0  9996,2 25984 045.0370 276.0924 0002936 126.4403 285.1775 14.31620868791190
1 25984U 99065E   15031.90174133  .00000715  00000-0  31831-3 0  9997,2 25984 045.0368 271.1682 0003006 132.4060 296.4404 14.31622593791347
1 25984U 99065E   15033.10625017  .00000992  00000-0  42122-3 0  9995,2 25984 045.0366 265.5198 0003094 139.1190 023.5570 14.31625257791511
1 25984U 99065E   15034.15132571  .00000735  00000-0  32564-3 0  9993,2 25984 045.0366 260.6189 0003206 144.8948 009.1290 14.31630626791667
1 25984U 99065E   15035.88158206  .00000672  00000-0  30223-3 0  9997,2 25984 045.0365 252.5049 0003386 153.8736 286.2472 14.31635122791919
1 25984U 99065E   15037.07955442  .00000651  00000-0  29425-3 0  9996,2 25984 045.0366 246.8869 0003517 160.1130 340.1597 14.31639167792081
1 25984U 99065E   15039.03247609  .00000689  00000-0  30842-3 0  9999,2 25984 045.0367 237.7285 0003669 169.6827 325.4437 14.31642946792367
1 25984U 99065E   15040.54806641  .00000868  00000-0  37488-3 0  9996,2 25984 045.0367 230.6209 0003781 176.8350 217.0400 14.31645126792584
1 25984U 99065E   15041.96879823  .00000950  00000-0  40536-3 0  9995,2 25984 045.0368 223.9582 0003933 183.5172 339.7570 14.31648248792780
1 25984U 99065E   15043.55114597  .00000788  00000-0  34512-3 0  9998,2 25984 045.0370 216.5374 0004061 190.4926 215.9532 14.31652576793016
1 25984U 99065E   15044.96537725  .00000408  00000-0  20408-3 0  9994,2 25984 045.0372 209.9051 0004216 196.9569 305.3812 14.31656697793217
1 25984U 99065E   15046.48121115  .00000615  00000-0  28076-3 0  9994,2 25984 045.0373 202.7963 0004308 203.6134 198.7990 14.31658896793435
1 25984U 99065E   15047.54116355  .00000535  00000-0  25103-3 0  9991,2 25984 045.0374 197.8254 0004401 208.2841 262.3547 14.31661215793584
1 25984U 99065E   15048.57668356  .00000624  00000-0  28414-3 0  9995,2 25984 045.0375 192.9694 0004472 212.9244 199.9045 14.31663979793730
1 25984U 99065E   15049.78180777  .00000881  00000-0  37928-3 0  9990,2 25984 045.0373 187.3175 0004664 215.6726 294.5115 14.31723836793906
1 25984U 99065E   15050.52030924  .00003472  00000-0  12877-2 0  9996,2 25984 045.0398 183.8397 0003941 227.1485 132.9500 14.31689599794010
1 25984U 99065E   15050.65984354  .00009582  00000-0  35512-2 0  9994,2 25984 045.0405 183.1882 0004390 228.1937 131.9012 14.31724947794039
1 25984U 99065E   15051.15917419  .00000852  00000-0  36869-3 0  9996,2 25984 045.0374 180.8575 0004809 221.0679 195.1886 14.31724842794100
1 25984U 99065E   15052.48255172  .00000759  00000-0  33392-3 0  9998,2 25984 045.0374 174.6508 0004769 225.9141 177.8788 14.31729536794292
1 25984U 99065E   15053.67968353  .00000655  00000-0  29543-3 0  9990,2 25984 045.0374 169.0362 0004854 231.4353 228.5854 14.31733099794466
1 25984U 99065E   15055.42753534  .00000616  00000-0  28063-3 0  9991,2 25984 045.0378 160.8386 0005060 236.3543 241.2962 14.31795969794714
1 25984U 99065E   15056.53545362  .00000586  00000-0  26921-3 0  9999,2 25984 045.0377 155.6407 0005102 241.2957 192.5841 14.31797483794874
1 25984U 99065E   15057.21890499  .00005821  00000-0  21543-2 0  9990,2 25984 045.0371 152.4274 0005117 241.9682 118.1118 14.31791737794971
1 25984U 99065E   15057.56777201  .00008183  00000-0  30274-2 0  9998,2 25984 045.0371 150.7914 0004973 234.1326 125.9533 14.31812745795028
1 25984U 99065E   15057.66602384  .00000758  00000-0  33308-3 0  9990,2 25984 045.0381 150.3298 0004943 248.9521 258.0365 14.31797733795038
1 25984U 99065E   15058.71653734  .00000699  00000-0  31136-3 0  9993,2 25984 045.0381 145.4023 0004990 253.4055 273.6455 14.31799656795189
1 25984U 99065E   15060.29826199  .00000899  00000-0  38545-3 0  9999,2 25984 045.0381 137.9831 0005039 260.5447 147.3390 14.31804227795413
1 25984U 99065E   15061.57270638  .00001062  00000-0  44565-3 0  9994,2 25984 045.0380 132.0050 0005072 265.9691 237.3670 14.31808025795598
1 25984U 99065E   15063.24193911  .00001044  00000-0  43909-3 0  9999,2 25984 045.0380 124.1748 0005132 272.9714 202.7318 14.31811551795835
1 25984U 99065E   15063.49861251  .00002077  00000-0  76831-3 0  9992,2 25984 045.0362 122.9628 0005759 240.4853 119.5904 14.31822032795873
1 25984U 99065E   15064.50159964  .00001086  00000-0  45465-3 0  9994,2 25984 045.0379 118.2660 0005140 278.3084 216.6003 14.31814666796015
1 25984U 99065E   15065.55120338  .00000953  00000-0  40546-3 0  9990,2 25984 045.0379 113.3425 0005139 282.6230 227.7170 14.31816527796161
1 25984U 99065E   15067.50549703  .00000916  00000-0  39150-3 0  9996,2 25984 045.0380 104.1752 0005134 290.9463 222.6000 14.31821280796448
1 25984U 99065E   15069.15979579  .00000874  00000-0  37591-3 0  9997,2 25984 045.0380 096.4151 0005136 298.4303 110.5177 14.31825042796688
1 25984U 99065E   15070.50697948  .00000818  00000-0  35528-3 0  9991,2 25984 045.0380 090.0956 0005107 304.5390 215.2560 14.31827734796874
1 25984U 99065E   15072.15845714  .00000841  00000-0  36352-3 0  9992,2 25984 045.0380 082.3483 0005038 311.4780 089.1986 14.31831231797111
1 25984U 99065E   15073.50344950  .00000869  00000-0  37411-3 0  9995,2 25984 045.0381 076.0390 0004971 317.5780 182.6689 14.31834045797307
1 25984U 99065E   15075.23459916  .00000783  00000-0  34207-3 0  9991,2 25984 045.0383 067.9180 0004879 325.4703 106.7664 14.31836930797557
1 25984U 99065E   15076.43927832  .00000699  00000-0  31099-3 0  9993,2 25984 045.0384 062.2669 0004809 331.2041 196.6739 14.31838969797725
1 25984U 99065E   15078.16378661  .00001114  00000-0  46476-3 0  9993,2 25984 045.0387 054.1771 0004699 339.5024 086.1572 14.31846014797976
1 25984U 99065E   15079.43679740  .00000482  00000-0  23066-3 0  9993,2 25984 045.0388 048.2052 0004587 345.7306 168.1686 14.31847251798153
1 25984U 99065E   15081.15129894  .00000729  00000-0  32218-3 0  9998,2 25984 045.0389 040.1625 0004477 354.2856 005.7938 14.31851541798393
1 25984U 99065E   15082.33743015  .00000767  00000-0  33629-3 0  9995,2 25984 045.0390 034.5983 0004414 000.6259 359.4592 14.31854307798566
1 25984U 99065E   15084.15150903  .00000903  00000-0  38631-3 0  9995,2 25984 045.0392 026.0884 0004292 010.3614 349.7320 14.31858741798827
1 25984U 99065E   15085.26786228  .00001028  00000-0  43266-3 0  9992,2 25984 045.0394 020.8515 0004207 016.4029 343.6952 14.31861909798986
1 25984U 99065E   15086.87261553  .00001144  00000-0  47550-3 0  9998,2 25984 045.0395 013.3236 0004093 025.1936 334.9110 14.31866633799216
1 25984U 99065E   15088.12850546  .00001215  00000-0  50175-3 0  9990,2 25984 045.0396 007.4323 0004019 032.5560 327.5534 14.31870551799392
1 25984U 99065E   15089.17507825  .00001310  00000-0  53703-3 0  9991,2 25984 045.0396 002.5227 0003955 038.8332 321.2798 14.31873901799547
1 25984U 99065E   15090.77981739  .00001302  00000-0  53422-3 0  9998,2 25984 045.0394 354.9950 0003882 048.7135 311.4046 14.31878724799772
1 25984U 99065E   15090.77981739  .00001302  00000-0  53422-3 0  9998,2 25984 045.0394 354.9950 0003882 048.7135 311.4046 14.31878724799772
1 25984U 99065E   15091.82638363  .00001243  00000-0  51202-3 0  9995,2 25984 045.0393 350.0852 0003818 055.2644 304.8561 14.31881528799927
1 25984U 99065E   15093.08226644  .00001212  00000-0  50115-3 0  9998,2 25984 045.0395 344.1935 0003595 066.1278 293.9945 14.31829909800103
1 25984U 99065E   15094.75682964  .00000936  00000-0  39895-3 0  9998,2 25984 045.0393 336.3387 0003588 076.8087 283.3160 14.31832607800340
1 25984U 99065E   15096.08252142  .00000920  00000-0  39301-3 0  9992,2 25984 045.0392 330.1201 0003610 086.1310 273.9949 14.31836242800535
1 25984U 99065E   15097.96641878 -.00002764  00000-0  00000+0 0  9997,2 25984 045.0375 321.2877 0003783 092.3411 267.8350 14.31817028800807
1 25984U 99065E   15098.03616823  .00000797  00000-0  34731-3 0  9993,2 25984 045.0390 320.9557 0003630 098.6392 261.4865 14.31839985800811
1 25984U 99065E   15098.45482666 -.00003273  00000-0  00000+0 0  9996,2 25984 045.0384 318.9825 0003495 092.1068 268.0659 14.31821045800875
1 25984U 99065E   15098.73392126 -.00001927  00000-0  00000+0 0  9992,2 25984 045.0378 317.6887 0003843 098.1560 262.0202 14.31819982800912
1 25984U 99065E   15099.43164681  .00000697  00000-0  31074-3 0  9994,2 25984 045.0385 314.4105 0003623 109.3159 250.8079 14.31787338801011
1 25984U 99065E   15100.54805433  .00000713  00000-0  31642-3 0  9996,2 25984 045.0385 309.1733 0003612 117.8870 242.2343 14.31789385801171
1 25984U 99065E   15100.68760970 -.00006878  00000-0  00000+0 0  9996,2 25984 045.0358 308.5229 0003871 102.7849 257.3914 14.31807127801198
1 25984U 99065E   15101.80401112  .00000752  00000-0  33100-3 0  9996,2 25984 045.0385 303.2822 0003663 125.3608 234.7581 14.31792127801352
1 25984U 99065E   15102.99019018  .00000790  00000-0  34489-3 0  9990,2 25984 045.0383 297.7183 0003775 133.2520 226.8642 14.31794697801525
1 25984U 99065E   15104.52524215  .00000806  00000-0  35103-3 0  9993,2 25984 045.0383 290.5176 0003893 142.6117 217.5000 14.31797992801745
1 25984U 99065E   15105.78119020  .00001042  00000-0  43860-3 0  9998,2 25984 045.0383 284.6261 0004006 150.1464 209.9612 14.31802249801926
1 25984U 99065E   15106.82781111  .00001165  00000-0  48391-3 0  9990,2 25984 045.0384 279.7167 0004075 155.9390 204.1647 14.31805530802072
1 25984U 99065E   15107.87443024  .00001161  00000-0  48263-3 0  9998,2 25984 045.0383 274.8070 0004167 161.7480 198.3517 14.31808037802229
1 25984U 99065E   15108.92104699  .00001363  00000-0  55742-3 0  9991,2 25984 045.0382 269.8974 0004248 167.4556 192.6396 14.31811802802374
1 25984U 99065E   15110.45608004  .00001417  00000-0  57713-3 0  9991,2 25984 045.0381 262.6967 0004386 175.6183 184.4702 14.31816556802591
1 25984U 99065E   15111.78178420  .00001855  00000-0  73957-3 0  9996,2 25984 045.0381 256.4778 0004497 182.4591 177.6234 14.31823618802786
1 25984U 99065E   15112.89816381  .00001809  00000-0  72218-3 0  9992,2 25984 045.0381 251.2409 0004596 188.1124 171.9649 14.31827335802940
1 25984U 99065E   15113.17726840  .00002793  00000-0  10332-2 0  9995,2 25984 045.0372 249.9351 0004695 189.3207 170.8036 14.31827355802989
1 25984U 99065E   15114.50295343  .00001656  00000-0  66549-3 0  9991,2 25984 045.0382 243.7128 0004749 196.0938 163.9758 14.31832529803175
1 25984U 99065E   15115.75887193  .00001361  00000-0  55631-3 0  9992,2 25984 045.0382 237.8215 0004876 202.3664 157.6970 14.31835449803354
1 25984U 99065E   15117.15433340  .00001049  00000-0  44076-3 0  9993,2 25984 045.0382 231.2756 0005009 209.2016 150.8551 14.31838292803559
1 25984U 99065E   15118.48001894  .00000889  00000-0  38152-3 0  9994,2 25984 045.0381 225.0570 0005115 215.3425 144.7083 14.31841221803742
1 25984U 99065E   15119.73592925  .00000763  00000-0  33466-3 0  9997,2 25984 045.0380 219.1659 0005205 221.1172 138.9283 14.31843676803920
1 25984U 99065E   15121.48024640  .00000591  00000-0  27112-3 0  9996,2 25984 045.0378 210.9833 0005337 228.9752 131.0634 14.31846415804171
1 25984U 99065E   15123.43387818  .00000495  00000-0  23541-3 0  9997,2 25984 045.0377 201.8188 0005468 237.6336 122.3981 14.31849354804456
1 25984U 99065E   15124.62001013  .00000517  00000-0  24345-3 0  9997,2 25984 045.0377 196.2547 0005535 242.8423 117.1859 14.31851271804628
1 25984U 99065E   15126.15500255  .00000606  00000-0  27662-3 0  9993,2 25984 045.0376 189.0539 0005616 249.5690 110.4553 14.31853837804849
1 25984U 99065E   15127.20158662  .00000712  00000-0  31583-3 0  9996,2 25984 045.0375 184.1443 0005653 254.0602 105.9622 14.31855942804994
1 25984U 99065E   15128.52725843  .00000690  00000-0  30757-3 0  9990,2 25984 045.0373 177.9255 0005694 259.8087 100.2118 14.31857800805183
1 25984U 99065E   15129.57383976  .00000702  00000-0  31185-3 0  9993,2 25984 045.0371 173.0158 0005729 264.4282 095.5911 14.31859633805338
1 25984U 99065E   15130.62041976  .00000708  00000-0  31410-3 0  9999,2 25984 045.0370 168.1061 0005750 268.9714 091.0474 14.31861549805488
1 25984U 99065E   15132.15540109  .00001051  00000-0  44123-3 0  9998,2 25984 045.0369 160.9049 0005772 275.6076 084.4112 14.31866277805705
1 25984U 99065E   15133.48106390  .00001064  00000-0  44585-3 0  9991,2 25984 045.0369 154.6859 0005764 281.3457 078.6741 14.31869033805898
1 25984U 99065E   15135.08580910  .00001187  00000-0  49142-3 0  9993,2 25984 045.0370 147.1574 0005748 288.2380 071.7840 14.31873335806125
1 25984U 99065E   15136.13238003  .00001107  00000-0  46165-3 0  9997,2 25984 045.0370 142.2475 0005724 292.7420 067.2821 14.31875367806272
1 25984U 99065E   15137.45803402  .00001024  00000-0  43122-3 0  9992,2 25984 045.0372 136.0286 0005674 298.5099 061.5175 14.31878191806463
1 25984U 99065E   15138.50460104  .00000846  00000-0  36525-3 0  9997,2 25984 045.0372 131.1188 0005637 303.2514 056.7792 14.31879829806612
1 25984U 99065E   15139.55116605  .00000818  00000-0  35467-3 0  9990,2 25984 045.0372 126.2090 0005589 307.9800 052.0541 14.31882323806764
1 25984U 99065E   15141.08612652  .00000638  00000-0  28804-3 0  9991,2 25984 045.0373 119.0078 0005502 314.9858 045.0542 14.31884642806980
1 25984U 99065E   15142.13268908  .00000626  00000-0  28373-3 0  9997,2 25984 045.0375 114.0978 0005440 319.6560 040.3883 14.31886535807136
1 25984U 99065E   15143.31879229  .00000490  00000-0  23340-3 0  9990,2 25984 045.0376 108.5334 0005363 325.2265 034.8230 14.31887741807303
1 25984U 99065E   15144.36535278  .00000444  00000-0  21647-3 0  9996,2 25984 045.0378 103.6236 0005292 330.0046 030.0497 14.31889046807453
1 25984U 99065E   15145.41191243  .00000415  00000-0  20552-3 0  9995,2 25984 045.0380 098.7138 0005211 335.0904 024.9691 14.31890315807606
1 25984U 99065E   15146.80732407  .00000347  00000-0  18046-3 0  9991,2 25984 045.0382 092.1675 0005099 341.9205 018.1459 14.31891698807800
1 25984U 99065E   15147.85388184  .00000367  00000-0  18767-3 0  9998,2 25984 045.0383 087.2577 0005017 347.2158 012.8560 14.31893092807953
1 25984U 99065E   15148.90043844  .00000363  00000-0  18619-3 0  9998,2 25984 045.0385 082.3481 0004918 352.4336 007.6436 14.31894446808106
1 25984U 99065E   15150.15630561  .00000308  00000-0  16615-3 0  9999,2 25984 045.0386 076.4565 0004821 359.0386 001.0450 14.31895655808281
1 25984U 99065E   15150.15630561  .00000308  00000-0  16615-3 0  9999,2 25984 045.0386 076.4565 0004821 359.0386 001.0450 14.31895655808281
1 25984U 99065E   15151.27263106  .00000673  00000-0  30101-3 0  9991,2 25984 045.0388 071.2195 0004741 004.9340 355.1552 14.31898777808444
1 25984U 99065E   15153.15642804  .00000310  00000-0  16687-3 0  9997,2 25984 045.0390 062.3820 0004575 015.0232 345.0749 14.31898752808710
1 25984U 99065E   15154.20298077  .00000351  00000-0  18201-3 0  9992,2 25984 045.0390 057.4722 0004490 020.9482 339.1547 14.31899993808868
1 25984U 99065E   15156.08677284  .00000441  00000-0  21520-3 0  9999,2 25984 045.0391 048.6347 0004346 031.6467 328.4640 14.31902613809136
1 25984U 99065E   15157.13332252  .00000511  00000-0  24122-3 0  9998,2 25984 045.0392 043.7250 0004284 038.0537 322.0611 14.31904337809285
1 25984U 99065E   15158.80779968  .00000559  00000-0  25877-3 0  9992,2 25984 045.0393 035.8694 0004180 048.0743 312.0459 14.31906847809529
1 25984U 99065E   15159.85434546 +.00000769 +00000-0 +33641-3 0  9999,2 25984 045.0394 030.9597 0004124 054.4920 305.6311 14.31909676809230
1 25984U 99065E   15160.06365449  .00000781  00000-0  34106-3 0  9990,2 25984 045.0394 029.9778 0004124 055.7792 304.3445 14.31910088809705
1 25984U 99065E   15160.90089045 +.00000817 +00000-0 +35433-3 0  9992,2 25984 045.0395 026.0501 0004087 060.7619 299.3635 14.31911523809383
1 25984U 99065E   15161.11019913  .00000828  00000-0  35818-3 0  9992,2 25984 045.0394 025.0680 0004080 062.2733 297.8527 14.31911942809856
1 25984U 99065E   15161.94743384 +.00000873 +00000-0 +37489-3 0  9995,2 25984 045.0394 021.1402 0004049 067.5440 292.5834 14.31913484809534
1 25984U 99065E   15162.92420605 +.00000892 +00000-0 +38196-3 0  9999,2 25984 045.0394 016.5576 0004023 073.8593 286.2696 14.31915306809671
1 25984U 99065E   15163.76143811  .00000957  00000-0  40587-3 0  9992,2 25984 045.0394 012.6296 0004007 079.2152 280.9146 14.31917253810238
1 25984U 99065E   15163.90097664 +.00000954 +00000-0 +40492-3 0  9994,2 25984 045.0394 011.9750 0004005 080.1787 279.9511 14.31917522809813
1 25984U 99065E   15164.80797674  .00000939  00000-0  39949-3 0  9990,2 25984 045.0394 007.7199 0004002 085.9769 274.1535 14.31919266810387
1 25984U 99065E   15164.94751511 +.00000923 +00000-0 +39342-3 0  9995,2 25984 045.0394 007.0653 0004004 086.8362 273.2943 14.31919464809961
1 25984U 99065E   15165.92428279 +.00000791 +00000-0 +34461-3 0  9996,2 25984 045.0394 002.4827 0004007 093.1758 266.9547 14.31920804810103
1 25984U 99065E   15165.99405184 +.00000788 +00000-0 +34348-3 0  9993,2 25984 045.0394 002.1554 0004008 093.5740 266.5565 14.31920938810556
1 25984U 99065E   15167.66850774  .00000652  00000-0  29336-3 0  9999,2 25984 045.0395 354.2996 0004034 104.5755 255.5539 14.31923538810790
1 25984U 99065E   15168.78480998  .00000576  00000-0  26494-3 0  9997,2 25984 045.0395 349.0625 0004067 111.4095 248.7186 14.31925115810954
1 25984U 99065E   15168.92434773 +.00000590 +00000-0 +27037-3 0  9993,2 25984 045.0395 348.4078 0004070 112.1249 248.0030 14.31925407810531
1 25984U 99065E   15169.55226701 +.00000488 +00000-0 +23254-3 0  9996,2 25984 045.0394 345.4618 0004090 116.3609 243.7658 14.31925874810621
1 25984U 99065E   15169.90111107  .00000477  00000-0  22858-3 0  9995,2 25984 045.0393 343.8252 0004099 118.3325 241.7936 14.31926309811118
1 25984U 99065E   15170.94764217  .00000445  00000-0  21653-3 0  9994,2 25984 045.0393 338.9153 0004143 124.8331 235.2906 14.31927609811267
1 25984U 99065E   15172.48255293  .00000401  00000-0  20041-3 0  9996,2 25984 045.0392 331.7138 0004229 134.2143 225.9051 14.31929246811481
1 25984U 99065E   15173.80815598  .00000367  00000-0  18785-3 0  9996,2 25984 045.0392 325.4946 0004328 142.1357 217.9794 14.31930648811677
1 25984U 99065E   15175.48259843  .00000462  00000-0  22294-3 0  9993,2 25984 045.0392 317.6387 0004449 151.9810 208.1276 14.31933550811914
1 25984U 99065E   15176.52912411  .00000366  00000-0  18730-3 0  9999,2 25984 045.0391 312.7287 0004539 158.1122 201.9918 14.31934385812061
1 25984U 99065E   15177.78495372  .00000329  00000-0  17382-3 0  9991,2 25984 045.0391 306.8370 0004635 164.8202 195.2784 14.31935772812245
1 25984U 99065E   15179.45939156  .00000260  00000-0  14828-3 0  9996,2 25984 045.0390 298.9811 0004775 173.8208 186.2698 14.31937238812485
1 25984U 99065E   15180.71521882  .00000214  00000-0  13114-3 0  9996,2 25984 045.0388 293.0894 0004891 180.3978 179.6866 14.31938144812665
1 25984U 99065E   15181.76174058  .00000205  00000-0  12758-3 0  9994,2 25984 045.0387 288.1796 0004985 185.8079 174.2710 14.31939034812811
1 25984U 99065E   15183.08732239  .00000191  00000-0  12265-3 0  9999,2 25984 045.0386 281.9603 0005110 192.7405 167.3313 14.31940118813008
1 25984U 99065E   15184.41291486  .00000198  00000-0  12533-3 0  9996,2 25984 045.0385 275.7411 0005227 199.4347 160.6300 14.31941322813193
1 25984U 99065E   15185.45943471  .00000251  00000-0  14471-3 0  9992,2 25984 045.0384 270.8311 0005308 204.4160 155.6435 14.31942466813347
1 25984U 99065E   15186.50595318  .00000452  00000-0  21905-3 0  9995,2 25984 045.0384 265.9214 0005387 209.4981 150.5561 14.31944595813492
1 25984U 99065E   15187.62223928  .00000361  00000-0  18549-3 0  9993,2 25984 045.0382 260.6842 0005472 214.7483 145.3006 14.31945080813654
1 25984U 99065E   15189.50596986  .00000474  00000-0  22730-3 0  9991,2 25984 045.0379 251.8462 0005615 223.5529 136.4874 14.31947399813927
1 25984U 99065E   15190.62225322  .00000501  00000-0  23708-3 0  9996,2 25984 045.0376 246.6088 0005682 228.6505 131.3853 14.31948740814084
1 25984U 99065E   15192.15714123  .00000527  00000-0  24655-3 0  9998,2 25984 045.0373 239.4072 0005766 235.5554 124.4748 14.31950678814302
1 25984U 99065E   15193.41295694  .00000459  00000-0  22177-3 0  9996,2 25984 045.0372 233.5150 0005826 241.0944 118.9318 14.31952000814486
1 25984U 99065E   15194.45946964  .00000386  00000-0  19470-3 0  9995,2 25984 045.0371 228.6048 0005869 245.7170 114.3064 14.31952824814634
1 25984U 99065E   15195.50598111  .00000407  00000-0  20226-3 0  9994,2 25984 045.0371 223.6946 0005915 250.3528 109.6680 14.31954233814780
1 25984U 99065E   15197.11063113  .00000320  00000-0  17028-3 0  9992,2 25984 045.0371 216.1656 0005964 257.5090 102.5089 14.31955509815011
1 25984U 99065E   15198.43621043  .00000275  00000-0  15362-3 0  9998,2 25984 045.0371 209.9463 0005978 263.2023 096.8143 14.31956623815207
1 25984U 99065E   15199.48271968  .00000247  00000-0  14327-3 0  9990,2 25984 045.0370 205.0361 0005979 267.6770 092.3392 14.31957506815352
1 25984U 99065E   15201.01759903  .00000142  00000-0  10456-3 0  9996,2 25984 045.0369 197.8345 0005972 274.4675 085.5489 14.31958370815578
1 25984U 99065E   15202.13387422  .00000110  00000-0  92632-4 0  9995,2 25984 045.0370 192.5969 0005952 279.1210 080.8963 14.31959200815735
1 25984U 99065E   15203.38968327  .00000121  00000-0  96509-4 0  9991,2 25984 045.0370 186.7048 0005920 284.6612 075.3578 14.31960305815919
1 25984U 99065E   15204.43619038  .00000148  00000-0  10677-3 0  9990,2 25984 045.0371 181.7946 0005898 289.1768 070.8440 14.31961223816063
1 25984U 99065E   15206.11060096  .00000149  00000-0  10701-3 0  9990,2 25984 045.0374 173.9383 0005824 296.6855 063.3395 14.31962310816304
1 25984U 99065E   15207.15710674  .00000166  00000-0  11326-3 0  9992,2 25984 045.0375 169.0282 0005780 301.1450 058.8829 14.31963122816452
1 25984U 99065E   15208.34314610  .00000175  00000-0  11660-3 0  9995,2 25984 045.0375 163.4633 0005684 306.6412 053.3911 14.31964039816620
1 25984U 99065E   15209.87801926  .00000195  00000-0  12397-3 0  9995,2 25984 045.0376 156.2618 0005578 313.6654 046.3729 14.31965457816840
1 25984U 99065E   15211.13382356  .00000184  00000-0  12001-3 0  9998,2 25984 045.0377 150.3696 0005499 319.2889 040.7546 14.31966585817025
1 25984U 99065E   15212.18032671  .00000248  00000-0  14348-3 0  9993,2 25984 045.0378 145.4595 0005411 324.3387 035.7097 14.31967832817170
1 25984U 99065E   15213.29659604  .00000307  00000-0  16551-3 0  9991,2 25984 045.0379 140.2221 0005326 329.6348 030.4189 14.31969069817336
1 25984U 99065E   15214.83146500  .00000348  00000-0  18046-3 0  9994,2 25984 045.0381 133.0204 0005202 336.7464 023.3147 14.31970515817558
1 25984U 99065E   15216.15703246  .00000353  00000-0  18248-3 0  9997,2 25984 045.0382 126.8010 0005071 343.2706 016.7973 14.31971665817741
1 25984U 99065E   15217.76166516  .00000343  00000-0  17863-3 0  9999,2 25984 045.0383 119.2721 0004927 351.3260 008.7500 14.31973099817976
1 25984U 99065E   15218.80816338  .00000328  00000-0  17301-3 0  9999,2 25984 045.0383 114.3621 0004826 356.6506 003.4307 14.31974214818125
1 25984U 99065E   15220.13372646  .00000349  00000-0  18093-3 0  9999,2 25984 045.0383 108.1426 0004704 003.6384 356.4496 14.31975919818311
1 25984U 99065E   15221.18022285  .00000384  00000-0  19391-3 0  9997,2 25984 045.0383 103.2324 0004616 009.0950 350.9979 14.31977289818468
1 25984U 99065E   15222.85461578  .00000310  00000-0  16636-3 0  9992,2 25984 045.0383 095.3760 0004462 018.0591 342.0413 14.31978529818703
1 25984U 99065E   15224.04064301  .00000280  00000-0  15551-3 0  9999,2 25984 045.0383 089.8110 0004354 024.9188 335.1868 14.31979408818870
1 25984U 99065E   15225.08713694  .00000268  00000-0  15080-3 0  9993,2 25984 045.0384 084.9008 0004270 031.0211 329.0887 14.31980190819027
1 25984U 99065E   15226.48246099  .00000225  00000-0  13517-3 0  9994,2 25984 045.0385 078.3537 0004166 039.2497 320.8651 14.31981123819229
1 25984U 99065E   15227.52895327  .00000214  00000-0  13091-3 0  9999,2 25984 045.0385 073.4435 0004091 045.6988 314.4193 14.31981951819370
1 25984U 99065E   15228.71497659  .00000294  00000-0  16048-3 0  9990,2 25984 045.0386 067.8786 0004022 052.9176 307.2037 14.31983546819549
1 25984U 99065E   15229.83123597  .00000243  00000-0  14186-3 0  9996,2 25984 045.0390 062.6413 0003974 059.9912 300.1328 14.31980395819706
1 25984U 99065E   15229.90100236 +.00000220 +00000-0 +13319-3 0  9991,2 25984 045.0389 062.3140 0003959 060.1543 299.9697 14.31980198819272
1 25984U 99065E   15230.87772948 -.00000141 +00000-0 -57943-7 0  9993,2 25984 045.0387 057.7311 0003900 066.1930 293.9325 14.31980114819416
1 25984U 99065E   15230.94749569 -.00000140  00000-0  22869-6 0  9990,2 25984 045.0387 057.4038 0003904 066.6609 293.4648 14.31980156819869
1 25984U 99065E   15231.92422246 -.00000128 +00000-0 +44749-5 0  9995,2 25984 045.0389 052.8210 0003880 072.2547 287.8722 14.31980474819569
1 25984U 99065E   15232.55211753  .00000121  00000-0  96611-4 0  9990,2 25984 045.0389 049.8748 0003837 076.8477 283.2798 14.31981308820095
1 25984U 99065E   15233.80790777  .00000122  00000-0  97205-4 0  9998,2 25984 045.0389 043.9824 0003810 085.2291 274.8990 14.31981981820271
1 25984U 99065E   15234.85439901  .00000137  00000-0  10268-3 0  9992,2 25984 045.0390 039.0722 0003800 092.0334 268.0948 14.31982614820428
1 25984U 99065E   15235.90088939  .00000164  00000-0  11264-3 0  9997,2 25984 045.0391 034.1619 0003803 098.7502 261.3775 14.31983460820573
1 25984U 99065E   15235.90088939 +.00000164 +00000-0 +11264-3 0  9997,2 25984 045.0391 034.1619 0003803 098.7502 261.3775 14.31983460820135
1 25984U 99065E   15236.87761333 +.00000158 +00000-0 +11029-3 0  9992,2 25984 045.0392 029.5791 0003818 105.0054 255.1215 14.31984103820275
1 25984U 99065E   15237.43574115  .00000144  00000-0  10518-3 0  9992,2 25984 045.0393 026.9602 0003821 108.5710 251.5551 14.31984398820795
1 25984U 99065E   15238.48223022  .00000133  00000-0  10105-3 0  9996,2 25984 045.0395 022.0501 0003850 115.1736 244.9510 14.31985106820942
1 25984U 99065E   15240.57520550  .00000257  00000-0  14672-3 0  9995,2 25984 045.0396 012.2299 0003913 128.4352 231.6846 14.31987504821242
1 25984U 99065E   15241.69145757  .00000307  00000-0  16554-3 0  9998,2 25984 045.0397 006.9926 0003955 135.3956 224.7209 14.31988755821406
1 25984U 99065E   15241.83098903 +.00000308 +00000-0 +16560-3 0  9992,2 25984 045.0396 006.3379 0003965 136.0612 224.0550 14.31988878820989
1 25984U 99065E   15242.73794320  .00000282  00000-0  15593-3 0  9994,2 25984 045.0396 002.0824 0004004 141.5350 218.5782 14.31989514821559
1 25984U 99065E   15243.71466241 +.00000285 +00000-0 +15729-3 0  9995,2 25984 045.0395 357.4995 0004057 147.3448 212.7650 14.31990411821259
1 25984U 99065E   15244.13325612  .00000272  00000-0  15223-3 0  9993,2 25984  45.0396 355.5354 0004078 149.8652 210.2429 14.31990741821753
1 25984U 99065E   15244.55184969 +.00000273 +00000-0 +15260-3 0  9999,2 25984 045.0396 353.5713 0004108 152.4303 207.6762 14.31991155821375
1 25984U 99065E   15245.17973993  .00000237  00000-0  13956-3 0  9991,2 25984  45.0396 350.6252 0004145 156.1199 203.9840 14.31991559821909
1 25984U 99065E   15245.52856771 +.00000231 +00000-0 +13714-3 0  9990,2 25984 045.0396 348.9885 0004157 158.0009 202.1017 14.31991886821512
1 25984U 99065E   15246.36575408  .00000199  00000-0  12537-3 0  9993,2 25984  45.0396 345.0603 0004235 162.7045 197.3946 14.31992503822072
1 25984U 99065E   15246.43551962 +.00000196 +00000-0 +12448-3 0  9998,2 25984 045.0396 344.7330 0004236 163.0301 197.0688 14.31992552821641
1 25984U 99065E   15247.48200183  .00000204  00000-0  12735-3 0  9999,2 25984  45.0396 339.8229 0004314 168.8394 191.2549 14.31993567822230
1 25984U 99065E   15247.55176726 +.00000210 +00000-0 +12938-3 0  9994,2 25984 045.0396 339.4956 0004320 169.1357 190.9583 14.31993667821800
1 25984U 99065E   15248.66801433  .00000222  00000-0  13400-3 0  9995,2 25984  45.0395 334.2581 0004407 175.1230 184.9660 14.31994662822401
1 25984U 99065E   15249.64472990 +.00000236 +00000-0 +13890-3 0  9994,2 25984 045.0395 329.6755 0004479 180.4249 179.6595 14.31995509822106
1 25984U 99065E   15250.20285279  .00000245  00000-0  14225-3 0  9993,2 25984  45.0394 327.0566 0004526 183.4153 176.6663 14.31995983822623
1 25984U 99065E   15250.62144483 +.00000254 +00000-0 +14574-3 0  9997,2 25984 045.0393 325.0927 0004553 185.5033 174.5764 14.31996384822244
1 25984U 99065E   15251.52839363  .00000322  00000-0  17081-3 0  9997,2 25984  45.0392 320.8373 0004613 190.2706 169.8046 14.31997539822814
1 25984U 99065E   15251.66792416 +.00000322 +00000-0 +17082-3 0  9990,2 25984 045.0392 320.1826 0004620 190.9677 169.1069 14.31997673822392
1 25984U 99065E   15252.64463759  .00000306  00000-0  16505-3 0  9995,2 25984  45.0390 315.5996 0004691 195.8399 164.2301 14.31998484822979
1 25984U 99065E   15253.62135018 +.00000316 +00000-0 +16863-3 0  9996,2 25984 045.0389 311.0167 0004759 200.6293 159.4362 14.31999542822677
1 25984U 99065E   15254.17947137  .00000280  00000-0  15525-3 0  9994,2 25984  45.0388 308.3978 0004800 203.4372 156.6256 14.31999934823195
1 25984U 99065E   15254.59806213 +.00000298 +00000-0 +16202-3 0  9991,2 25984 045.0388 306.4338 0004824 205.3763 154.6847 14.32000500822810
1 25984U 99065E   15255.22594808  .00000268  00000-0  15089-3 0  9995,2 25984  45.0387 303.4876 0004867 208.4670 151.5911 14.32001008823342
1 25984U 99065E   15255.57477348 +.00000255 +00000-0 +14596-3 0  9990,2 25984 045.0387 301.8509 0004888 210.0572 149.9994 14.32001326822951
1 25984U 99065E   15256.48171935  .00000214  00000-0  13074-3 0  9999,2 25984  45.0386 297.5953 0004941 214.4113 145.6414 14.32002025823524
1 25984U 99065E   15256.55148437 +.00000220 +00000-0 +13327-3 0  9996,2 25984 045.0386 297.2680 0004944 214.7331 145.3193 14.32002143823090
1 25984U 99065E   15257.45842976 +.00000213 +00000-0 +13040-3 0  9999,2 25984 045.0385 293.0124 0004995 219.0468 141.0018 14.32002944823224
1 25984U 99065E   15258.15607964  .00000221  00000-0  13353-3 0  9999,2 25984  45.0385 289.7388 0005037 222.3699 137.6759 14.32003608823769
1 25984U 99065E   15258.50490451 +.00000239 +00000-0 +14019-3 0  9998,2 25984 045.0384 288.1022 0005050 223.9039 136.1407 14.32004009823373
1 25984U 99065E   15259.48161388  .00000234  00000-0  13828-3 0  9992,2 25984  45.0383 283.5192 0005103 228.3677 131.6733 14.32004733823955
1 25984U 99065E   15260.45832269 +.00000252 +00000-0 +14512-3 0  9995,2 25984 045.0382 278.9362 0005149 232.8808 127.1568 14.32005572823652
1 25984U 99065E   15261.08620665  .00000247  00000-0  14315-3 0  9995,2 25984  45.0381 275.9898 0005181 235.6672 124.3684 14.32006025824189
1 25984U 99065E   15261.43503105 +.00000263 +00000-0 +14883-3 0  9991,2 25984 045.0380 274.3531 0005181 237.2888 122.7459 14.32006382823796
1 25984U 99065E   15262.13267947  .00000264  00000-0  14951-3 0  9997,2 25984  45.0379 271.0794 0005206 240.3831 119.6497 14.32006984824336
1 25984U 99065E   15262.48150344 +.00000309 +00000-0 +16595-3 0  9993,2 25984 045.0379 269.4426 0005212 241.8558 118.1762 14.32007586823942
1 25984U 99065E   15263.17915144  .00000310  00000-0  16627-3 0  9995,2 25984  45.0378 266.1688 0005234 244.9646 115.0657 14.32008216824481
1 25984U 99065E   15263.45821044 +.00000313 +00000-0 +16730-3 0  9999,2 25984 045.0378 264.8594 0005238 246.0822 113.9476 14.32008547824084
1 25984U 99065E   15264.43491678  .00000298  00000-0  16185-3 0  9990,2 25984  45.0378 260.2763 0005247 250.4895 109.5385 14.32009476824667
1 25984U 99065E   15265.41162267 +.00000272 +00000-0 +15214-3 0  9992,2 25984 045.0378 255.6931 0005267 254.6039 105.4226 14.32010305824369
1 25984U 99065E   15266.10926934  .00000276  00000-0  15392-3 0  9999,2 25984  45.0379 252.4194 0005278 257.6390 102.3866 14.32011028824900
1 25984U 99065E   15266.94644502 +.00000284 +00000-0 +15688-3 0  9996,2 25984 045.0379 248.4910 0005283 261.3019 098.7229 14.32011860824586
1 25984U 99065E   15267.15573893  .00000307  00000-0  16519-3 0  9994,2 25984  45.0379 247.5090 0005276 262.2409  97.7838 14.32012168825050
1 25984U 99065E   15267.92314947 +.00000319 +00000-0 +16983-3 0  9990,2 25984 045.0379 243.9080 0005268 265.6712 094.3533 14.32012951824722
1 25984U 99065E   15268.41150135  .00000343  00000-0  17843-3 0  9995,2 25984  45.0379 241.6167 0005263 267.6891  92.3353 14.32013572825233
1 25984U 99065E   15268.89985307 +.00000377 +00000-0 +19099-3 0  9996,2 25984 045.0379 239.3250 0005264 269.7777 090.2466 14.32014223824861
1 25984U 99065E   15269.87655609  .00000375  00000-0  19044-3 0  9992,2 25984  45.0378 234.7420 0005247 273.9384  86.0862 14.32015198825440
1 25984U 99065E   15269.94632056 +.00000374 +00000-0 +18978-3 0  9995,2 25984 045.0378 234.4147 0005245 274.2045 085.8202 14.32015267825014
1 25984U 99065E   15270.92302297 +.00000385 +00000-0 +19384-3 0  9990,2 25984 045.0377 229.8316 0005209 278.5404 081.4852 14.32016333825158
1 25984U 99065E   15270.92302297 +.00000385 +00000-0 +19384-3 0  9990,2 25984 045.0377 229.8316 0005209 278.5404 081.4852 14.32016333825158
1 25984U 99065E   15271.20208058  .00000378  00000-0  19158-3 0  9993,2 25984  45.0377 228.5222 0005207 279.5555  80.4703 14.32016631825634
1 25984U 99065E   15271.89972457 +.00000392 +00000-0 +19672-3 0  9996,2 25984 045.0377 225.2486 0005182 282.6405 077.3861 14.32017474825299
1 25984U 99065E   15272.31831072  .00000377  00000-0  19098-3 0  9996,2 25984  45.0377 223.2845 0005162 284.3869  75.6404 14.32017901825791
1 25984U 99065E   15272.94618969 +.00000372 +00000-0 +18939-3 0  9991,2 25984 045.0377 220.3381 0005146 287.0850 072.9432 14.32018635825444
1 25984U 99065E   15273.85312555  .00000391  00000-0  19635-3 0  9999,2 25984  45.0378 216.0823 0005110 290.9618  69.0681 14.32019805826011
1 25984U 99065E   15273.92288978 +.00000399 +00000-0 +19922-3 0  9995,2 25984 045.0377 215.7550 0005106 291.2713 068.7588 14.32019947825588
1 25984U 99065E   15274.89958908 +.00000446 +00000-0 +21647-3 0  9999,2 25984 045.0379 211.1719 0005058 295.4925 064.5398 14.32021373825729
1 25984U 99065E   15275.17864595  .00000491  00000-0  23298-3 0  9993,2 25984  45.0379 209.8625 0005046 296.6619  63.3710 14.32021927826203
1 25984U 99065E   15275.87628761 +.00000474 +00000-0 +22672-3 0  9999,2 25984 045.0380 206.5888 0005011 299.7115 060.3233 14.32022689825861
1 25984U 99065E   15276.29487253  .00000475  00000-0  22736-3 0  9997,2 25984  45.0380 204.6247 0004987 301.4784  58.5575 14.32023175826368
1 25984U 99065E   15276.92274939 +.00000485 +00000-0 +23107-3 0  9996,2 25984 045.0380 201.6784 0004951 304.1767 055.8609 14.32024014826016
1 25984U 99065E   15277.89944643 +.00000437 +00000-0 +21302-3 0  9991,2 25984 045.0381 197.0954 0004883 308.4801 051.5607 14.32024889826150
1 25984U 99065E   15278.17850257  .00000432  00000-0  21136-3 0  9990,2 25984  45.0380 195.7861 0004860 309.8325  50.2094 14.32025207826636
1 25984U 99065E   15278.87614274 +.00000387 +00000-0 +19465-3 0  9995,2 25984 045.0380 192.5124 0004807 312.9097 047.1345 14.32025781826298
1 25984U 99065E   15279.22496264  .00000382  00000-0  19284-3 0  9996,2 25984  45.0380 190.8758 0004780 314.5770  45.4686 14.32026189826784
1 25984U 99065E   15279.85283818 +.00000340 +00000-0 +17747-3 0  9990,2 25984 045.0380 187.9296 0004738 317.3114 042.7364 14.32026747826439
1 25984U 99065E   15280.82953277  .00000352  00000-0  18166-3 0  9991,2 25984  45.0378 183.3466 0004662 321.9595  38.0922 14.32028083827013
1 25984U 99065E   15280.89929662 +.00000351 +00000-0 +18152-3 0  9993,2 25984 045.0378 183.0193 0004661 322.2607 037.7912 14.32028177826584
1 25984U 99065E   15281.87599043 +.00000327 +00000-0 +17251-3 0  9990,2 25984 045.0378 178.4363 0004590 326.7533 033.3024 14.32029291826729
1 25984U 99065E   15282.15504585  .00000300  00000-0  16248-3 0  9995,2 25984  45.0377 177.1269 0004562 328.1273  31.9297 14.32029444827205
1 25984U 99065E   15282.85268397 +.00000258 +00000-0 +14696-3 0  9997,2 25984 045.0377 173.8532 0004506 331.2503 028.8094 14.32029974826869
1 25984U 99065E   15283.13174855  .00000226  00000-0  13544-3 0  9990,2 25984  45.0376 172.5440 0004241 330.7236  29.3372 14.31975285827348
1 25984U 99065E   15283.82941316 +.00000204 +00000-0 +12740-3 0  9993,2 25984 045.0376 169.2701 0004183 333.9417 026.1218 14.31975660827006
1 25984U 99065E   15284.66661601  .00000202  00000-0  12666-3 0  9997,2 25984  45.0369 165.3421 0004001 338.9345  21.1336 14.31961964827567
1 25984U 99065E   15284.87591838 +.00000207 +00000-0 +12845-3 0  9998,2 25984 045.0377 164.3601 0004020 338.2202 021.8473 14.31955322827156
1 25984U 99065E   15285.85266226  .00000276  00000-0  15398-3 0  9999,2 25984  45.0376 159.7773 0003892 343.1439  16.9277 14.31956444827733
1 25984U 99065E   15286.82940571 +.00000240 +00000-0 +14055-3 0  9999,2 25984 045.0375 155.1945 0003811 347.9136 012.1619 14.31957097827430
1 25984U 99065E   15287.10848003  .00000240  00000-0  14068-3 0  9992,2 25984  45.0377 153.8854 0003773 348.6780  11.3981 14.31935659827912
1 25984U 99065E   15287.87593284 -.00000017 +00000-0 +45690-4 0  9993,2 25984 045.0376 150.2847 0003707 352.4638 007.6152 14.31935379827586
1 25984U 99065E   15288.71315354 -.00000030  00000-0  40810-4 0  9991,2 25984  45.0374 146.3565 0003597 356.5449   3.5372 14.31935646828148
1 25984U 99065E   15289.82944689 -.00000044  00000-0  35589-4 0  9995,2 25984  45.0372 141.1192 0003493   2.2443 357.8418 14.31936622828308
1 25984U 99065E   15290.94573643 -.00000061 +00000-0 +29347-4 0  9992,2 25984 045.0371 135.8815 0003331 008.4907 351.5995 14.31941274828022
1 25984U 99065E   15291.08527259 -.00000064  00000-0  28153-4 0  9997,2 25984  45.0372 135.2267 0003316   9.3100 350.7808 14.31941387828485
1 25984U 99065E   15291.78295353 -.00000065 +00000-0 +27901-4 0  9992,2 25984 045.0372 131.9531 0003272 012.8217 347.2712 14.31941751828144
1 25984U 99065E   15292.82947338 -.00000050  00000-0  33377-4 0  9993,2 25984  45.0373 127.0433 0003163  19.2355 340.8610 14.31943833828739
1 25984U 99065E   15292.89924140 -.00000045 +00000-0 +35242-4 0  9993,2 25984 045.0372 126.7160 0003167 019.5013 340.5954 14.31943885828307
1 25984U 99065E   15293.87599263 -.00000022  00000-0  43925-4 0  9998,2 25984  45.0370 122.1326 0003065  24.9672 335.1322 14.31944898828884
1 25984U 99065E   15294.85274292 +.00000008 +00000-0 +54848-4 0  9998,2 25984 045.0370 117.5499 0003014 030.2978 329.8042 14.31946467828586
1 25984U 99065E   15294.92251079  .00000009  00000-0  55337-4 0  9999,2 25984  45.0370 117.2226 0003011  30.6843 329.4179 14.31946502829031
1 25984U 99065E   15295.89925995 +.00000027 +00000-0 +61956-4 0  9995,2 25984 045.0371 112.6398 0002931 036.2290 323.8754 14.31947907828732
1 25984U 99065E   15295.96902767  .00000027  00000-0  61878-4 0  9998,2 25984  45.0371 112.3125 0002918  37.0042 323.1005 14.31947996829186
1 25984U 99065E   15296.87600777 +.00000027 +00000-0 +62111-4 0  9996,2 25984 045.0374 108.0567 0002822 042.8620 317.2446 14.31950300828872
1 25984U 99065E   15297.50391662  .00000035  00000-0  64875-4 0  9995,2 25984  45.0375 105.1107 0002769  46.7771 313.3306 14.31950595829409
1 25984U 99065E   15297.85275477 +.00000017 +00000-0 +58174-4 0  9993,2 25984 045.0375 103.4739 0002754 049.0227 311.0857 14.31950795829012
1 25984U 99065E   15298.82950077  .00000003  00000-0  53062-4 0  9993,2 25984  45.0375  98.8913 0002696  54.8322 305.2776 14.31952033829593
1 25984U 99065E   15299.87601320 -.00000031  00000-0  40489-4 0  9994,2 25984  45.0377  93.9808 0002649  63.0178 297.0939 14.31953534829746
1 25984U 99065E   15299.87601320 -.00000031 +00000-0 +40489-4 0  9994,2 25984 045.0377 093.9808 0002649 063.0178 297.0939 14.31953534829308
1 25984U 99065E   15300.85275754 +.00000061 +00000-0 +74595-4 0  9990,2 25984 045.0379 089.3981 0002607 068.3619 291.7504 14.31954657829444
1 25984U 99065E   15300.92252491  .00000301  00000-0  16308-3 0  9995,2 25984  45.0379  89.0708 0002598  68.9006 291.2118 14.31954982829899
1 25984U 99065E   15300.92252491  .00000301  00000-0  16308-3 0  9995,2 25984  45.0379  89.0708 0002598  68.9006 291.2118 14.31954982829899
1 25984U 99065E   15301.82950084 +.00000437 +00000-0 +21350-3 0  9991,2 25984 045.0380 084.8153 0002540 074.9618 285.1509 14.31956300829589
1 25984U 99065E   15302.38763973  .00000432  00000-0  21185-3 0  9993,2 25984  45.0381  82.1965 0002517  78.6358 281.4771 14.31956948830106
1 25984U 99065E   15302.87601084 +.00000459 +00000-0 +22169-3 0  9993,2 25984 045.0381 079.9051 0002498 082.0643 278.0487 14.31957692829730
1 25984U 99065E   15303.43414902  .00000467  00000-0  22445-3 0  9993,2 25984  45.0382  77.2862 0002479  85.8508 274.2622 14.31958376830250
1 25984U 99065E   15303.78298526 +.00000496 +00000-0 +23534-3 0  9995,2 25984 045.0382 075.6496 0002468 088.1969 271.9160 14.31958915829865
1 25984U 99065E   15304.48065743  .00000505  00000-0  23859-3 0  9997,2 25984  45.0383  72.3761 0002459  93.0258 267.0870 14.31959754830409
1 25984U 99065E   15304.75972630 +.00000494 +00000-0 +23440-3 0  9992,2 25984 045.0384 071.0668 0002452 094.9616 265.1511 14.31959963830002
1 25984U 99065E   15305.73646626  .00000624  00000-0  28256-3 0  9999,2 25984  45.0385  66.4840 0002454 101.6607 258.4515 14.31961801830587
1 25984U 99065E   15306.78297240  .00000622  00000-0  28180-3 0  9993,2 25984  45.0387  61.5740 0002450 108.9278 251.1834 14.31963096830733
1 25984U 99065E   15307.75971045 +.00000555 +00000-0 +25706-3 0  9999,2 25984 045.0389 056.9914 0002450 115.7312 244.3787 14.31964053830433
1 25984U 99065E   15308.45737982  .00000530  00000-0  24776-3 0  9996,2 25984  45.0390  53.7180 0002459 120.6014 239.5075 14.31964917830972
1 25984U 99065E   15308.59691363 +.00000527 +00000-0 +24693-3 0  9997,2 25984 045.0390 053.0634 0002464 121.5051 238.6036 14.31965108830550
1 25984U 99065E   15309.71318384  .00000459  00000-0  22144-3 0  9994,2 25984  45.0392  47.8262 0002493 128.8900 231.2169 14.31966244831150
1 25984U 99065E   15310.68991945 +.00000417 +00000-0 +20625-3 0  9998,2 25984 045.0393 043.2436 0002532 135.3078 224.7973 14.31967251830852
1 25984U 99065E   15311.17828681  .00000437  00000-0  21363-3 0  9991,2 25984  45.0394  40.9522 0002541 138.4927 221.6113 14.31967972831369
1 25984U 99065E   15311.66665355 +.00000526 +00000-0 +24623-3 0  9993,2 25984 045.0395 038.6610 0002572 141.5094 218.5936 14.31969188830993
1 25984U 99065E   15312.22478691  .00000526  00000-0  24624-3 0  9992,2 25984  45.0395  36.0423 0002589 145.1053 214.9963 14.31969938831512
1 25984U 99065E   15312.64338683 +.00000521 +00000-0 +24464-3 0  9991,2 25984 045.0395 034.0784 0002612 147.7430 212.3577 14.31970453831139
1 25984U 99065E   15313.55035225  .00000592  00000-0  27088-3 0  9991,2 25984  45.0395  29.8230 0002655 153.2736 206.8248 14.31972142831708
1 25984U 99065E   15313.68988530 +.00000597 +00000-0 +27272-3 0  9991,2 25984 045.0395 029.1684 0002657 154.0609 206.0371 14.31972378831287
1 25984U 99065E   15314.80614892  .00000610  00000-0  27744-3 0  9993,2 25984  45.0395  23.9310 0002712 160.5856 199.5094 14.31974177831886
1 25984U 99065E   15315.78287809 +.00000611 +00000-0 +27773-3 0  9998,2 25984 045.0395 019.3482 0002766 166.2861 193.8060 14.31975859831588
1 25984U 99065E   15316.13170962  .00000628  00000-0  28382-3 0  9994,2 25984  45.0396  17.7115 0002785 168.4378 191.6533 14.31976551832078
1 25984U 99065E   15316.55030756 +.00000605 +00000-0 +27566-3 0  9994,2 25984 045.0395 015.7476 0002811 170.7017 189.3882 14.31977123831695
1 25984U 99065E   15317.38750258  .00000534  00000-0  24931-3 0  9996,2 25984  45.0396  11.8195 0002853 175.4696 184.6177 14.31978184832258
1 25984U 99065E   15317.52703488 +.00000535 +00000-0 +24956-3 0  9993,2 25984 045.0396 011.1649 0002876 176.0811 184.0058 14.31978468831836
1 25984U 99065E   15318.50376093  .00000546  00000-0  25372-3 0  9995,2 25984  45.0396   6.5822 0002933 181.2395 178.8444 14.31980277832412
1 25984U 99065E   15318.57352713 +.00000539 +00000-0 +25104-3 0  9990,2 25984 045.0396 006.2549 0002936 181.5498 178.5339 14.31980338831984
1 25984U 99065E   15319.55025225  .00000513  00000-0  24139-3 0  9993,2 25984  45.0396   1.6722 0002989 186.7552 173.3255 14.31981809832561
1 25984U 99065E   15320.52697597 +.00000576 +00000-0 +26483-3 0  9992,2 25984 045.0396 357.0896 0003052 191.9143 168.1632 14.31983788832263
1 25984U 99065E   15321.08510334  .00000613  00000-0  27852-3 0  9990,2 25984  45.0395 354.4708 0003080 194.9137 165.1619 14.31984872832786
1 25984U 99065E   15321.50367939  .00000646  00000-0  29026-3 0  9999,2 25984  45.0395 352.5067 0003244 200.3248 159.7470 14.32035231832848
1 25984U 99065E   15322.89894753 +.00000631 +00000-0 +28480-3 0  9998,2 25984 045.0393 345.9595 0003323 206.8510 153.2165 14.32037487832608
1 25984U 99065E   15323.17800080  .00000628  00000-0  28368-3 0  9991,2 25984  45.0393 344.6500 0003355 207.9287 152.1380 14.32037950833083
1 25984U 99065E   15323.45705392 +.00000655 +00000-0 +29360-3 0  9995,2 25984 045.0393 343.3406 0003361 209.1443 150.9216 14.32038597832686
1 25984U 99065E   15324.50350269  .00000630  00000-0  28432-3 0  9993,2 25984  45.0392 338.4302 0003399 214.0093 146.0536 14.32040157833274
1 25984U 99065E   15324.57326569 +.00000652 +00000-0 +29265-3 0  9995,2 25984 045.0392 338.1028 0003397 214.4180 145.6447 14.32040453832842
1 25984U 99065E   15325.61971298  .00000600  00000-0  27343-3 0  9994,2 25984  45.0392 333.1923 0003442 219.1222 140.9376 14.32042021833439
1 25984U 99065E   15326.45686987 +.00000599 +00000-0 +27279-3 0  9990,2 25984 045.0392 329.2638 0003482 222.7211 137.3365 14.32043508833114
1 25984U 99065E   15327.15450009  .00000528  00000-0  24675-3 0  9991,2 25984  45.0392 325.9901 0003509 225.8408 134.2150 14.32044349833653
1 25984U 99065E   15327.78236691 +.00000564 +00000-0 +26013-3 0  9997,2 25984 045.0392 323.0438 0003531 228.5719 131.4824 14.32045588833302
1 25984U 99065E   15328.47999635  .00000549  00000-0  25455-3 0  9990,2 25984  45.0392 319.7703 0003545 231.5615 128.4913 14.32046609833842
1 25984U 99065E   15329.52643967  .00000526  00000-0  24580-3 0  9994,2 25984  45.0392 314.8598 0003579 236.0174 124.0333 14.32048007833995
1 25984U 99065E   15329.94501681 +.00000468 +00000-0 +22444-3 0  9998,2 25984 045.0391 312.8956 0003597 237.7637 122.2861 14.32048233833618
1 25984U 99065E   15330.57288229  .00000499  00000-0  23600-3 0  9998,2 25984  45.0391 309.9494 0003604 240.3919 119.6569 14.32049196834147
1 25984U 99065E   15330.92169630 +.00000455 +00000-0 +21975-3 0  9996,2 25984 045.0390 308.3125 0003615 241.8044 118.2437 14.32049367833752
1 25984U 99065E   15330.92169630 +.00000455 +00000-0 +21975-3 0  9996,2 25984 045.0390 308.3125 0003615 241.8044 118.2437 14.32049367833752
1 25984U 99065E   15331.96813775 +.00000451 +00000-0 +21814-3 0  9995,2 25984 045.0390 303.4020 0003628 246.0629 113.9838 14.32050593833909
1 25984U 99065E   15332.17742592  .00000451  00000-0  21810-3 0  9993,2 25984  45.0390 302.4199 0003627 246.8736 113.1728 14.32050851834370
1 25984U 99065E   15332.94481557 +.00000444 +00000-0 +21583-3 0  9998,2 25984 045.0389 298.8188 0003629 250.0556 109.9900 14.32051750834041
1 25984U 99065E   15333.50291688  .00000476  00000-0  22744-3 0  9990,2 25984  45.0389 296.1999 0003624 252.3794 107.6657 14.32052613834566
1 25984U 99065E   15333.92149264 +.00000421 +00000-0 +20700-3 0  9998,2 25984 045.0388 294.2357 0003627 254.0455 105.9992 14.32052843834184
1 25984U 99065E   15334.89816863 +.00000493 +00000-0 +23361-3 0  9996,2 25984 045.0388 289.6525 0003623 257.9352 102.1088 14.32054556834327
1 25984U 99065E   15335.10745642  .00000428  00000-0  20989-3 0  9998,2 25984  45.0389 288.6704 0003628 258.5750 101.4689 14.32054453834796
1 25984U 99065E   15335.87484426 +.00000428 +00000-0 +20966-3 0  9997,2 25984 045.0388 285.0694 0003623 261.6974 098.3462 14.32055428834462
1 25984U 99065E   15336.85151919  .00000375  00000-0  19005-3 0  9997,2 25984  45.0389 280.4863 0003618 265.4751  94.5682 14.32056321835049
1 25984U 99065E   15336.92128168 +.00000369 +00000-0 +18814-3 0  9995,2 25984 045.0389 280.1589 0003614 265.7353 094.3081 14.32056379834614
1 25984U 99065E   15337.89795584 +.00000370 +00000-0 +18827-3 0  9990,2 25984 045.0389 275.5758 0003601 269.5755 090.4679 14.32057501834757
1 25984U 99065E   15338.03748073  .00000338  00000-0  17641-3 0  9995,2 25984  45.0389 274.9212 0003597 270.0779  89.9655 14.32057475835211
1 25984U 99065E   15338.87462946 +.00000363 +00000-0 +18588-3 0  9998,2 25984 045.0388 270.9928 0003581 273.4177 086.6260 14.32058483834891
1 25984U 99065E   15339.15367904  .00000333  00000-0  17477-3 0  9991,2 25984  45.0388 269.6835 0003567 274.4923  85.5516 14.32058583835374
1 25984U 99065E   15339.92106470 +.00000393 +00000-0 +19684-3 0  9993,2 25984 045.0387 266.0824 0003551 277.3979 082.6464 14.32059700835044
1 25984U 99065E   15340.20011403  .00000395  00000-0  19768-3 0  9992,2 25984  45.0387 264.7730 0003533 278.5723  81.4723 14.32059976835528
1 25984U 99065E   15340.96749912 +.00000437 +00000-0 +21303-3 0  9993,2 25984 045.0386 261.1720 0003507 281.4814 078.5638 14.32061007835195
1 25984U 99065E   15341.80464624  .00000430  00000-0  21049-3 0  9991,2 25984  45.0384 257.2436 0003474 284.8201  75.2260 14.32061798835757
1 25984U 99065E   15341.87440842 +.00000426 +00000-0 +20882-3 0  9993,2 25984 045.0384 256.9163 0003463 285.0156 075.0307 14.32061876835320
1 25984U 99065E   15342.15344878  .00000424  00000-0  20816-3 0  9992,2 25984  45.0384 255.6067 0003614 289.1725  70.8730 14.32110146835805
1 25984U 99065E   15342.92080756 -.00000076 +00000-0 +23779-4 0  9995,2 25984 045.0383 252.0056 0003566 292.1171 067.9296 14.32110089835471
1 25984U 99065E   15343.82768573 -.00000076  00000-0  23727-4 0  9998,2 25984  45.0382 247.7498 0003522 296.2533  63.7951 14.32110463836042
1 25984U 99065E   15343.89744539 -.00000084 +00000-0 +20739-4 0  9990,2 25984 045.0383 247.4223 0003509 296.0847 063.9638 14.32110541835610
1 25984U 99065E   15344.80432253 +.00000295 +00000-0 +16069-3 0  9992,2 25984 045.0380 243.1663 0003468 299.6452 060.4049 14.32112264835749
1 25984U 99065E   15345.08336170  .00000259  00000-0  14730-3 0  9997,2 25984  45.0380 241.8569 0003436 300.7807  59.2701 14.32112234836224
1 25984U 99065E   15345.85071879 +.00000308 +00000-0 +16545-3 0  9995,2 25984 045.0380 238.2556 0003384 303.6469 056.4055 14.32113252835892
1 25984U 99065E   15346.12975769  .00000311  00000-0  16646-3 0  9993,2 25984  45.0379 236.9460 0003365 304.8587  55.1943 14.32113502836376
1 25984U 99065E   15346.82735457 +.00000327 +00000-0 +17225-3 0  9999,2 25984 045.0379 233.6720 0003315 307.5804 052.4741 14.32114246836031
1 25984U 99065E   15347.80398992  .00000325  00000-0  17147-3 0  9998,2 25984  45.0378 229.0887 0003249 311.6617  48.3951 14.32115083836618
1 25984U 99065E   15347.87374958 +.00000307 +00000-0 +16489-3 0  9999,2 25984 045.0378 228.7613 0003243 311.9739 048.0831 14.32115041836183
1 25984U 99065E   15348.85038430 +.00000334 +00000-0 +17476-3 0  9997,2 25984 045.0376 224.1780 0003174 315.9927 044.0666 14.32116014836321
1 25984U 99065E   15349.12942245  .00000362  00000-0  18517-3 0  9994,2 25984  45.0376 222.8685 0003154 317.1460  42.9140 14.32116472836809
1 25984U 99065E   15349.89677742 +.00000378 +00000-0 +19126-3 0  9999,2 25984 045.0374 219.2672 0003093 320.3803 039.6818 14.32117342836477
1 25984U 99065E   15350.80365102  .00000338  00000-0  17634-3 0  9994,2 25984  45.0372 215.0112 0003015 324.2945  35.7700 14.32118066837047
1 25984U 99065E   15350.87341052 +.00000309 +00000-0 +16557-3 0  9990,2 25984 045.0372 214.6838 0003011 324.6064 035.4582 14.32117980836610
1 25984U 99065E   15351.91980232 +.00000292 +00000-0 +15954-3 0  9996,2 25984 045.0370 209.7729 0002927 329.2206 030.8469 14.32119023836765
1 25984U 99065E   15352.05932119  .00000288  00000-0  15776-3 0  9990,2 25984  45.0370 209.1181 0002917 329.8800  30.1878 14.32119146837221
1 25984U 99065E   15352.89643414 +.00000257 +00000-0 +14663-3 0  9999,2 25984 045.0369 205.1893 0002845 333.5112 026.5588 14.32119835836909
1 25984U 99065E   15353.80330606  .00000282  00000-0  15587-3 0  9991,2 25984  45.0368 200.9331 0002752 337.5326  22.5400 14.32120854837471
1 25984U 99065E   15353.94282488 +.00000242 +00000-0 +14083-3 0  9996,2 25984 045.0367 200.2783 0002740 338.1720 021.9009 14.32120736837057
1 25984U 99065E   15354.91945538 +.00000306 +00000-0 +16447-3 0  9993,2 25984 045.0367 195.6946 0002657 342.4071 017.6683 14.32122000837190
1 25984U 99065E   15355.05897396  .00000307  00000-0  16499-3 0  9995,2 25984  45.0367 195.0399 0002645 343.0622  17.0136 14.32122143837658
1 25984U 99065E   15355.89608475 +.00000339 +00000-0 +17669-3 0  9990,2 25984 045.0367 191.1110 0002577 346.7091 013.3687 14.32123196837334
1 25984U 99065E   15356.52391762  .00000355  00000-0  18274-3 0  9990,2 25984  45.0367 188.1643 0002524 349.4624  10.6169 14.32123890837869
1 25984U 99065E   15356.87271357 +.00000358 +00000-0 +18354-3 0  9997,2 25984 045.0367 186.5274 0002495 351.1967 008.8836 14.32124254837470
1 25984U 99065E   15356.94247276 +.00000357 +00000-0 +18346-3 0  9998,2 25984 045.0367 186.2000 0002490 351.5592 008.5212 14.32124320837487
1 25984U 99065E   15357.91910075  .00000357  00000-0  18349-3 0  9993,2 25984  45.0367 181.6163 0002391 356.0259   4.0568 14.32125324838061
1 25984U 99065E   15358.89572804 +.00000353 +00000-0 +18174-3 0  9997,2 25984 045.0368 177.0328 0002303 000.7712 359.3138 14.32126383837765
1 25984U 99065E   15358.96548709  .00000350  00000-0  18080-3 0  9995,2 25984  45.0368 176.7054 0002296   1.1181 358.9671 14.32126455838211
1 25984U 99065E   15359.87235465 +.00000309 +00000-0 +16558-3 0  9990,2 25984 045.0368 172.4492 0002217 005.7465 354.3406 14.32127272837907
1 25984U 99065E   15360.50018577  .00000267  00000-0  15027-3 0  9998,2 25984  45.0368 169.5026 0002158   8.8003 351.2881 14.32127727838430
1 25984U 99065E   15360.91873977 +.00000223 +00000-0 +13385-3 0  9993,2 25984 045.0368 167.5383 0002123 011.1762 348.9132 14.32127940838052
1 25984U 99065E   15361.82560641  .00000365  00000-0  18642-3 0  9993,2 25984  45.0416 163.2794 0001772  22.6887 337.4106 14.32130069838622
1 25984U 99065E   15361.89536542 +.00000157 +00000-0 +10978-3 0  9996,2 25984 045.0369 162.9547 0002032 016.4338 343.6574 14.32128503838193
1 25984U 99065E   15362.87199078  .00000123  00000-0  97209-4 0  9990,2 25984  45.0370 158.3711 0001944  21.7340 338.3589 14.32129055838774
1 25984U 99065E   15362.87199078 +.00000123 +00000-0 +97209-4 0  9990,2 25984 045.0370 158.3711 0001944 021.7340 338.3589 14.32129055838336
1 25984U 99065E   15363.84861577 +.00000119 +00000-0 +95791-4 0  9997,2 25984 045.0371 153.7875 0001854 027.1748 332.9195 14.32129650838478
1 25984U 99065E   15364.47644592  .00000166  00000-0  11315-3 0  9994,2 25984  45.0372 150.8408 0001796  30.5847 329.5104 14.32130239839009
1 25984U 99065E   15364.89499928 +.00000119 +00000-0 +95728-4 0  9990,2 25984 045.0373 148.8766 0001759 033.1354 326.9602 14.32130209838623
1 25984U 99065E   15365.80186449  .00000211  00000-0  12949-3 0  9999,2 25984  45.0374 144.6204 0001684  38.5753 321.5214 14.32131169839193
1 25984U 99065E   15365.87162327 +.00000213 +00000-0 +13015-3 0  9992,2 25984 045.0374 144.2930 0001678 039.0506 321.0461 14.32131233838763
1 25984U 99065E   16001.84824663  .00000195  00000-0  12374-3 0  9991,2 25984  45.0375 139.7095 0001612  45.4093 314.6885 14.32131763839346
1 25984U 99065E   16002.82486925 +.00000235 +00000-0 +13846-3 0  9995,2 25984 045.0377 135.1260 0001542 051.8959 308.2026 14.32132721839044
1 25984U 99065E   16003.17366295  .00000207  00000-0  12821-3 0  9992,2 25984  45.0378 133.4890 0001517  54.1463 305.9524 14.32132851839538
1 25984U 99065E   16003.87125007 +.00000209 +00000-0 +12895-3 0  9996,2 25984 045.0378 130.2152 0001483 059.2889 300.8103 14.32133471839192
1 25984U 99065E   16004.49907829  .00000203  00000-0  12663-3 0  9992,2 25984  45.0380 127.2687 0001446  64.1425 295.9570 14.32133984839724
1 25984U 99065E   16004.84787168 +.00000190 +00000-0 +12187-3 0  9999,2 25984 045.0380 125.6318 0001429 066.6076 293.4921 14.32134218839338
1 25984U 99065E   16005.75473427  .00000156  00000-0  10936-3 0  9992,2 25984  45.0381 121.3758 0001378  73.2745 286.8252 14.32134803839906
1 25984U 99065E   16005.82449290 +.00000129 +00000-0 +99508-4 0  9994,2 25984 045.0381 121.0484 0001376 073.7704 286.3294 14.32134723839471
1 25984U 99065E   16006.80111341  .00000167  00000-0  11318-3 0  9990,2 25984  45.0382 116.4650 0001333  81.7034 278.3964 14.32135717840058
1 25984U 99065E   16007.77773338 +.00000204 +00000-0 +12700-3 0  9995,2 25984 045.0383 111.8815 0001294 089.6371 270.4624 14.32136612839754
1 25984U 99065E   16008.19628463  .00000232  00000-0  13733-3 0  9998,2 25984  45.0384 109.9171 0001272  93.1733 266.9259 14.32137035840257
1 25984U 99065E   16008.68459439 +.00000242 +00000-0 +14083-3 0  9997,2 25984 045.0384 107.6255 0001271 097.1865 262.9126 14.32137408839884
1 25984U 99065E   16009.38217936  .00000279  00000-0  15472-3 0  9992,2 25984  45.0385 104.3515 0001256 102.9493 257.1494 14.32138099840426
1 25984U 99065E   16009.66121324 +.00000266 +00000-0 +14989-3 0  9996,2 25984 045.0385 103.0420 0001256 105.0809 255.0177 14.32138250840022
1 25984U 99065E   16010.49831468  .00000293  00000-0  15959-3 0  9994,2 25984  45.0385  99.1133 0001258 111.9992 248.0988 14.32139024840582
1 25984U 99065E   16010.70758990 +.00000296 +00000-0 +16066-3 0  9999,2 25984 045.0386 098.1312 0001262 113.5095 246.5885 14.32139242840174
1 25984U 99065E   16011.54469060  .00000310  00000-0  16613-3 0  9994,2 25984  45.0387  94.2025 0001267 120.3567 239.7405 14.32140055840736
1 25984U 99065E   16011.68420727 +.00000320 +00000-0 +16969-3 0  9991,2 25984 045.0386 093.5477 0001273 121.2926 238.8045 14.32140263840319
1 25984U 99065E   16012.66082367  .00000405  00000-0  20080-3 0  9997,2 25984  45.0387  88.9642 0001285 128.8665 231.2296 14.32141756840894
1 25984U 99065E   16013.63743932 +.00000392 +00000-0 +19604-3 0  9992,2 25984 045.0388 084.3808 0001315 136.1463 223.9488 14.32142829840591
1 25984U 99065E   16014.47453782  .00000362  00000-0  18521-3 0  9990,2 25984  45.0389  80.4521 0001331 142.3643 217.7296 14.32143675841159
1 25984U 99065E   16015.52091021  .00000328  00000-0  17252-3 0  9993,2 25984  45.0390  75.5413 0001371 149.7169 210.3756 14.32144726841309
1 25984U 99065E   16015.59066838 +.00000324 +00000-0 +17106-3 0  9992,2 25984 045.0390 075.2139 0001377 150.1701 209.9224 14.32144774840873
1 25984U 99065E   16016.28824951 +.00000325 +00000-0 +17137-3 0  9992,2 25984 045.0390 071.9399 0001405 155.2366 204.8548 14.32145539840973
1 25984U 99065E   16017.19510456  .00000322  00000-0  17057-3 0  9993,2 25984  45.0390  67.6838 0001442 161.1146 198.9754 14.32146439841542
1 25984U 99065E   16017.54389474 +.00000357 +00000-0 +18330-3 0  9999,2 25984 045.0390 066.0469 0001465 163.0598 197.0298 14.32146985841158
1 25984U 99065E   16018.52050692  .00000354  00000-0  18228-3 0  9998,2 25984  45.0390  61.4632 0001525 169.0378 191.0502 14.32147891841731
1 25984U 99065E   16018.59026493 +.00000353 +00000-0 +18164-3 0  9995,2 25984 045.0390 061.1358 0001523 169.4361 190.6518 14.32147944841301
1 25984U 99065E   16019.56687637  .00000386  00000-0  19407-3 0  9993,2 25984  45.0390  56.5522 0001573 175.0074 185.0789 14.32149033841883
1 25984U 99065E   16020.54348701 +.00000371 +00000-0 +18854-3 0  9998,2 25984 045.0390 051.9685 0001629 180.2864 179.7982 14.32149935841582
1 25984U 99065E   16021.10154973  .00000408  00000-0  20207-3 0  9993,2 25984  45.0390  49.3492 0001660 183.3290 176.7546 14.32150764842105
1 25984U 99065E   16021.52009660 +.00000377 +00000-0 +19080-3 0  9993,2 25984 045.0390 047.3849 0001681 185.2256 174.8573 14.32151117841724
1 25984U 99065E   16022.14791677  .00000360  00000-0  18433-3 0  9991,2 25984  45.0391  44.4382 0001722 188.3381 171.7437 14.32151760842252
1 25984U 99065E   16022.91525219 +.00000343 +00000-0 +17799-3 0  9998,2 25984 045.0392 040.8369 0001748 192.1329 167.9475 14.32152559841920
1 25984U 99065E   16023.47331404  .00000334  00000-0  17463-3 0  9999,2 25984  45.0392  38.2178 0001769 194.4780 165.6016 14.32153188842441
1 25984U 99065E   16023.89186030 +.00000332 +00000-0 +17394-3 0  9999,2 25984 045.0393 036.2534 0001790 196.6097 163.4691 14.32153642842063
1 25984U 99065E   16024.44992182 +.00000307 +00000-0 +16476-3 0  9996,2 25984 045.0393 033.6343 0001819 198.8902 161.1877 14.32154135842141
1 25984U 99065E   16025.07774076  .00000300  00000-0  16213-3 0  9998,2 25984  45.0394  30.6877 0001844 201.8924 158.1844 14.32154756842675
1 25984U 99065E   16025.42652896 +.00000316 +00000-0 +16819-3 0  9991,2 25984 045.0394 029.0508 0001854 203.2369 156.8394 14.32155208842283
1 25984U 99065E   16025.42652896 +.00000316 +00000-0 +16819-3 0  9991,2 25984 045.0394 029.0508 0001854 203.2369 156.8394 14.32155208842283
1 25984U 99065E   16026.40313562  .00000291  00000-0  15908-3 0  9994,2 25984  45.0394  24.4673 0001903 207.3154 152.7593 14.32155980842864
1 25984U 99065E   16026.96119626 +.00000276 +00000-0 +15324-3 0  9995,2 25984 045.0394 021.8480 0001926 209.7458 150.3280 14.32156382842504
1 25984U 99065E   16027.44949918  .00000303  00000-0  16339-3 0  9992,2 25984  45.0394  19.5563 0001952 211.4851 148.5879 14.32156955843012
1 25984U 99065E   16027.93780198 +.00000249 +00000-0 +14328-3 0  9994,2 25984 045.0394 017.2645 0001976 213.4678 146.6044 14.32157057842648
1 25984U 99065E   16028.91440731 +.00000252 +00000-0 +14442-3 0  9990,2 25984 045.0394 012.6809 0002020 217.0276 143.0431 14.32157834842783
1 25984U 99065E   16029.12367977  .00000245  00000-0  14206-3 0  9994,2 25984  45.0394  11.6987 0002039 217.6375 142.4328 14.32157989843257
1 25984U 99065E   16029.96076945 +.00000247 +00000-0 +14279-3 0  9990,2 25984 045.0394 007.7698 0002081 220.6928 139.3764 14.32158686842935
1 25984U 99065E   16030.30955671  .00000256  00000-0  14601-3 0  9991,2 25984  45.0395   6.1329 0002094 221.7972 138.2715 14.32159043843422
1 25984U 99065E   16030.93737361 +.00000233 +00000-0 +13751-3 0  9994,2 25984 045.0395 003.1862 0002107 224.2075 135.8603 14.32159455843075
1 25984U 99065E   16031.35591813  .00000254  00000-0  14513-3 0  9991,2 25984  45.0395   1.2220 0002103 225.5010 134.5665 14.32159943843572
1 25984U 99065E   16031.91397723 +.00000273 +00000-0 +15233-3 0  9998,2 25984 045.0396 358.6027 0002123 227.6058 132.4609 14.32160543843218
1 25984U 99065E   16032.40227875  .00000320  00000-0  16963-3 0  9997,2 25984  45.0396 356.3111 0002126 229.0800 130.9863 14.32161266843725
1 25984U 99065E   16032.96033759 +.00000273 +00000-0 +15222-3 0  9998,2 25984 045.0397 353.6918 0002145 230.9067 129.1589 14.32161482843363
1 25984U 99065E   16033.86718273  .00000306  00000-0  16450-3 0  9990,2 25984  45.0397 349.4358 0002166 234.0302 126.0344 14.32162444843931
1 25984U 99065E   16033.93694004 +.00000273 +00000-0 +15216-3 0  9995,2 25984 045.0397 349.1084 0002171 234.2206 125.8439 14.32162322843505
1 25984U 99065E   16034.91354183 +.00000287 +00000-0 +15757-3 0  9990,2 25984 045.0397 344.5250 0002189 237.4215 122.6420 14.32163245843648
1 25984U 99065E   16035.19257082  .00000292  00000-0  15928-3 0  9997,2 25984  45.0397 343.2156 0002194 238.2522 121.8110 14.32163507844127
1 25984U 99065E   16035.89014292 +.00000320 +00000-0 +16969-3 0  9996,2 25984 045.0397 339.9416 0002207 240.5632 119.4994 14.32164282843786
1 25984U 99065E   16036.30868607  .00000333  00000-0  17443-3 0  9992,2 25984  45.0396 337.9774 0002210 241.8574 118.2049 14.32164725844289
1 25984U 99065E   16036.86674332 +.00000340 +00000-0 +17690-3 0  9995,2 25984 045.0396 335.3581 0002221 243.6093 116.4525 14.32165290843922
1 25984U 99065E   16037.84334292  .00000370  00000-0  18816-3 0  9996,2 25984  45.0394 330.7746 0002230 246.5612 113.5000 14.32166442844502
1 25984U 99065E   16037.91309998 +.00000357 +00000-0 +18310-3 0  9993,2 25984 045.0394 330.4472 0002230 246.6522 113.4090 14.32166456844071
1 25984U 99065E   16038.88969856 +.00000419 +00000-0 +20585-3 0  9991,2 25984 045.0393 325.8637 0002232 249.5255 110.5352 14.32167933844214
1 25984U 99065E   16039.16872660  .00000415  00000-0  20441-3 0  9996,2 25984  45.0393 324.5541 0002226 250.4070 109.6536 14.32168252844693
1 25984U 99065E   16039.86629611 +.00000463 +00000-0 +22231-3 0  9991,2 25984 045.0392 321.2801 0002236 252.4515 107.6087 14.32169450844355
1 25984U 99065E   16040.21508097  .00000447  00000-0  21646-3 0  9997,2 25984  45.0391 319.6432 0002232 253.4771 106.5831 14.32169774844844
1 25984U 99065E   16040.84289317 +.00000439 +00000-0 +21324-3 0  9991,2 25984 045.0391 316.6965 0002238 255.2799 104.7799 14.32170546844491
1 25984U 99065E   16041.81948944  .00000419  00000-0  20584-3 0  9992,2 25984  45.0390 312.1129 0002235 258.1610 101.8985 14.32171646845076
1 25984U 99065E   16041.88924634 +.00000373 +00000-0 +18923-3 0  9992,2 25984 045.0391 311.7856 0002233 258.2765 101.7831 14.32171488844644
1 25984U 99065E   16042.93559834 +.00000450 +00000-0 +21747-3 0  9999,2 25984 045.0389 306.8746 0002218 261.1565 098.9031 14.32173214844792
1 25984U 99065E   16043.14486867  .00000444  00000-0  21514-3 0  9993,2 25984  45.0389 305.8924 0002217 261.7148  98.3447 14.32173423845261
1 25984U 99065E   16043.91219284 +.00000442 +00000-0 +21450-3 0  9992,2 25984 045.0388 302.2911 0002209 263.8567 096.2027 14.32174321844938
1 25984U 99065E   16044.74927322  .00000422  00000-0  20715-3 0  9994,2 25984  45.0386 298.3623 0002197 266.0642  93.9954 14.32175164845497
1 25984U 99065E   16044.88878659 +.00000417 +00000-0 +20529-3 0  9994,2 25984 045.0386 297.7075 0002191 266.3528 093.7068 14.32175296845075
1 25984U 99065E   16045.86537949 +.00000459 +00000-0 +22080-3 0  9997,2 25984 045.0384 293.1239 0002174 268.9511 091.1086 14.32176656845215
1 25984U 99065E   16046.07464932  .00000453  00000-0  21867-3 0  9998,2 25984  45.0383 292.1417 0002168 269.5352  90.5246 14.32176862845685
1 25984U 99065E   16046.91172834 +.00000382 +00000-0 +19247-3 0  9998,2 25984 045.0382 288.2128 0002148 271.6658 088.3943 14.32177436845362
1 25984U 99065E   16047.81856315  .00000449  00000-0  21703-3 0  9995,2 25984  45.0380 283.9565 0002125 273.9929  86.0674 14.32178896845938
1 25984U 99065E   16047.88831940 +.00000504 +00000-0 +23736-3 0  9999,2 25984 045.0380 283.6291 0002125 274.0807 085.9797 14.32179346845506
1 25984U 99065E   16048.86491002 +.00000395 +00000-0 +19697-3 0  9998,2 25984 045.0378 279.0452 0002092 276.4003 083.6605 14.32179946845642
1 25984U 99065E   16049.07417934  .00000385  00000-0  19334-3 0  9991,2 25984  45.0378 278.0629 0002089 277.1108  82.9501 14.32180147846112
1 25984U 99065E   16049.91125635 +.00000353 +00000-0 +18175-3 0  9995,2 25984 045.0377 274.1339 0002067 279.0289 081.0323 14.32180934845792
1 25984U 99065E   16050.46930737  .00000392  00000-0  19604-3 0  9995,2 25984  45.0376 271.5146 0002059 280.5789  79.4826 14.32181762846319
1 25984U 99065E   16050.88784562 +.00000318 +00000-0 +16878-3 0  9992,2 25984 045.0376 269.5500 0002047 281.5160 078.5456 14.32181791845939
1 25984U 99065E   16051.79467821  .00000281  00000-0  15534-3 0  9996,2 25984  45.0375 265.2935 0002019 283.5824  76.4798 14.32182429846500
1 25984U 99065E   16051.93419084 +.00000252 +00000-0 +14435-3 0  9997,2 25984 045.0375 264.6388 0002012 283.9225 076.1397 14.32182406846087
1 25984U 99065E   16052.91077919 +.00000231 +00000-0 +13668-3 0  9997,2 25984 045.0374 260.0550 0001980 286.1558 073.9070 14.32183106846221
1 25984U 99065E   16052.98053548  .00000230  00000-0  13633-3 0  9997,2 25984  45.0374 259.7276 0001976 286.3143  73.7486 14.32183158846673
1 25984U 99065E   16053.53858571 +.00000237 +00000-0 +13880-3 0  9999,2 25984 045.0373 257.1082 0001964 287.6660 072.3972 14.32183617846310
1 25984U 99065E   16054.51517329  .00000222  00000-0  13361-3 0  9999,2 25984  45.0372 252.5244 0001933 290.1338  69.9300 14.32184260846890
1 25984U 99065E   16054.72444209 +.00000211 +00000-0 +12947-3 0  9995,2 25984 045.0372 251.5422 0001921 290.4311 069.6329 14.32184332846481
1 25984U 99065E   16055.63127297  .00000186  00000-0  12005-3 0  9997,2 25984  45.0371 247.2857 0001885 292.1589  67.9058 14.32184821847056
1 25984U 99065E   16055.63127297  .00000186  00000-0  12005-3 0  9997,2 25984  45.0371 247.2857 0001885 292.1589  67.9058 14.32184821847056
1 25984U 99065E   16057.51468996  .00000148  00000-0  10603-3 0  9990,2 25984  45.0370 238.4454 0001810 296.1650  63.9011 14.32185891847324
1 25984U 99065E   16057.86347085 +.00000131 +00000-0 +99836-4 0  9991,2 25984 045.0370 236.8084 0001787 296.7720 063.2944 14.32186007846936
1 25984U 99065E   16058.56103226  .00000127  00000-0  98530-4 0  9991,2 25984  45.0370 233.5342 0001765 298.5096  61.5573 14.32186440847479
1 25984U 99065E   16058.90981296 +.00000118 +00000-0 +95004-4 0  9993,2 25984 045.0371 231.8972 0001749 299.3225 060.7447 14.32186592847081
1 25984U 99065E   16059.81664260  .00000156  00000-0  10924-3 0  9992,2 25984  45.0371 227.6408 0001714 301.5874  58.4805 14.32187266847650
1 25984U 99065E   16059.88639866 +.00000123 +00000-0 +96926-4 0  9994,2 25984 045.0371 227.3133 0001708 301.7666 058.3014 14.32187144847225
1 25984U 99065E   16060.86298409  .00000144  00000-0  10460-3 0  9999,2 25984  45.0372 222.7294 0001668 303.7082  56.3605 14.32187693847809
1 25984U 99065E   16061.83956887 +.00000208 +00000-0 +12843-3 0  9996,2 25984 045.0373 218.1455 0001633 305.3594 054.7100 14.32188536847502
1 25984U 99065E   16061.90932487  .00000177  00000-0  11691-3 0  9999,2 25984  45.0373 217.8182 0001632 305.4721  54.5973 14.32188428847952
1 25984U 99065E   16062.81615306 +.00000227 +00000-0 +13512-3 0  9998,2 25984 045.0374 213.5617 0001597 306.7901 053.2799 14.32189229847641
1 25984U 99065E   16063.44395687  .00000248  00000-0  14291-3 0  9993,2 25984  45.0374 210.6148 0001574 307.7498  52.3206 14.32189754848170
1 25984U 99065E   16063.86249249 +.00000256 +00000-0 +14611-3 0  9996,2 25984 045.0375 208.6504 0001558 309.1163 050.9544 14.32190165847795
1 25984U 99065E   16064.49029012  .00000293  00000-0  15949-3 0  9996,2 25984  45.0370 205.7040 0001493 318.1834  41.8898 14.32206618848328
1 25984U 99065E   16064.76930952 +.00000276 +00000-0 +15323-3 0  9997,2 25984 045.0374 204.3930 0001424 309.2320 050.8400 14.32207706847923
1 25984U 99065E   16065.88539058  .00000162  00000-0  11143-3 0  9993,2 25984  45.0376 199.1555 0001403 312.8621  47.2107 14.32208942848524
1 25984U 99065E   16066.93171572  .00000172  00000-0  11505-3 0  9996,2 25984  45.0376 194.2441 0001340 314.5003  45.5734 14.32209786848677
1 25984U 99065E   16067.55950777 +.00000179 +00000-0 +11774-3 0  9992,2 25984 045.0375 191.2967 0001195 311.9548 048.1196 14.32215853848324
1 25984U 99065E   16068.39656411  .00000181  00000-0  11815-3 0  9992,2 25984  45.0376 187.3680 0001195 314.7366  45.3383 14.32216405848884
1 25984U 99065E   16068.46631878 +.00000181 +00000-0 +11816-3 0  9991,2 25984 045.0375 187.0403 0001178 314.7612 045.3138 14.32216422848458
1 25984U 99065E   16069.44288388  .00000190  00000-0  12176-3 0  9994,2 25984  45.0376 182.4564 0001151 317.2972  42.7785 14.32217294849036
1 25984U 99065E   16070.55895715  .00000396  00000-0  19722-3 0  9998,2 25984  45.0377 177.2178 0001160 317.4733  42.6023 14.32218796849196
1 25984U 99065E   16071.74478402  .00000421  00000-0  20641-3 0  9991,2 25984  45.0377 171.6519 0001140 319.7717  40.3045 14.32220198849365
1 25984U 99065E   16072.72134633 +.00000416 +00000-0 +20481-3 0  9991,2 25984 045.0378 167.0681 0001099 321.8487 038.2281 14.32221319849067
1 25984U 99065E   16073.48864483  .00000401  00000-0  19936-3 0  9995,2 25984  45.0379 163.4665 0001071 322.8216  37.2556 14.32222131849619
1 25984U 99065E   16073.69790793 +.00000403 +00000-0 +20000-3 0  9996,2 25984 045.0379 162.4843 0001059 323.5390 036.5384 14.32222408849206
1 25984U 99065E   16074.67446874  .00000344  00000-0  17831-3 0  9995,2 25984  45.0379 157.9005 0001016 325.3358  34.7422 14.32223285849782
1 25984U 99065E   16075.65102868 +.00000390 +00000-0 +19517-3 0  9990,2 25984 045.0379 153.3167 0000973 326.8638 033.2147 14.32224747849488
1 25984U 99065E   16076.20906255  .00000431  00000-0  21005-3 0  9995,2 25984  45.0378 150.6973 0000952 327.5774  32.5013 14.32225650850006
1 25984U 99065E   16076.69734226 +.00000388 +00000-0 +19447-3 0  9993,2 25984 045.0378 148.4054 0000918 328.2649 031.8142 14.32225948849634
1 25984U 99065E   16077.46463814  .00000415  00000-0  20441-3 0  9998,2 25984  45.0378 144.8037 0000880 329.1905  30.8890 14.32227001850181
1 25984U 99065E   16077.60414670 +.00000376 +00000-0 +19006-3 0  9991,2 25984 045.0377 144.1490 0000877 329.5790 030.5005 14.32226877849765
1 25984U 99065E   16078.51095068  .00000368  00000-0  18697-3 0  9994,2 25984  45.0377 139.8925 0000836 330.9828  29.0972 14.32227722850333
1 25984U 99065E   16078.58070479 +.00000369 +00000-0 +18744-3 0  9994,2 25984 045.0377 139.5651 0000833 331.0740 029.0060 14.32227802849906
1 25984U 99065E   16079.62701618  .00000353  00000-0  18166-3 0  9997,2 25984  45.0376 134.6537 0000782 332.6413  27.4392 14.32228719850495
1 25984U 99065E   16080.53381878 +.00000365 +00000-0 +18582-3 0  9996,2 25984 045.0376 130.3971 0000737 333.8731 026.2078 14.32229638850181
1 25984U 99065E   16081.16160477  .00000355  00000-0  18219-3 0  9992,2 25984  45.0375 127.4501 0000709 334.4019  25.6793 14.32230217850712
1 25984U 99065E   16081.51037467 +.00000352 +00000-0 +18098-3 0  9995,2 25984 045.0375 125.8130 0000683 335.2421 024.8393 14.32230563850765
1 25984U 99065E   16082.55668220  .00000291  00000-0  15882-3 0  9997,2 25984  45.0375 120.9018 0000642 335.6040  24.4776 14.32234779850913
1 25984U 99065E   16083.88200325  .00000150  00000-0  10700-3 0  9990,2 25984  45.0375 114.6805 0000575 337.8525  22.2297 14.32235607851101
1 25984U 99065E   16084.50978656 +.00000242 +00000-0 +14055-3 0  9998,2 25984 045.0375 111.7336 0000533 339.4960 020.5865 14.32236379850752
1 25984U 99065E   16085.13756967  .00000209  00000-0  12870-3 0  9993,2 25984  45.0375 108.7866 0000498 339.9137  20.1690 14.32236761851283
1 25984U 99065E   16085.48633796 +.00000220 +00000-0 +13268-3 0  9990,2 25984 045.0375 107.1496 0000481 341.4617 018.6212 14.32237129850895
