1 25986U 99065G   14365.59622969  .00000806  00000-0  35268-3 0  9997,2 25986 045.0414 058.6226 0000892 079.1891 280.9055 14.31547561786853
1 25986U 99065G   15001.64303874  .00000827  00000-0  36058-3 0  9993,2 25986 045.0414 053.7146 0000906 088.2308 271.8642 14.31549588787000
1 25986U 99065G   15003.38771888  .00000669  00000-0  30159-3 0  9990,2 25986 045.0414 045.5345 0000927 101.3738 258.7213 14.31554483787252
1 25986U 99065G   15004.50431154  .00000678  00000-0  30499-3 0  9991,2 25986 045.0414 040.2994 0000957 109.2393 250.8557 14.31556877787412
1 25986U 99065G   15005.55111374  .00000818  00000-0  35711-3 0  9994,2 25986 045.0415 035.3914 0001006 116.9153 243.1796 14.31558323787569
1 25986U 99065G   15007.50514014  .00000884  00000-0  38178-3 0  9992,2 25986 045.0416 026.2298 0001109 128.8962 231.1983 14.31564546787848
1 25986U 99065G   15009.24979979  .00001172  00000-0  48902-3 0  9997,2 25986 045.0417 018.0499 0001214 138.3219 221.7720 14.31569766788090
1 25986U 99065G   15010.43616520  .00001036  00000-0  43828-3 0  9991,2 25986 045.0417 012.4876 0001258 143.0535 217.0398 14.31571851788265
1 25986U 99065G   15012.25060257  .00001013  00000-0  42963-3 0  9997,2 25986 045.0418 003.9804 0001395 152.1067 207.9854 14.31577955788520
1 25986U 99065G   15013.29739035  .00000935  00000-0  40058-3 0  9994,2 25986 045.0418 359.0724 0001475 157.2248 202.8664 14.31581746788674
1 25986U 99065G   15014.90245987  .00000772  00000-0  33960-3 0  9994,2 25986 045.0418 351.5467 0001583 164.2037 195.8859 14.31587524788902
1 25986U 99065G   15016.22838146  .00000883  00000-0  38116-3 0  9997,2 25986 045.0417 345.3299 0001667 168.8554 191.2329 14.31589295789092
1 25986U 99065G   15017.41473039  .00000674  00000-0  30311-3 0  9992,2 25986 045.0416 339.7674 0001740 172.8668 187.2204 14.31591891789269
1 25986U 99065G   15018.88021694  .00000568  00000-0  26394-3 0  9998,2 25986 045.0415 332.8961 0001844 177.7987 182.2868 14.31592509789475
1 25986U 99065G   15020.20613316  .00000679  00000-0  30494-3 0  9994,2 25986 045.0412 326.6793 0001917 182.1943 177.8895 14.31593787789669
1 25986U 99065G   15021.25290875  .00000573  00000-0  26549-3 0  9990,2 25986 045.0411 321.7714 0001986 185.8557 174.2267 14.31596358789812
1 25986U 99065G   15022.64860675  .00000439  00000-0  21569-3 0  9993,2 25986 045.0408 315.2272 0002082 191.1962 168.8838 14.31599636790012
1 25986U 99065G   15023.83494742  .00000309  00000-0  16733-3 0  9996,2 25986 045.0407 309.6647 0002139 194.4598 165.6187 14.31601791790184
1 25986U 99065G   15025.23063960  .00000451  00000-0  22031-3 0  9992,2 25986 045.0404 303.1207 0002201 198.9072 161.1692 14.31603775790386
1 25986U 99065G   15026.76589796  .00000522  00000-0  24663-3 0  9993,2 25986 045.0401 295.9220 0002290 203.7778 156.2963 14.31605321790602
1 25986U 99065G   15027.81266383  .00000631  00000-0  28733-3 0  9997,2 25986 045.0399 291.0139 0002344 206.9240 153.1484 14.31606179790755
1 25986U 99065G   15028.85942858  .00000857  00000-0  37132-3 0  9993,2 25986 045.0397 286.1056 0002392 210.4551 149.6157 14.31607096790907
1 25986U 99065G   15030.81338855  .00000734  00000-0  32560-3 0  9992,2 25986 045.0393 276.9435 0002475 216.0537 144.0142 14.31613410791180
1 25986U 99065G   15030.81338855  .00000734  00000-0  32560-3 0  9992,2 25986 045.0393 276.9435 0002475 216.0537 144.0142 14.31613410791180
1 25986U 99065G   15032.20907101  .00000688  00000-0  30842-3 0  9992,2 25986 045.0392 270.3990 0002521 219.7919 140.2742 14.31619081791385
1 25986U 99065G   15034.02344987  .00000604  00000-0  27700-3 0  9998,2 25986 045.0391 261.8911 0002583 224.7713 135.2925 14.31625086791646
1 25986U 99065G   15035.20976954  .00000700  00000-0  31256-3 0  9992,2 25986 045.0391 256.3281 0002629 228.5883 131.4738 14.31627549791811
1 25986U 99065G   15037.02413589  .00001000  00000-0  42417-3 0  9999,2 25986 045.0390 247.8200 0002682 235.0782 124.9812 14.31632044792071
1 25986U 99065G   15038.14066618  .00001208  00000-0  50165-3 0  9999,2 25986 045.0390 242.5842 0002712 238.5729 121.4852 14.31633555792230
1 25986U 99065G   15039.18741202  .00001212  00000-0  50290-3 0  9997,2 25986 045.0391 237.6756 0002764 240.7789 119.2781 14.31637794792389
1 25986U 99065G   15040.58306925  .00001036  00000-0  43760-3 0  9990,2 25986 045.0391 231.1308 0002823 244.2382 115.8173 14.31643549792589
1 25986U 99065G   15042.11828652  .00000929  00000-0  39789-3 0  9993,2 25986 045.0393 223.9314 0002802 250.4241 109.6302 14.31648765792802
1 25986U 99065G   15043.51393346  .00000785  00000-0  34398-3 0  9996,2 25986 045.0394 217.3866 0002808 254.7991 105.2545 14.31652031793002
1 25986U 99065G   15044.97935833  .00000569  00000-0  26388-3 0  9990,2 25986 045.0397 210.5146 0002786 259.6576 100.3956 14.31654464793216
1 25986U 99065G   15046.44478004  .00000989  00000-0  41983-3 0  9990,2 25986 045.0398 203.6424 0002799 264.1580 095.8947 14.31655928793426
1 25986U 99065G   15047.49150883  .00000957  00000-0  40822-3 0  9994,2 25986 045.0398 198.7338 0002830 266.9578 093.0944 14.31658438793579
1 25986U 99065G   15048.53823751  .00000864  00000-0  37357-3 0  9997,2 25986 045.0399 193.8253 0002820 270.4841 089.5682 14.31663150793727
1 25986U 99065G   15049.79430815  .00000839  00000-0  36408-3 0  9999,2 25986 045.0399 187.9351 0002793 274.8004 085.2523 14.31664652793903
1 25986U 99065G   15051.18993971  .00000737  00000-0  32619-3 0  9999,2 25986 045.0400 181.3902 0002718 279.8666 080.1873 14.31667501794103
1 25986U 99065G   15052.51578693  .00000608  00000-0  27839-3 0  9992,2 25986 045.0400 175.1727 0002681 284.0002 076.0546 14.31671476794297
1 25986U 99065G   15053.63228633  .00000707  00000-0  31490-3 0  9990,2 25986 045.0401 169.9371 0002681 288.0356 072.0198 14.31673668794452
1 25986U 99065G   15055.16746972  .00001039  00000-0  43832-3 0  9993,2 25986 045.0401 162.7379 0002655 293.2616 066.7950 14.31676685794671
1 25986U 99065G   15056.49330755  .00000933  00000-0  39881-3 0  9999,2 25986 045.0402 156.5196 0002616 298.9594 061.0990 14.31679668794861
1 25986U 99065G   15057.54001999  .00000898  00000-0  38581-3 0  9997,2 25986 045.0402 151.6111 0002581 302.8205 057.2393 14.31681110795016
1 25986U 99065G   15058.65651163  .00000804  00000-0  35091-3 0  9994,2 25986 045.0407 146.3676 0002687 312.8644 047.1976 14.31683408795177
1 25986U 99065G   15060.19168469  .00001044  00000-0  44013-3 0  9999,2 25986 045.0407 139.1682 0002636 318.4917 041.5729 14.31687892795392
1 25986U 99065G   15061.23839135  .00001103  00000-0  46201-3 0  9997,2 25986 045.0406 134.2595 0002599 322.3433 037.7231 14.31690454795545
1 25986U 99065G   15062.56421702  .00001187  00000-0  49334-3 0  9993,2 25986 045.0405 128.0419 0002529 327.1499 032.9190 14.31693899795736
1 25986U 99065G   15064.44828007  .00001098  00000-0  46011-3 0  9991,2 25986 045.0404 119.2061 0002441 334.5864 025.4862 14.31697990796001
1 25986U 99065G   15065.49497930  .00000958  00000-0  40818-3 0  9997,2 25986 045.0405 114.2974 0002375 338.9201 021.1547 14.31699852796157
1 25986U 99065G   15066.54167665  .00001011  00000-0  42794-3 0  9999,2 25986 045.0405 109.3887 0002319 343.2590 016.8179 14.31702692796309
1 25986U 99065G   15068.14660927  .00001089  00000-0  45666-3 0  9992,2 25986 045.0405 101.8619 0002240 350.0413 010.0388 14.31706773796539
1 25986U 99065G   15069.47242047  .00000983  00000-0  41752-3 0  9992,2 25986 045.0405 095.6442 0002153 356.2720 003.8110 14.31709064796725
1 25986U 99065G   15070.51911168  .00000942  00000-0  40198-3 0  9994,2 25986 045.0404 090.7353 0002088 001.3162 358.7689 14.31711071796876
1 25986U 99065G   15072.05425533  .00000981  00000-0  41645-3 0  9992,2 25986 045.0404 083.5354 0002000 008.9701 351.1180 14.31714734797090
1 25986U 99065G   15073.17072180  .00000882  00000-0  37986-3 0  9995,2 25986 045.0405 078.2992 0001916 015.0953 344.9950 14.31716549797252
1 25986U 99065G   15074.42674416  .00000895  00000-0  38443-3 0  9997,2 25986 045.0407 072.4086 0001857 022.2965 337.7962 14.31719281797430
1 25986U 99065G   15076.10143782  .00000784  00000-0  34348-3 0  9998,2 25986 045.0410 064.5543 0001767 032.2832 327.8123 14.31721918797673
1 25986U 99065G   15077.14811728  .00001166  00000-0  48527-3 0  9994,2 25986 045.0411 059.6455 0001719 038.9997 321.0973 14.31726568797825
1 25986U 99065G   15078.40413056  .00001198  00000-0  49699-3 0  9992,2 25986 045.0412 053.7550 0001658 047.3583 312.7403 14.31729856798003
1 25986U 99065G   15080.14859145  .00000897  00000-0  38513-3 0  9997,2 25986 045.0414 045.5735 0001632 060.0947 300.0062 14.31732021798253
1 25986U 99065G   15081.33482100  .00000851  00000-0  36803-3 0  9992,2 25986 045.0414 040.0101 0001618 069.1150 290.9869 14.31734741798422
1 25986U 99065G   15082.86993822  .00000899  00000-0  38576-3 0  9990,2 25986 045.0417 032.8103 0001606 080.6214 279.4814 14.31738736798646
1 25986U 99065G   15084.12594023  .00000900  00000-0  38637-3 0  9992,2 25986 045.0419 026.9198 0001627 090.4201 269.6831 14.31741684798820
1 25986U 99065G   15085.17260696  .00001170  00000-0  48644-3 0  9993,2 25986 045.0420 022.0111 0001636 098.5331 261.5701 14.31745325798976
1 25986U 99065G   15086.21927120  .00001345  00000-0  55156-3 0  9991,2 25986 045.0422 017.1023 0001672 106.3884 253.7146 14.31748729799121
1 25986U 99065G   15087.82415173  .00001530  00000-0  62003-3 0  9994,2 25986 045.0421 009.5756 0001763 117.8098 242.2928 14.31753926799354
1 25986U 99065G   15089.14991807  .00001592  00000-0  64284-3 0  9995,2 25986 045.0421 003.3580 0001856 126.6320 233.4697 14.31758177799549
1 25986U 99065G   15090.82456410  .00001491  00000-0  60528-3 0  9993,2 25986 045.0420 355.5039 0001976 137.3786 222.7213 14.31763035799787
1 25986U 99065G   15092.08054506  .00001409  00000-0  57485-3 0  9990,2 25986 045.0419 349.6133 0002069 145.4465 214.6516 14.31766524799964
1 25986U 99065G   15093.12719254  .00001390  00000-0  56795-3 0  9996,2 25986 045.0419 344.7044 0002148 151.9952 208.1010 14.31769878800114
1 25986U 99065G   15094.80182491  .00001156  00000-0  48115-3 0  9996,2 25986 045.0418 336.8500 0002312 161.8133 198.2797 14.31773576800353
1 25986U 99065G   15096.12757170  .00001219  00000-0  50424-3 0  9991,2 25986 045.0417 330.6321 0002452 168.5132 191.5770 14.31777535800540
1 25986U 99065G   15098.08129869  .00001035  00000-0  43608-3 0  9998,2 25986 045.0415 321.4689 0002631 177.9421 182.1436 14.31781582800820
1 25986U 99065G   15099.05815970  .00001120  00000-0  46755-3 0  9992,2 25986 045.0436 316.8837 0002770 179.0157 181.0671 14.31784275800976
1 25986U 99065G   15100.17457167  .00000799  00000-0  34855-3 0  9997,2 25986 045.0412 311.6508 0002828 187.6941 172.3862 14.31785141801135
1 25986U 99065G   15101.36075610  .00000835  00000-0  36171-3 0  9992,2 25986 045.0411 306.0871 0002935 193.1491 166.9279 14.31788088801309
1 25986U 99065G   15102.82604045  .00000892  00000-0  38295-3 0  9996,2 25986 045.0410 299.2140 0003066 199.6594 160.4134 14.31791468801519
1 25986U 99065G   15103.94244511  .00000892  00000-0  38304-3 0  9999,2 25986 045.0409 293.9775 0003186 204.3943 155.6753 14.31793869801674
1 25986U 99065G   15104.98907223  .00001095  00000-0  45820-3 0  9997,2 25986 045.0408 289.0681 0003295 208.8464 151.2200 14.31797352801819
1 25986U 99065G   15106.52412139  .00001341  00000-0  54924-3 0  9995,2 25986 045.0407 281.8677 0003407 215.5533 144.5086 14.31802505802039
1 25986U 99065G   15107.78006641  .00001317  00000-0  54033-3 0  9995,2 25986 045.0407 275.9767 0003511 220.6021 139.4564 14.31806034802213
1 25986U 99065G   15108.82668448  .00001437  00000-0  58473-3 0  9995,2 25986 045.0406 271.0676 0003585 224.9964 135.0592 14.31809944802364
1 25986U 99065G   15109.87330017  .00001455  00000-0  59122-3 0  9991,2 25986 045.0406 266.1582 0003672 229.0819 130.9710 14.31813428802512
1 25986U 99065G   15111.47810507  .00001705  00000-0  68384-3 0  9995,2 25986 045.0408 258.6305 0003770 235.7270 124.3219 14.31820387802745
1 25986U 99065G   15112.80380850  .00001837  00000-0  73261-3 0  9992,2 25986 045.0408 252.4121 0003834 241.1070 118.9391 14.31825833802935
1 25986U 99065G   15114.47837538  .00001745  00000-0  69876-3 0  9992,2 25986 045.0407 244.5569 0003958 247.7235 112.3192 14.31831158803175
1 25986U 99065G   15115.80406977  .00001447  00000-0  58807-3 0  9990,2 25986 045.0407 238.3386 0004022 252.9302 107.1104 14.31834146803365
1 25986U 99065G   15117.47862567  .00001036  00000-0  43578-3 0  9999,2 25986 045.0407 230.4838 0004099 259.3339 100.7046 14.31837670803601
1 25986U 99065G   15118.73453970  .00000873  00000-0  37559-3 0  9993,2 25986 045.0406 224.5929 0004129 264.1980 095.8396 14.31840579803788
1 25986U 99065G   15120.47886182  .00000660  00000-0  29638-3 0  9995,2 25986 045.0405 216.4108 0004177 270.8922 089.1446 14.31843609804037
1 25986U 99065G   15120.47886182  .00000660  00000-0  29638-3 0  9995,2 25986 045.0405 216.4108 0004177 270.8922 089.1446 14.31843609804037
1 25986U 99065G   15121.66499931  .00000616  00000-0  28029-3 0  9993,2 25986 045.0404 210.8470 0004193 275.4016 084.6352 14.31845600804207
1 25986U 99065G   15123.19999900  .00000569  00000-0  26267-3 0  9993,2 25986 045.0403 203.6465 0004215 281.2946 078.7427 14.31847723804421
1 25986U 99065G   15124.31636132  .00000522  00000-0  24549-3 0  9993,2 25986 045.0402 198.4098 0004216 285.5372 074.5009 14.31849005804586
1 25986U 99065G   15125.50249486  .00000462  00000-0  22310-3 0  9994,2 25986 045.0401 192.8459 0004212 290.1965 069.8428 14.31850333804757
1 25986U 99065G   15126.61885403  .00000625  00000-0  28360-3 0  9994,2 25986 045.0400 187.6092 0004184 294.6848 065.3562 14.31852968804912
1 25986U 99065G   15128.15384585  .00000641  00000-0  28963-3 0  9997,2 25986 045.0398 180.4087 0004163 300.7575 059.2861 14.31855535805138
1 25986U 99065G   15129.20042972  .00000639  00000-0  28889-3 0  9999,2 25986 045.0397 175.4992 0004149 304.9891 055.0566 14.31857247805281
1 25986U 99065G   15130.45632867  .00000776  00000-0  33927-3 0  9997,2 25986 045.0396 169.6079 0004115 310.0918 049.9567 14.31860028805466
1 25986U 99065G   15131.50290904  .00001017  00000-0  42874-3 0  9996,2 25986 045.0394 164.6983 0004078 314.4003 045.6509 14.31863216805612
1 25986U 99065G   15133.10766187  .00001269  00000-0  52198-3 0  9994,2 25986 045.0392 157.1700 0004012 321.1600 038.8958 14.31867875805842
1 25986U 99065G   15134.43332371  .00001365  00000-0  55751-3 0  9990,2 25986 045.0392 150.9513 0003942 327.0639 032.9961 14.31871520806036
1 25986U 99065G   15135.61943898  .00001248  00000-0  51422-3 0  9994,2 25986 045.0393 145.3871 0003874 332.4191 027.6450 14.31874161806206
1 25986U 99065G   15137.08463659  .00001198  00000-0  49564-3 0  9997,2 25986 045.0395 138.5135 0003802 339.2254 020.8437 14.31878065806411
1 25986U 99065G   15138.13120419  .00001034  00000-0  43473-3 0  9990,2 25986 045.0395 133.6039 0003736 344.1867 015.8863 14.31880038806567
1 25986U 99065G   15139.52662471  .00000943  00000-0  40116-3 0  9992,2 25986 045.0396 127.0577 0003624 350.6818 009.3961 14.31883187806763
1 25986U 99065G   15140.78250130  .00000810  00000-0  35194-3 0  9990,2 25986 045.0398 121.1662 0003535 356.8346 003.2478 14.31885245806943
1 25986U 99065G   15142.10814670  .00000780  00000-0  34092-3 0  9995,2 25986 045.0398 114.9471 0003449 004.0307 356.0567 14.31887710807133
1 25986U 99065G   15143.36401972  .00000559  00000-0  25900-3 0  9993,2 25986 045.0399 109.0556 0003353 010.8500 349.2418 14.31888790807315
1 25986U 99065G   15145.10828553  .00000378  00000-0  19196-3 0  9994,2 25986 045.0402 100.8728 0003231 020.7172 339.3804 14.31890593807560
1 25986U 99065G   15146.29438525  .00000254  00000-0  14602-3 0  9991,2 25986 045.0405 095.3087 0003163 027.4943 332.6070 14.31891457807733
1 25986U 99065G   15147.82933674  .00000282  00000-0  15649-3 0  9999,2 25986 045.0408 088.1080 0003075 036.6384 323.4672 14.31893081807957
1 25986U 99065G   15148.94566401  .00000322  00000-0  17130-3 0  9995,2 25986 045.0410 082.8713 0003010 043.7445 316.3639 14.31894275808119
1 25986U 99065G   15150.13176107  .00000298  00000-0  16239-3 0  9990,2 25986 045.0411 077.3073 0002967 051.3245 308.7866 14.31895082808283
1 25986U 99065G   15151.17831660  .00000640  00000-0  28878-3 0  9990,2 25986 045.0412 072.3978 0002935 057.9134 302.1997 14.31897678808430
1 25986U 99065G   15153.13188431  .00000258  00000-0  14751-3 0  9999,2 25986 045.0413 063.2334 0002916 071.3163 288.7999 14.31897525808710
1 25986U 99065G   15154.24820759  .00000276  00000-0  15431-3 0  9994,2 25986 045.0414 057.9966 0002902 078.6568 281.4604 14.31898701808873
1 25986U 99065G   15155.78315073  .00000364  00000-0  18679-3 0  9997,2 25986 045.0416 050.7960 0002911 088.9410 271.1770 14.31900625809094
1 25986U 99065G   15156.82970209  .00000423  00000-0  20876-3 0  9999,2 25986 045.0417 045.8865 0002929 095.9580 264.1601 14.31901838809248
1 25986U 99065G   15158.08556254  .00000499  00000-0  23675-3 0  9992,2 25986 045.0418 039.9952 0002986 104.4430 255.6748 14.31903341809421
1 25986U 99065G   15159.13211175  .00000665  00000-0  29818-3 0  9999,2 25986 045.0419 035.0858 0003031 111.2914 248.8256 14.31905215809575
1 25986U 99065G   15159.82981007 +.00000700 +00000-0 +31102-3 0  9992,2 25986 045.0419 031.8127 0003069 115.9015 244.2148 14.31906304809707
1 25986U 99065G   15160.80658748  .00000681  00000-0  30405-3 0  9998,2 25986 045.0419 027.2305 0003124 122.1557 237.9592 14.31907378809813
1 25986U 99065G   15160.94612686 +.00000733 +00000-0 +32330-3 0  9991,2 25986 045.0418 026.5759 0003134 123.0712 237.0436 14.31907872809863
1 25986U 99065G   15161.85313306 +.00000765 +00000-0 +33511-3 0  9996,2 25986 045.0419 022.3209 0003181 128.6325 231.4807 14.31909362809991
1 25986U 99065G   15162.06244200  .00000754  00000-0  33111-3 0  9990,2 25986 045.0418 021.3390 0003198 129.9001 230.2127 14.31909642809996
1 25986U 99065G   15162.89967727 +.00000735 +00000-0 +32383-3 0  9996,2 25986 045.0419 017.4112 0003259 135.0908 225.0203 14.31910901810143
1 25986U 99065G   15163.94622038 +.00000732 +00000-0 +32268-3 0  9995,2 25986 045.0419 012.5017 0003333 141.2302 218.8784 14.31912593810292
1 25986U 99065G   15164.78345395  .00000719  00000-0  31807-3 0  9999,2 25986 045.0419 008.5738 0003398 146.3315 213.7748 14.31913870810381
1 25986U 99065G   15164.92299282 +.00000707 +00000-0 +31372-3 0  9992,2 25986 045.0419 007.9193 0003415 147.1094 212.9965 14.31914030810439
1 25986U 99065G   15165.89976414 +.00000619 +00000-0 +28088-3 0  9990,2 25986 045.0419 003.3370 0003502 152.7389 207.3642 14.31915104810570
1 25986U 99065G   15165.96953346 +.00000622 +00000-0 +28196-3 0  9991,2 25986 045.0419 003.0096 0003499 153.1087 206.9941 14.31915229810550
1 25986U 99065G   15167.57422698  .00000554  00000-0  25704-3 0  9997,2 25986 045.0419 355.4815 0003643 162.1727 197.9248 14.31917179810785
1 25986U 99065G   15168.83007188  .00000526  00000-0  24661-3 0  9990,2 25986 045.0419 349.5901 0003780 168.8869 191.2061 14.31918915810966
1 25986U 99065G   15168.89984106 +.00000541 +00000-0 +25200-3 0  9997,2 25986 045.0419 349.2628 0003788 169.2375 190.8553 14.31919072811006
1 25986U 99065G   15169.52776283 +.00000478 +00000-0 +22889-3 0  9992,2 25986 045.0418 346.3169 0003863 172.7506 187.3397 14.31919672811094
1 25986U 99065G   15169.87660840  .00000428  00000-0  21038-3 0  9991,2 25986 045.0417 344.6804 0003887 174.4805 185.6085 14.31919851811114
1 25986U 99065G   15170.92314380  .00000376  00000-0  19101-3 0  9994,2 25986 045.0417 339.7708 0003975 179.7315 180.3534 14.31921075811262
1 25986U 99065G   15172.45806117  .00000311  00000-0  16687-3 0  9993,2 25986 045.0417 332.5698 0004112 187.4085 172.6702 14.31922681811484
1 25986U 99065G   15173.50459482  .00000296  00000-0  16143-3 0  9998,2 25986 045.0417 327.6600 0004219 192.4317 167.6425 14.31923785811633
1 25986U 99065G   15174.76043307  .00000486  00000-0  23191-3 0  9994,2 25986 045.0417 321.7685 0004336 198.4477 161.6212 14.31926417811817
1 25986U 99065G   15175.80696507  .00000455  00000-0  22014-3 0  9995,2 25986 045.0417 316.8587 0004429 203.4030 156.6615 14.31927201811967
1 25986U 99065G   15177.48141399  .00000343  00000-0  17878-3 0  9993,2 25986 045.0416 309.0032 0004584 211.1165 148.9410 14.31928329812209
1 25986U 99065G   15178.73724962  .00000259  00000-0  14776-3 0  9995,2 25986 045.0415 303.1119 0004689 216.7044 143.3482 14.31929173812387
1 25986U 99065G   15180.48146433  .00000146  00000-0  10595-3 0  9991,2 25986 045.0414 294.9292 0004834 224.4870 135.5589 14.31930283812633
1 25986U 99065G   15181.73729838  .00000107  00000-0  91689-4 0  9997,2 25986 045.0412 289.0377 0004919 229.8912 130.1503 14.31931050812810
1 25986U 99065G   15182.78381472  .00000114  00000-0  94053-4 0  9997,2 25986 045.0412 284.1281 0004982 234.4301 125.6081 14.31931783812963
1 25986U 99065G   15184.45825847  .00000176  00000-0  11696-3 0  9991,2 25986 045.0411 276.2724 0005091 241.5321 118.5013 14.31933069813202
1 25986U 99065G   15185.71409057  .00000313  00000-0  16764-3 0  9996,2 25986 045.0410 270.3808 0005156 246.8997 113.1306 14.31934480813381
1 25986U 99065G   15187.17922623  .00000390  00000-0  19611-3 0  9996,2 25986 045.0408 263.5073 0005226 253.1117 106.9156 14.31936071813593
1 25986U 99065G   15188.43505625  .00000331  00000-0  17452-3 0  9991,2 25986 045.0406 257.6157 0005271 258.3405 101.6850 14.31936815813774
1 25986U 99065G   15189.62111702  .00000363  00000-0  18614-3 0  9998,2 25986 045.0403 252.0514 0005306 263.3883 096.6360 14.31938091813948
1 25986U 99065G   15191.15601769  .00000196  00000-0  12427-3 0  9996,2 25986 045.0401 244.8504 0005345 269.8777 090.1457 14.31938762814166
1 25986U 99065G   15192.48161266  .00000388  00000-0  19543-3 0  9995,2 25986 045.0399 238.6312 0005355 275.4264 084.5972 14.31941048814356
1 25986U 99065G   15193.59790257  .00000323  00000-0  17150-3 0  9997,2 25986 045.0398 233.3939 0005357 280.0989 079.9253 14.31941636814511
1 25986U 99065G   15195.13279996  .00000326  00000-0  17243-3 0  9997,2 25986 045.0396 226.1926 0005347 286.5466 073.4793 14.31942934814739
1 25986U 99065G   15196.17932022  .00000302  00000-0  16379-3 0  9991,2 25986 045.0396 221.2827 0005333 291.0700 068.9576 14.31943720814880
1 25986U 99065G   15197.43514349  .00000224  00000-0  13480-3 0  9992,2 25986 045.0394 215.3909 0005292 296.5150 063.5154 14.31944540815061
1 25986U 99065G   15198.48166211  .00000183  00000-0  11971-3 0  9996,2 25986 045.0394 210.4811 0005262 300.9982 059.0347 14.31945402815218
1 25986U 99065G   15199.52818051  .00000160  00000-0  11105-3 0  9992,2 25986 045.0394 205.5712 0005232 305.6979 054.3380 14.31946220815368
1 25986U 99065G   15201.13284133  .00000082  00000-0  82161-4 0  9995,2 25986 045.0394 198.0425 0005160 312.5337 047.5073 14.31947006815591
1 25986U 99065G   15202.45843041  .00000094  00000-0  86681-4 0  9994,2 25986 045.0394 191.8233 0005092 318.5573 041.4887 14.31947733815785
1 25986U 99065G   15204.13285809  .00000147  00000-0  10619-3 0  9999,2 25986 045.0395 183.9673 0004994 326.2842 033.7687 14.31948678816020
1 25986U 99065G   15205.38867797  .00000149  00000-0  10722-3 0  9996,2 25986 045.0395 178.0754 0004909 332.2707 027.7877 14.31949342816201
1 25986U 99065G   15207.13287102  .00000106  00000-0  91193-4 0  9992,2 25986 045.0398 169.8923 0004785 340.5483 019.5180 14.31950260816459
1 25986U 99065G   15208.38868916  .00000117  00000-0  95330-4 0  9997,2 25986 045.0399 164.0004 0004683 346.7398 013.3325 14.31951240816639
1 25986U 99065G   15209.85380937  .00000168  00000-0  11415-3 0  9999,2 25986 045.0401 157.1264 0004569 353.9750 006.1041 14.31952550816842
1 25986U 99065G   15211.10962596  .00000206  00000-0  12808-3 0  9997,2 25986 045.0403 151.2346 0004466 000.5954 359.4897 14.31953564817027
1 25986U 99065G   15212.15613944  .00000268  00000-0  15112-3 0  9992,2 25986 045.0403 146.3248 0004385 006.2085 353.8815 14.31954448817177
1 25986U 99065G   15213.27241955  .00000338  00000-0  17676-3 0  9990,2 25986 045.0403 141.0875 0004304 012.1717 347.9233 14.31955534817337
1 25986U 99065G   15214.80730336  .00000330  00000-0  17395-3 0  9996,2 25986 045.0405 133.8863 0004195 020.5509 339.5505 14.31956655817553
1 25986U 99065G   15215.85381424  .00000289  00000-0  15888-3 0  9990,2 25986 045.0405 128.9765 0004126 026.5249 333.5808 14.31957341817700
1 25986U 99065G   15217.10962641  .00000248  00000-0  14368-3 0  9993,2 25986 045.0407 123.0849 0004049 033.7010 326.4093 14.31958253817880
1 25986U 99065G   15218.15613590  .00000239  00000-0  14015-3 0  9994,2 25986 045.0408 118.1752 0003996 039.8374 320.2766 14.31959116818035
1 25986U 99065G   15219.83054938  .00000294  00000-0  16078-3 0  9997,2 25986 045.0409 110.3194 0003900 049.9182 310.2006 14.31960798818274
1 25986U 99065G   15221.15612520  .00000384  00000-0  19388-3 0  9999,2 25986 045.0409 104.1002 0003851 058.2312 301.8909 14.31962360818462
1 25986U 99065G   15222.83053537  .00000307  00000-0  16564-3 0  9990,2 25986 045.0408 096.2442 0003804 068.9765 291.1488 14.31963292818703
1 25986U 99065G   15224.08634159  .00000250  00000-0  14438-3 0  9999,2 25986 045.0408 090.3522 0003788 077.1359 282.9911 14.31964109818885
1 25986U 99065G   15225.13284598  .00000215  00000-0  13131-3 0  9994,2 25986 045.0408 085.4422 0003783 083.9431 276.1846 14.31964885819031
1 25986U 99065G   15226.38865070  .00000151  00000-0  10794-3 0  9993,2 25986 045.0410 079.5502 0003787 091.9819 268.1461 14.31965563819218
1 25986U 99065G   15227.85375532  .00000138  00000-0  10306-3 0  9999,2 25986 045.0410 072.6762 0003818 101.3808 258.7467 14.31966481819423
1 25986U 99065G   15229.03979127  .00000216  00000-0  13162-3 0  9991,2 25986 045.0411 067.1119 0003858 109.1387 250.9877 14.31967693819594
1 25986U 99065G   15229.87699273 +.00000214 +00000-0 +13112-3 0  9997,2 25986 045.0412 063.1839 0003890 114.4306 245.6947 14.31968173819746
1 25986U 99065G   15230.50489351  .00000215  00000-0  13141-3 0  9996,2 25986 045.0412 060.2379 0003915 118.3750 241.7491 14.31968569819804
1 25986U 99065G   15230.92349398 +.00000201 +00000-0 +12641-3 0  9997,2 25986 045.0412 058.2740 0003945 120.9889 239.1346 14.31968758819897
1 25986U 99065G   15231.55139438  .00000165  00000-0  11296-3 0  9993,2 25986 045.0412 055.3279 0003977 124.8862 235.2359 14.31968989819955
1 25986U 99065G   15231.90022786 +.00000197 +00000-0 +12480-3 0  9990,2 25986 045.0412 053.6914 0004003 127.0159 233.1054 14.31969408820034
1 25986U 99065G   15232.87696116  .00000186  00000-0  12078-3 0  9992,2 25986 045.0412 049.1088 0004061 132.8547 227.2641 14.31970082820143
1 25986U 99065G   15233.92346060  .00000119  00000-0  96026-4 0  9991,2 25986 045.0414 044.1987 0004126 138.8821 221.2336 14.31970529820298
1 25986U 99065G   15234.90019301 +.00000126 +00000-0 +98598-4 0  9999,2 25986 045.0415 039.6161 0004183 144.3742 215.7384 14.31971264820466
1 25986U 99065G   15234.96995959  .00000125  00000-0  98109-4 0  9994,2 25986 045.0415 039.2887 0004185 144.7062 215.4062 14.31971308820445
1 25986U 99065G   15235.87692477 +.00000148 +00000-0 +10680-3 0  9996,2 25986 045.0416 035.0334 0004261 150.0914 210.0176 14.31972085820606
1 25986U 99065G   15236.85365631 +.00000151 +00000-0 +10788-3 0  9997,2 25986 045.0418 030.4508 0004341 155.6598 204.4454 14.31972676820745
1 25986U 99065G   15237.83038746  .00000178  00000-0  11782-3 0  9994,2 25986 045.0419 025.8683 0004419 161.1626 198.9385 14.31973332820850
1 25986U 99065G   15239.50478195 +.00000231 +00000-0 +13723-3 0  9993,2 25986 045.0420 018.0125 0004563 170.4177 189.6757 14.31974701821123
1 25986U 99065G   15240.48151072  .00000296  00000-0  16123-3 0  9992,2 25986 045.0420 013.4300 0004645 175.6148 184.4740 14.31975929821233
1 25986U 99065G   15241.73730418  .00000294  00000-0  16040-3 0  9994,2 25986 045.0420 007.5381 0004757 182.1164 177.9663 14.31977092821415
1 25986U 99065G   15241.80707046 +.00000289 +00000-0 +15867-3 0  9993,2 25986 045.0420 007.2108 0004760 182.4723 177.6100 14.31977138821455
1 25986U 99065G   15242.71403169 +.00000242 +00000-0 +14140-3 0  9995,2 25986 045.0420 002.9555 0004848 187.0397 173.0382 14.31977809821589
1 25986U 99065G   15243.13262901  .00000224  00000-0  13472-3 0  9996,2 25986 045.0421 000.9915 0004881 189.1998 170.8760 14.31978142821615
1 25986U 99065G   15243.76052474 +.00000241 +00000-0 +14109-3 0  9994,2 25986 045.0420 358.0456 0004934 192.2320 167.8407 14.31978892821733
1 25986U 99065G   15244.17912181  .00000250  00000-0  14435-3 0  9992,2 25986  45.0421 356.0816 0004964 194.3831 165.6874 14.31979343821764
1 25986U 99065G   15244.52795261 +.00000241 +00000-0 +14094-3 0  9990,2 25986 045.0421 354.4450 0004999 196.0564 164.0125 14.31979641821842
1 25986U 99065G   15245.50467854  .00000230  00000-0  13679-3 0  9999,2 25986  45.0421 349.8623 0005079 200.8306 159.2334 14.31980451821951
1 25986U 99065G   15246.48140413 +.00000230 +00000-0 +13706-3 0  9997,2 25986 045.0421 345.2797 0005160 205.5348 154.5244 14.31981182822122
1 25986U 99065G   15247.17906491  .00000250  00000-0  14430-3 0  9997,2 25986  45.0421 342.0065 0005211 208.8844 151.1714 14.31981782822197
1 25986U 99065G   15247.52789533 +.00000237 +00000-0 +13939-3 0  9990,2 25986 045.0421 340.3699 0005235 210.5058 149.5485 14.31981935822279
1 25986U 99065G   15248.22555594  .00000243  00000-0  14172-3 0  9993,2 25986  45.0420 337.0967 0005283 213.8340 146.2170 14.31982382822342
1 25986U 99065G   15248.71391836 +.00000208 +00000-0 +12882-3 0  9991,2 25986 045.0420 334.8056 0005326 216.0985 143.9502 14.31982475822441
1 25986U 99065G   15249.48134451  .00000203  00000-0  12692-3 0  9998,2 25986  45.0419 331.2049 0005397 219.5223 140.5230 14.31982955822526
1 25986U 99065G   15249.69064258 +.00000190 +00000-0 +12192-3 0  9998,2 25986 045.0418 330.2230 0005409 220.5085 139.5359 14.31983009822585
1 25986U 99065G   15250.66736640  .00000165  00000-0  11281-3 0  9998,2 25986  45.0417 325.6405 0005474 225.0354 135.0049 14.31983560822698
1 25986U 99065G   15251.64408956 +.00000200 +00000-0 +12563-3 0  9997,2 25986 045.0416 321.0580 0005528 229.4974 130.5392 14.31984541822867
1 25986U 99065G   15252.06268515  .00000178  00000-0  11769-3 0  9990,2 25986  45.0415 319.0939 0005554 231.4582 128.5767 14.31984735822899
1 25986U 99065G   15252.69057819 +.00000189 +00000-0 +12166-3 0  9996,2 25986 045.0415 316.1481 0005583 234.1658 125.8670 14.31985347823013
1 25986U 99065G   15253.17893933  .00000193  00000-0  12319-3 0  9990,2 25986  45.0414 313.8566 0005612 236.3957 123.6354 14.31985765823052
1 25986U 99065G   15253.66730040 +.00000211 +00000-0 +12972-3 0  9999,2 25986 045.0414 311.5654 0005633 238.5163 121.5133 14.31986262823157
1 25986U 99065G   15254.43472466  .00000197  00000-0  12451-3 0  9995,2 25986  45.0414 307.9647 0005677 241.9159 118.1114 14.31986790823235
1 25986U 99065G   15254.64402213 +.00000230 +00000-0 +13688-3 0  9992,2 25986 045.0413 306.9828 0005682 242.8602 117.1665 14.31987137823295
1 25986U 99065G   15255.48121186  .00000233  00000-0  13801-3 0  9992,2 25986  45.0412 303.0548 0005717 246.5682 113.4563 14.31987776823384
1 25986U 99065G   15255.62074348 +.00000231 +00000-0 +13715-3 0  9997,2 25986 045.0412 302.4001 0005722 247.3022 112.7220 14.31987858823433
1 25986U 99065G   15256.52769871  .00000220  00000-0  13314-3 0  9992,2 25986  45.0411 298.1448 0005756 251.2284 108.7938 14.31988424823531
1 25986U 99065G   15257.50441927 +.00000215 +00000-0 +13149-3 0  9990,2 25986 045.0410 293.5621 0005789 255.4922 104.5282 14.31989080823707
1 25986U 99065G   15258.13231068  .00000221  00000-0  13355-3 0  9999,2 25986  45.0409 290.6160 0005808 258.2231 101.7964 14.31989592823767
1 25986U 99065G   15258.89973337 +.00000216 +00000-0 +13184-3 0  9998,2 25986 045.0408 287.0153 0005825 261.6341 098.3845 14.31990167823902
1 25986U 99065G   15259.45785876  .00000210  00000-0  12943-3 0  9996,2 25986  45.0407 284.3967 0005830 264.0902  95.9280 14.31990591823952
1 25986U 99065G   15259.52762441 +.00000211 +00000-0 +12987-3 0  9996,2 25986 045.0407 284.0693 0005830 264.4398 095.5783 14.31990661823994
1 25986U 99065G   15260.50434339  .00000223  00000-0  13437-3 0  9992,2 25986  45.0406 279.4866 0005845 268.8358  91.1819 14.31991561824109
1 25986U 99065G   15261.48106201 +.00000242 +00000-0 +14131-3 0  9997,2 25986 045.0405 274.9038 0005848 273.2234 086.7943 14.31992489824271
1 25986U 99065G   15262.17871776  .00000290  00000-0  15917-3 0  9996,2 25986  45.0404 271.6303 0005853 276.2778  83.7402 14.31993367824342
1 25986U 99065G   15262.45778009 +.00000299 +00000-0 +16230-3 0  9990,2 25986 045.0404 270.3210 0005849 277.6676 082.3506 14.31993627824419
1 25986U 99065G   15263.43449771  .00000338  00000-0  17680-3 0  9994,2 25986  45.0403 265.7382 0005843 282.0058  78.0134 14.31994645824526
1 25986U 99065G   15264.96933824 +.00000355 +00000-0 +18287-3 0  9993,2 25986 045.0403 258.5364 0005825 288.7456 071.2758 14.31996070824779
1 25986U 99065G   15265.17863472  .00000345  00000-0  17915-3 0  9994,2 25986  45.0403 257.5543 0005816 289.6463  70.3756 14.31996165824778
1 25986U 99065G   15265.94605434 +.00000370 +00000-0 +18863-3 0  9992,2 25986 045.0403 253.9535 0005798 293.0349 066.9886 14.31996997824914
1 25986U 99065G   15266.43441218  .00000370  00000-0  18871-3 0  9994,2 25986  45.0403 251.6621 0005777 295.1993  64.8254 14.31997446824950
1 25986U 99065G   15266.92276968 +.00000371 +00000-0 +18884-3 0  9991,2 25986 045.0403 249.3706 0005764 297.3235 062.7024 14.31997951825052
1 25986U 99065G   15267.41112718 +.00000389 +00000-0 +19550-3 0  9998,2 25986 045.0403 247.0793 0005739 299.6775 060.3500 14.31998551825127
1 25986U 99065G   15268.17854550  .00000399  00000-0  19909-3 0  9998,2 25986  45.0403 243.4785 0005707 303.1005  56.9294 14.31999482825204
1 25986U 99065G   15268.94596334 +.00000422 +00000-0 +20791-3 0  9994,2 25986 045.0402 239.8777 0005674 306.6661 053.3664 14.32000544825342
1 25986U 99065G   15269.36455489  .00000384  00000-0  19389-3 0  9994,2 25986  45.0402 237.9137 0005648 308.6882  51.3459 14.32000829825378
1 25986U 99065G   15269.92267648 +.00000400 +00000-0 +19953-3 0  9990,2 25986 045.0402 235.2949 0005620 311.2569 048.7793 14.32001606825489
1 25986U 99065G   15270.34126781 +.00000379 +00000-0 +19186-3 0  9993,2 25986 045.0402 233.3309 0005592 313.2261 046.8118 14.32001954825540
1 25986U 99065G   15271.17844976  .00000394  00000-0  19746-3 0  9997,2 25986  45.0402 229.4027 0005543 317.0860  42.9554 14.32002997825635
1 25986U 99065G   15271.94586613 +.00000423 +00000-0 +20830-3 0  9992,2 25986 045.0402 225.8018 0005500 320.5955 039.4491 14.32004001825776
1 25986U 99065G   15272.29469180  .00000405  00000-0  20157-3 0  9992,2 25986  45.0402 224.1652 0005476 322.3022  37.7440 14.32004233825793
1 25986U 99065G   15272.92257747 +.00000414 +00000-0 +20489-3 0  9994,2 25986 045.0402 221.2190 0005439 325.2190 034.8301 14.32004934825911
1 25986U 99065G   15273.89928803  .00000463  00000-0  22276-3 0  9999,2 25986  45.0402 216.6361 0005374 329.8614  30.1922 14.32006166826028
1 25986U 99065G   15274.87599784 +.00000509 +00000-0 +23987-3 0  9991,2 25986 045.0403 212.0533 0005303 334.5832 025.4753 14.32007405826191
1 25986U 99065G   15275.15505773  .00000499  00000-0  23629-3 0  9999,2 25986  45.0403 210.7440 0005278 336.0355  24.0245 14.32007628826201
1 25986U 99065G   15275.85270686 +.00000523 +00000-0 +24522-3 0  9999,2 25986 045.0403 207.4705 0005227 339.4812 020.5823 14.32008549826337
1 25986U 99065G   15276.20153151  .00000494  00000-0  23439-3 0  9999,2 25986  45.0404 205.8339 0005198 341.2172  18.8482 14.32008738826353
1 25986U 99065G   15276.82941506 +.00000507 +00000-0 +23926-3 0  9992,2 25986 045.0404 202.8878 0005152 344.3811 015.6876 14.32009620826478
1 25986U 99065G   15277.24800423  .00000442  00000-0  21531-3 0  9999,2 25986  45.0404 200.9238 0005118 346.5365  13.5344 14.32009749826500
1 25986U 99065G   15278.85259402  .00000326  00000-0  17220-3 0  9993,2 25986  45.0404 193.3950 0004988 354.7800   5.2993 14.32011165826733
1 25986U 99065G   15278.92235878 +.00000325 +00000-0 +17177-3 0  9992,2 25986 045.0405 193.0677 0004982 355.1654 004.9144 14.32011240826775
1 25986U 99065G   15279.89906485 +.00000278 +00000-0 +15456-3 0  9993,2 25986 045.0404 188.4850 0004903 000.2851 359.7998 14.32012115826911
1 25986U 99065G   15280.17812352  .00000325  00000-0  17208-3 0  9995,2 25986  45.0404 187.1758 0004884   1.7905 358.2959 14.32012705826925
1 25986U 99065G   15280.87576987 +.00000328 +00000-0 +17287-3 0  9993,2 25986 045.0403 183.9023 0004829 005.4523 354.6375 14.32013534827057
1 25986U 99065G   15281.78270964  .00000350  00000-0  18120-3 0  9992,2 25986  45.0402 179.6468 0004761  10.3439 349.7505 14.32014631827157
1 25986U 99065G   15281.85247418 +.00000353 +00000-0 +18220-3 0  9992,2 25986 045.0402 179.3195 0004753 010.7210 349.3737 14.32014734827194
1 25986U 99065G   15282.82917809  .00000324  00000-0  17153-3 0  9990,2 25986  45.0402 174.7366 0004680  16.1208 343.9787 14.32015481827307
1 25986U 99065G   15282.89894263 +.00000323 +00000-0 +17129-3 0  9997,2 25986 045.0402 174.4093 0004674 016.5105 343.5893 14.32015541827349
1 25986U 99065G   15283.10823166  .00000326  00000-0  17207-3 0  9996,2 25986  45.0402 173.4270 0004756  17.3206 342.7802 14.32041569827347
1 25986U 99065G   15283.87562740 +.00000181 +00000-0 +11874-3 0  9991,2 25986 045.0401 169.8260 0004693 021.5282 338.5761 14.32042053827486
1 25986U 99065G   15284.15468032  .00000190  00000-0  12199-3 0  9993,2 25986  45.0401 168.5168 0004677  23.1779 336.9277 14.32042350827495
1 25986U 99065G   15284.85231229 +.00000344 +00000-0 +17868-3 0  9995,2 25986 045.0400 165.2432 0004630 027.1364 332.9723 14.32043121827629
1 25986U 99065G   15285.82899632  .00000348  00000-0  18047-3 0  9995,2 25986  45.0399 160.6603 0004565  32.8668 327.2462 14.32044172827738
1 25986U 99065G   15285.89875944 +.00000345 +00000-0 +17918-3 0  9995,2 25986 045.0399 160.3330 0004562 033.2933 326.8200 14.32044235827778
1 25986U 99065G   15286.87544277 +.00000308 +00000-0 +16569-3 0  9996,2 25986 045.0399 155.7500 0004505 039.1642 320.9530 14.32045110827914
1 25986U 99065G   15287.08473198  .00000301  00000-0  16304-3 0  9993,2 25986  45.0399 154.7680 0004498  40.3848 319.7332 14.32045290827910
1 25986U 99065G   15287.85212531 +.00000330 +00000-0 +17357-3 0  9991,2 25986 045.0399 151.1671 0004453 045.0411 315.0796 14.32046274828052
1 25986U 99065G   15288.68928145  .00000304  00000-0  16405-3 0  9992,2 25986  45.0398 147.2388 0004407  49.8530 310.2701 14.32046913828148
1 25986U 99065G   15288.89857040 +.00000317 +00000-0 +16902-3 0  9996,2 25986 045.0398 146.2568 0004401 051.1983 308.9256 14.32047185828207
1 25986U 99065G   15289.80548874  .00000339  00000-0  17708-3 0  9999,2 25986  45.0397 142.0011 0004358  56.6276 303.4987 14.32048142828305
1 25986U 99065G   15289.94501459 +.00000345 +00000-0 +17920-3 0  9995,2 25986 045.0397 141.3465 0004356 057.4967 302.6299 14.32048299828359
1 25986U 99065G   15290.78216942 +.00000341 +00000-0 +17755-3 0  9991,2 25986 045.0396 137.4181 0004319 062.5727 297.5558 14.32048998828478
1 25986U 99065G   15291.13098367  .00000367  00000-0  18741-3 0  9994,2 25986  45.0395 135.7813 0004311  64.7622 295.3671 14.32049471828491
1 25986U 99065G   15291.89837458 +.00000414 +00000-0 +20468-3 0  9991,2 25986 045.0395 132.1803 0004286 069.6518 290.4788 14.32050471828633
1 25986U 99065G   15292.52623963  .00000439  00000-0  21374-3 0  9990,2 25986  45.0394 129.2339 0004266  73.4670 286.6645 14.32051178828693
1 25986U 99065G   15292.87505336 +.00000461 +00000-0 +22217-3 0  9993,2 25986 045.0394 127.5972 0004265 075.6563 284.4757 14.32051662828778
1 25986U 99065G   15293.57268038  .00000497  00000-0  23534-3 0  9998,2 25986  45.0393 124.3234 0004257  80.0202 280.1124 14.32052613828840
1 25986U 99065G   15293.85173102 +.00000501 +00000-0 +23681-3 0  9995,2 25986 045.0393 123.0140 0004254 081.7521 278.3808 14.32052961828913
1 25986U 99065G   15294.68888247  .00000514  00000-0  24144-3 0  9999,2 25986  45.0393 119.0855 0004247  86.9887 273.1445 14.32054067829005
1 25986U 99065G   15294.82840753 +.00000538 +00000-0 +25031-3 0  9997,2 25986 045.0393 118.4308 0004246 087.8560 272.2772 14.32054409829056
1 25986U 99065G   15295.73532050  .00000523  00000-0  24500-3 0  9990,2 25986  45.0394 114.1749 0004243  93.8347 266.2984 14.32055583829159
1 25986U 99065G   15295.87484545 +.00000556 +00000-0 +25708-3 0  9997,2 25986 045.0394 113.5203 0004245 094.6604 265.4728 14.32055971829208
1 25986U 99065G   15296.85151987  .00000549  00000-0  25451-3 0  9994,2 25986  45.0396 108.9371 0004253 100.8786 259.2539 14.32057332829310
1 25986U 99065G   15296.92128227 +.00000549 +00000-0 +25442-3 0  9993,2 25986 045.0396 108.6097 0004254 101.2939 258.8385 14.32057442829358
1 25986U 99065G   15297.89795537  .00000561  00000-0  25893-3 0  9998,2 25986  45.0398 104.0266 0004266 107.4648 252.6665 14.32058981829460
1 25986U 99065G   15297.89795537 +.00000561 +00000-0 +25893-3 0  9998,2 25986 045.0398 104.0266 0004266 107.4648 252.6665 14.32058981829493
1 25986U 99065G   15298.87462754 +.00000556 +00000-0 +25687-3 0  9994,2 25986 045.0399 099.4435 0004287 113.5046 246.6251 14.32060362829638
1 25986U 99065G   15299.50248786  .00000496  00000-0  23479-3 0  9992,2 25986  45.0400  96.4971 0004301 117.4534 242.6750 14.32060867829691
1 25986U 99065G   15299.85129902 +.00000508 +00000-0 +23913-3 0  9995,2 25986 045.0401 094.8604 0004316 119.4995 240.6283 14.32061377829771
1 25986U 99065G   15300.82796958  .00000474  00000-0  22673-3 0  9990,2 25986  45.0403  90.2772 0004360 125.2676 234.8579 14.32062427829881
1 25986U 99065G   15300.89773172 +.00000486 +00000-0 +23103-3 0  9992,2 25986 045.0402 089.9498 0004360 125.6214 234.5039 14.32062577829921
1 25986U 99065G   15300.89773172 +.00000486 +00000-0 +23103-3 0  9992,2 25986 045.0402 089.9498 0004360 125.6214 234.5039 14.32062577829921
1 25986U 99065G   15301.45582353  .00000152  00000-0  10787-3 0  9998,2 25986  45.0403  87.3311 0004450 129.2378 230.8864 14.32073528829977
1 25986U 99065G   15301.87439316 +.00000146 +00000-0 +10585-3 0  9993,2 25986 045.0403 085.3670 0004475 131.5349 228.5881 14.32073778830066
1 25986U 99065G   15302.50224676  .00000145  00000-0  10542-3 0  9997,2 25986  45.0401  82.4194 0004588 135.8682 224.2531 14.32074516830128
1 25986U 99065G   15302.92081606 +.00000151 +00000-0 +10740-3 0  9994,2 25986 045.0403 080.4564 0004516 137.7306 222.3889 14.32075387830216
1 25986U 99065G   15303.75795363  .00000140  00000-0  10353-3 0  9996,2 25986  45.0404  76.5281 0004537 142.8178 217.2983 14.32076216830306
1 25986U 99065G   15303.82771502 +.00000151 +00000-0 +10759-3 0  9995,2 25986 045.0404 076.2007 0004546 143.2146 216.9013 14.32076343830344
1 25986U 99065G   15304.80437438  .00000508  00000-0  23936-3 0  9998,2 25986  45.0407  71.6174 0004603 149.2302 210.8815 14.32078152830450
1 25986U 99065G   15305.78103291 +.00000635 +00000-0 +28593-3 0  9998,2 25986 045.0409 067.0343 0004664 154.6214 205.4862 14.32080179830621
1 25986U 99065G   15306.47864574  .00000649  00000-0  29119-3 0  9993,2 25986  45.0411  63.7606 0004711 158.6743 201.4301 14.32081169830694
1 25986U 99065G   15306.75769066 +.00000638 +00000-0 +28705-3 0  9992,2 25986 045.0411 062.4513 0004728 160.2026 199.9005 14.32081503830760
1 25986U 99065G   15307.52506399  .00000596  00000-0  27147-3 0  9998,2 25986  45.0413  58.8503 0004778 164.6263 195.4729 14.32082276830847
1 25986U 99065G   15307.80410841 +.00000620 +00000-0 +28049-3 0  9995,2 25986 045.0413 057.5409 0004797 166.0575 194.0404 14.32082854830916
1 25986U 99065G   15308.71100261  .00000654  00000-0  29302-3 0  9998,2 25986  45.0415  53.2853 0004863 170.9257 189.1678 14.32084375831019
1 25986U 99065G   15309.75741826  .00000616  00000-0  27907-3 0  9998,2 25986  45.0416  48.3751 0004935 176.5950 183.4930 14.32085611831162
1 25986U 99065G   15310.66431094 +.00000570 +00000-0 +26213-3 0  9991,2 25986 045.0417 044.1194 0005011 181.3491 178.7343 14.32086625831327
1 25986U 99065G   15311.15263719  .00000596  00000-0  27149-3 0  9990,2 25986  45.0417  41.8279 0005041 184.0251 176.0556 14.32087506831362
1 25986U 99065G   15311.71072354 +.00000691 +00000-0 +30660-3 0  9993,2 25986 045.0417 039.2092 0005081 186.7307 173.3472 14.32089060831477
1 25986U 99065G   15312.40833144  .00000642  00000-0  28860-3 0  9997,2 25986  45.0418  35.9355 0005138 190.2575 169.8167 14.32089984831547
1 25986U 99065G   15312.68737453 +.00000614 +00000-0 +27810-3 0  9996,2 25986 045.0418 034.6262 0005153 191.6522 168.4206 14.32090293831616
1 25986U 99065G   15313.45474193  .00000670  00000-0  29880-3 0  9992,2 25986  45.0419  31.0252 0005212 195.5706 164.4980 14.32092029831692
1 25986U 99065G   15313.66402394 +.00000658 +00000-0 +29423-3 0  9998,2 25986 045.0419 030.0432 0005221 196.6972 163.3703 14.32092328831758
1 25986U 99065G   15314.29186940 +.00000677 +00000-0 +30135-3 0  9997,2 25986 045.0419 027.0969 0005270 199.9000 160.1642 14.32093588831847
1 25986U 99065G   15315.12899614  .00000709  00000-0  31315-3 0  9996,2 25986  45.0420  23.1687 0005324 203.9217 156.1383 14.32095248831931
1 25986U 99065G   15315.61732002 +.00000623 +00000-0 +28136-3 0  9999,2 25986 045.0420 020.8772 0005354 206.3074 153.7501 14.32095557832031
1 25986U 99065G   15316.31492509  .00000601  00000-0  27320-3 0  9992,2 25986  45.0421  17.6036 0005403 209.8433 150.2106 14.32096496832105
1 25986U 99065G   15316.59396693 +.00000603 +00000-0 +27419-3 0  9990,2 25986 045.0421 016.2942 0005415 211.2239 148.8286 14.32096940832173
1 25986U 99065G   15317.57061295  .00000540  00000-0  25101-3 0  9992,2 25986  45.0421  11.7113 0005477 215.9016 144.1463 14.32098009832281
1 25986U 99065G   15318.54725784 +.00000554 +00000-0 +25609-3 0  9998,2 25986 045.0421 007.1284 0005532 220.7600 139.2833 14.32099471832453
1 25986U 99065G   15319.17510065  .00000498  00000-0  23536-3 0  9996,2 25986  45.0421   4.1821 0005572 223.7940 136.2465 14.32100009832516
1 25986U 99065G   15319.52390200 +.00000512 +00000-0 +24069-3 0  9991,2 25986 045.0420 002.5454 0005590 225.3049 134.7343 14.32100574832590
1 25986U 99065G   15320.50054482  .00000566  00000-0  26029-3 0  9997,2 25986  45.0419 357.9623 0005639 229.9052 130.1300 14.32102334832703
1 25986U 99065G   15320.91910567 +.00000595 +00000-0 +27109-3 0  9999,2 25986 045.0419 355.9981 0005662 231.9369 128.0967 14.32103145832793
1 25986U 99065G   15321.54694678  .00000616  00000-0  27898-3 0  9990,2 25986  45.0418 353.0519 0005687 234.8468 125.1846 14.32104239832853
1 25986U 99065G   15322.87238746 +.00000613 +00000-0 +27763-3 0  9995,2 25986 045.0418 346.8319 0005741 241.0121 119.0150 14.32106436833074
1 25986U 99065G   15323.15142736  .00000609  00000-0  27620-3 0  9997,2 25986  45.0417 345.5223 0005754 242.2006 117.8258 14.32106887833088
1 25986U 99065G   15323.84902682 +.00000599 +00000-0 +27249-3 0  9992,2 25986 045.0417 342.2486 0005773 245.4685 114.5560 14.32108007833213
1 25986U 99065G   15324.47686601  .00000594  00000-0  27074-3 0  9993,2 25986  45.0417 339.3023 0005785 248.2603 111.7627 14.32108994833275
1 25986U 99065G   15325.52326352  .00000592  00000-0  27004-3 0  9995,2 25986  45.0416 334.3917 0005811 253.0151 107.0059 14.32110688833420
1 25986U 99065G   15325.87206248 +.00000564 +00000-0 +25952-3 0  9993,2 25986 045.0417 332.7548 0005822 254.6445 105.3759 14.32111075833506
1 25986U 99065G   15326.49990039 +.00000611 +00000-0 +27697-3 0  9991,2 25986 045.0416 329.8085 0005825 257.4278 102.5917 14.32112271833599
1 25986U 99065G   15327.12773784  .00000563  00000-0  25928-3 0  9999,2 25986  45.0416 326.8620 0005838 260.1771  99.8416 14.32112956833653
1 25986U 99065G   15327.47653620 +.00000618 +00000-0 +27965-3 0  9997,2 25986 045.0416 325.2252 0005835 261.7610 098.2575 14.32113787833734
1 25986U 99065G   15328.45317150 +.00000594 +00000-0 +27060-3 0  9990,2 25986 045.0415 320.6420 0005836 266.1130 093.9050 14.32115005833876
1 25986U 99065G   15329.42980581  .00000551  00000-0  25462-3 0  9999,2 25986  45.0415 316.0587 0005830 270.4170  89.6008 14.32116184833981
1 25986U 99065G   15330.96451544 +.00000425 +00000-0 +20824-3 0  9999,2 25986 045.0414 308.8565 0005816 277.2137 082.8048 14.32117649834232
1 25986U 99065G   15330.96451544 +.00000425 +00000-0 +20824-3 0  9999,2 25986 045.0414 308.8565 0005816 277.2137 082.8048 14.32117649834232
1 25986U 99065G   15331.17379399  .00000406  00000-0  20148-3 0  9998,2 25986  45.0414 307.8744 0005808 278.1132  81.9056 14.32117817834232
1 25986U 99065G   15331.94114810 +.00000396 +00000-0 +19768-3 0  9992,2 25986 045.0413 304.2732 0005796 281.5574 078.4622 14.32118756834371
1 25986U 99065G   15332.35970483  .00000428  00000-0  20934-3 0  9997,2 25986  45.0413 302.3091 0005779 283.3925  76.6277 14.32119433834402
1 25986U 99065G   15332.91778013 +.00000377 +00000-0 +19077-3 0  9993,2 25986 045.0413 299.6900 0005772 285.8643 074.1567 14.32119832834516
1 25986U 99065G   15333.89441164  .00000399  00000-0  19872-3 0  9992,2 25986  45.0413 295.1067 0005742 290.2312  69.7917 14.32121005834627
1 25986U 99065G   15334.94080180 +.00000398 +00000-0 +19834-3 0  9993,2 25986 045.0413 290.1961 0005699 295.0726 064.9529 14.32122089834807
1 25986U 99065G   15335.15007972  .00000404  00000-0  20046-3 0  9990,2 25986  45.0413 289.2140 0005688 296.0339  63.9921 14.32122343834802
1 25986U 99065G   15335.91743196 +.00000415 +00000-0 +20456-3 0  9996,2 25986 045.0413 285.6129 0005658 299.5449 060.4833 14.32123156834948
1 25986U 99065G   15336.89406159  .00000376  00000-0  19021-3 0  9991,2 25986  45.0413 281.0297 0005612 304.0205  56.0109 14.32123909835052
1 25986U 99065G   15337.87069059 +.00000356 +00000-0 +18294-3 0  9993,2 25986 045.0412 276.4466 0005554 308.5563 051.4786 14.32124797835223
1 25986U 99065G   15338.01020900  .00000321  00000-0  16996-3 0  9991,2 25986  45.0412 275.7918 0005543 309.1668  50.8686 14.32124755835213
1 25986U 99065G   15338.84731899 +.00000320 +00000-0 +16967-3 0  9995,2 25986 045.0412 271.8634 0005496 313.0630 046.9756 14.32125627835364
1 25986U 99065G   15339.19611488  .00000273  00000-0  15254-3 0  9990,2 25986  45.0411 270.2267 0005468 314.7306  45.3095 14.32125711835380
1 25986U 99065G   15339.89370598 +.00000312 +00000-0 +16659-3 0  9995,2 25986 045.0411 266.9529 0005424 317.9607 042.0823 14.32126676835513
1 25986U 99065G   15340.94009204  .00000346  00000-0  17938-3 0  9994,2 25986  45.0410 262.0424 0005355 322.7994  37.2481 14.32127991835639
1 25986U 99065G   15340.94009204 +.00000346 +00000-0 +17938-3 0  9994,2 25986 045.0410 262.0424 0005355 322.7994 037.2481 14.32127991835662
1 25986U 99065G   15341.91671842 +.00000360 +00000-0 +18432-3 0  9991,2 25986 045.0408 257.4593 0005283 327.3840 032.6680 14.32129064835804
1 25986U 99065G   15342.19575439  .00000375  00000-0  18983-3 0  9994,2 25986  45.0408 256.1498 0005259 328.8458  31.2076 14.32129436835816
1 25986U 99065G   15342.89334424 +.00000331 +00000-0 +17362-3 0  9990,2 25986 045.0407 252.8760 0005203 332.1437 027.9130 14.32129853835944
1 25986U 99065G   15343.80021038  .00000423  00000-0  20757-3 0  9990,2 25986  45.0406 248.6200 0005127 336.5498  23.5114 14.32131211836042
1 25986U 99065G   15343.93972819 +.00000369 +00000-0 +18791-3 0  9990,2 25986 045.0406 247.9653 0005115 337.2470 022.8150 14.32131073836094
1 25986U 99065G   15344.84659336 +.00000501 +00000-0 +23631-3 0  9994,2 25986 045.0404 243.7094 0005045 341.7610 018.3054 14.32132742836225
1 25986U 99065G   15344.98610616  .00001552  00000-0  62337-3 0  9990,2 25986  45.0404 243.0546 0005032 342.7482  17.3193 14.32141232836210
1 25986U 99065G   15345.68368976 +.00000775 +00000-0 +33721-3 0  9998,2 25986 045.0404 239.7810 0004998 346.2191 013.8519 14.32142903836345
1 25986U 99065G   15346.10224030  .00000482  00000-0  22939-3 0  9992,2 25986  45.0402 237.8176 0005035 348.5376  11.5355 14.32142931836377
1 25986U 99065G   15346.86958151 +.00000510 +00000-0 +23980-3 0  9992,2 25986 045.0401 234.2160 0004954 352.3149 007.7621 14.32143683836514
1 25986U 99065G   15347.70668059  .00000396  00000-0  19749-3 0  9991,2 25986  45.0400 230.2872 0004868 356.5156   3.5655 14.32144526836605
1 25986U 99065G   15347.91595522 +.00000358 +00000-0 +18355-3 0  9998,2 25986 045.0401 229.3046 0004816 357.6027 002.4796 14.32144548836664
1 25986U 99065G   15348.68329563 +.00000354 +00000-0 +18202-3 0  9990,2 25986 045.0400 225.7034 0004762 001.6321 358.4540 14.32145446836774
1 25986U 99065G   15349.65990965  .00000374  00000-0  18959-3 0  9999,2 25986  45.0399 221.1201 0004682   6.8964 353.1946 14.32146789836883
1 25986U 99065G   15350.77603949  .00000319  00000-0  16922-3 0  9994,2 25986  45.0397 215.8819 0004585  12.7405 347.3556 14.32147694837041
1 25986U 99065G   15350.91555567 +.00000291 +00000-0 +15886-3 0  9999,2 25986 045.0397 215.2272 0004575 013.5161 346.5807 14.32147682837097
1 25986U 99065G   15351.82241037  .00000289  00000-0  15839-3 0  9999,2 25986  45.0395 210.9711 0004499  18.4562 341.6447 14.32148573837196
1 25986U 99065G   15351.89216840 +.00000303 +00000-0 +16326-3 0  9999,2 25986 045.0395 210.6438 0004494 018.8406 341.2606 14.32148709837234
1 25986U 99065G   15352.93853856 +.00000294 +00000-0 +16021-3 0  9990,2 25986 045.0393 205.7329 0004411 024.7994 335.3064 14.32149595837385
1 25986U 99065G   15353.07805451  .00000294  00000-0  16019-3 0  9991,2 25986  45.0393 205.0782 0004403  25.6014 334.5050 14.32149723837373
1 25986U 99065G   15353.91514997 +.00000310 +00000-0 +16581-3 0  9999,2 25986 045.0392 201.1494 0004335 030.3446 329.7651 14.32150514837525
1 25986U 99065G   15354.54297106  .00000350  00000-0  18081-3 0  9990,2 25986  45.0391 198.2028 0004289  33.9251 326.1869 14.32151323837581
1 25986U 99065G   15354.89176036 +.00000393 +00000-0 +19644-3 0  9999,2 25986 045.0390 196.5658 0004265 035.9915 324.1218 14.32151915837665
1 25986U 99065G   15355.65909591  .00000432  00000-0  21080-3 0  9995,2 25986  45.0390 192.9644 0004207  40.5067 319.6092 14.32153126837740
1 25986U 99065G   15355.93812717 +.00000405 +00000-0 +20106-3 0  9997,2 25986 045.0390 191.6548 0004195 042.1720 317.9449 14.32153275837819
1 25986U 99065G   15356.91473545 +.00000393 +00000-0 +19643-3 0  9998,2 25986 045.0390 187.0713 0004134 047.9418 312.1780 14.32154424837959
1 25986U 99065G   15356.98449312  .00000391  00000-0  19596-3 0  9995,2 25986  45.0390 186.7438 0004128  48.3974 311.7226 14.32154515837933
1 25986U 99065G   15358.51916157  .00000388  00000-0  19481-3 0  9991,2 25986  45.0391 179.5410 0004045  57.4262 302.6974 14.32156464838152
1 25986U 99065G   15358.86794984 +.00000330 +00000-0 +17323-3 0  9991,2 25986 045.0391 177.9041 0004038 059.5035 300.6210 14.32156537838238
1 25986U 99065G   15359.84455596  .00000294  00000-0  16000-3 0  9993,2 25986  45.0392 173.3206 0003982  65.5789 294.5473 14.32157478838341
1 25986U 99065G   15359.91431362 +.00000260 +00000-0 +14755-3 0  9994,2 25986 045.0392 172.9932 0003980 065.9993 294.1269 14.32157343838385
1 25986U 99065G   15360.89091912 +.00000234 +00000-0 +13798-3 0  9993,2 25986 045.0392 168.4096 0003927 072.1201 288.0073 14.32158170838529
1 25986U 99065G   15360.89091912 +.00000234 +00000-0 +13798-3 0  9993,2 25986 045.0392 168.4096 0003927 072.1201 288.0073 14.32158170838529
1 25986U 99065G   15361.44897911  .00000250  00000-0  14383-3 0  9997,2 25986  45.0392 165.7904 0003894  75.5596 284.5682 14.32158736838574
1 25986U 99065G   15361.86752418 +.00000228 +00000-0 +13577-3 0  9994,2 25986 045.0393 163.8260 0003899 078.0968 282.0316 14.32158914838660
1 25986U 99065G   15362.49534151  .00000202  00000-0  12624-3 0  9990,2 25986  45.0392 160.8793 0003868  82.0816 278.0469 14.32159183838720
1 25986U 99065G   15362.84412872 +.00000204 +00000-0 +12679-3 0  9996,2 25986 045.0393 159.2424 0003858 084.3340 275.7947 14.32159452838803
1 25986U 99065G   15363.82073282  .00000214  00000-0  13057-3 0  9995,2 25986  45.0394 154.6590 0003838  90.4601 269.6685 14.32160148838910
1 25986U 99065G   15363.89049020 +.00000181 +00000-0 +11837-3 0  9992,2 25986 045.0394 154.3316 0003838 090.9169 269.2117 14.32160035838952
1 25986U 99065G   15364.86709368  .00000158  00000-0  10987-3 0  9997,2 25986  45.0395 149.7481 0003823  97.0774 263.0508 14.32160593839066
1 25986U 99065G   15364.86709368 +.00000158 +00000-0 +10987-3 0  9997,2 25986 045.0395 149.7481 0003823 097.0774 263.0508 14.32160593839099
1 25986U 99065G   15365.84369641 +.00000233 +00000-0 +13771-3 0  9990,2 25986 045.0397 145.1646 0003815 103.1734 256.9538 14.32161774839232
1 25986U 99065G   16001.47151211  .00000216  00000-0  13147-3 0  9997,2 25986  45.0398 142.2180 0003807 107.1728 252.9535 14.32162209839295
1 25986U 99065G   16001.82029847 +.00000214 +00000-0 +13054-3 0  9990,2 25986 045.0399 140.5812 0003814 109.3237 250.8022 14.32162511839379
1 25986U 99065G   16002.79689999  .00000209  00000-0  12876-3 0  9992,2 25986  45.0401 135.9978 0003820 115.3763 244.7479 14.32163314839484
1 25986U 99065G   16003.70374359 +.00000242 +00000-0 +14086-3 0  9997,2 25986 045.0403 131.7418 0003827 121.1328 238.9894 14.32164263839646
1 25986U 99065G   16004.47107245  .00000228  00000-0  13585-3 0  9997,2 25986  45.0404 128.1405 0003838 125.9244 234.1959 14.32164816839727
1 25986U 99065G   16004.75010101 +.00000240 +00000-0 +14032-3 0  9994,2 25986 045.0404 126.8311 0003848 127.5765 232.5432 14.32165116839794
1 25986U 99065G   16005.72670061  .00000265  00000-0  14943-3 0  9997,2 25986  45.0405 122.2478 0003873 133.6242 226.4926 14.32166027839900
1 25986U 99065G   16006.70329944 +.00000287 +00000-0 +15758-3 0  9996,2 25986 045.0406 117.6644 0003909 139.4816 220.6322 14.32166975840073
1 25986U 99065G   16007.12184153  .00000273  00000-0  15218-3 0  9990,2 25986  45.0406 115.7000 0003917 142.0555 218.0568 14.32167274840107
1 25986U 99065G   16007.74965426 +.00000310 +00000-0 +16596-3 0  9990,2 25986 045.0406 112.7536 0003952 145.7341 214.3761 14.32168112840229
1 25986U 99065G   16008.16819597  .00000333  00000-0  17425-3 0  9991,2 25986  45.0407 110.7892 0003965 148.3027 211.8059 14.32168634840251
1 25986U 99065G   16008.72625134 +.00000337 +00000-0 +17592-3 0  9994,2 25986 045.0407 108.1701 0004003 151.4366 208.6700 14.32169255840365
1 25986U 99065G   16009.21454959  .00000337  00000-0  17580-3 0  9991,2 25986  45.0407 105.8782 0004023 154.3957 205.7089 14.32169757840408
1 25986U 99065G   16009.70284770 +.00000328 +00000-0 +17266-3 0  9998,2 25986 045.0408 103.5867 0004050 156.9533 203.1496 14.32170270840503
1 25986U 99065G   16010.47017289  .00000342  00000-0  17759-3 0  9996,2 25986  45.0409  99.9854 0004096 161.3500 198.7497 14.32171198840580
1 25986U 99065G   16010.67944328 +.00000349 +00000-0 +18020-3 0  9990,2 25986 045.0409 099.0033 0004099 162.5107 197.5881 14.32171484840648
1 25986U 99065G   16011.51652462  .00000364  00000-0  18564-3 0  9999,2 25986  45.0411  95.0746 0004146 167.2047 192.8906 14.32172508840730
1 25986U 99065G   16011.65603811 +.00000370 +00000-0 +18790-3 0  9996,2 25986 045.0411 094.4199 0004152 167.9413 192.1534 14.32172711840787
1 25986U 99065G   16012.70238869  .00000461  00000-0  22144-3 0  9999,2 25986  45.0412  89.5091 0004201 173.7247 186.3653 14.32174414840902
1 25986U 99065G   16013.60922526 +.00000461 +00000-0 +22144-3 0  9999,2 25986 045.0413 085.2531 0004252 178.6117 181.4742 14.32175396841064
1 25986U 99065G   16014.51606129  .00000427  00000-0  20896-3 0  9992,2 25986  45.0414  80.9971 0004306 183.4424 176.6394 14.32176153841162
1 25986U 99065G   16015.56240994 +.00000367 +00000-0 +18683-3 0  9996,2 25986 045.0414 076.0863 0004368 188.9062 171.1707 14.32176867841344
1 25986U 99065G   16015.63216651  .00000360  00000-0  18416-3 0  9994,2 25986  45.0414  75.7589 0004373 189.2452 170.8314 14.32176897841329
1 25986U 99065G   16016.53900132 +.00000333 +00000-0 +17440-3 0  9994,2 25986 045.0413 071.5028 0004435 193.8248 166.2477 14.32177664841482
1 25986U 99065G   16017.16680969  .00000313  00000-0  16690-3 0  9991,2 25986  45.0413  68.5562 0004470 197.0613 163.0084 14.32178186841548
1 25986U 99065G   16017.58534858 +.00000317 +00000-0 +16857-3 0  9991,2 25986 045.0413 066.5920 0004494 199.0871 160.9807 14.32178615841634
1 25986U 99065G   16018.49218242  .00000278  00000-0  15409-3 0  9996,2 25986  45.0413  62.3358 0004546 203.4960 156.5679 14.32179265841731
1 25986U 99065G   16018.56193886 +.00000276 +00000-0 +15344-3 0  9996,2 25986 045.0413 062.0084 0004548 203.8503 156.2133 14.32179318841778
1 25986U 99065G   16019.53852857  .00000274  00000-0  15260-3 0  9999,2 25986  45.0414  57.4249 0004598 208.5584 151.5012 14.32180203841887
1 25986U 99065G   16020.51511796 +.00000268 +00000-0 +15036-3 0  9997,2 25986 045.0414 052.8413 0004643 213.2914 146.7640 14.32180957842059
1 25986U 99065G   16021.14292475  .00000326  00000-0  17158-3 0  9999,2 25986  45.0415  49.8947 0004673 216.3489 143.7040 14.32181868842112
1 25986U 99065G   16021.49170627 +.00000313 +00000-0 +16692-3 0  9999,2 25986 045.0415 048.2578 0004684 217.9577 142.0940 14.32182120842193
1 25986U 99065G   16022.46829408  .00000348  00000-0  17962-3 0  9994,2 25986  45.0416  43.6742 0004725 222.5208 137.5273 14.32183189842302
1 25986U 99065G   16023.44488135 +.00000346 +00000-0 +17898-3 0  9997,2 25986 045.0416 039.0907 0004768 226.9002 133.1446 14.32184059842470
1 25986U 99065G   16024.14244333  .00000347  00000-0  17936-3 0  9999,2 25986  45.0417  35.8167 0004791 230.0791 129.9635 14.32184718842543
1 25986U 99065G   16024.49122430 +.00000323 +00000-0 +17065-3 0  9997,2 25986 045.0416 034.1799 0004803 231.6203 128.4212 14.32184900842621
1 25986U 99065G   16025.18878580  .00000310  00000-0  16570-3 0  9994,2 25986  45.0417  30.9059 0004826 234.7153 125.3242 14.32185524842697
1 25986U 99065G   16025.46781034 +.00000316 +00000-0 +16791-3 0  9993,2 25986 045.0416 029.5963 0004833 235.8804 124.1585 14.32185828842769
1 25986U 99065G   16025.46781034 +.00000316 +00000-0 +16791-3 0  9993,2 25986 045.0416 029.5963 0004833 235.8804 124.1585 14.32185828842769
1 25986U 99065G   16026.37464001  .00000256  00000-0  14600-3 0  9996,2 25986  45.0417  25.3403 0004852 239.8713 120.1652 14.32186362842863
1 25986U 99065G   16027.42098139  .00000227  00000-0  13519-3 0  9994,2 25986  45.0417  20.4294 0004871 244.4165 115.6178 14.32187164843012
1 25986U 99065G   16027.90927385 +.00000169 +00000-0 +11382-3 0  9992,2 25986 045.0417 018.1376 0004889 246.5270 113.5062 14.32187265843118
1 25986U 99065G   16028.95561494 +.00000155 +00000-0 +10882-3 0  9992,2 25986 045.0418 013.2266 0004893 251.1191 108.9125 14.32187918843261
1 25986U 99065G   16029.09512709  .00000150  00000-0  10699-3 0  9994,2 25986  45.0418  12.5718 0004890 251.6931 108.3384 14.32187983843251
1 25986U 99065G   16029.93219956 +.00000161 +00000-0 +11104-3 0  9999,2 25986 045.0419 008.6430 0004907 255.2112 104.8191 14.32188559843403
1 25986U 99065G   16030.21122373  .00000162  00000-0  11150-3 0  9990,2 25986  45.0419   7.3336 0004893 256.4751 103.5550 14.32188733843410
1 25986U 99065G   16030.90878388 +.00000174 +00000-0 +11576-3 0  9995,2 25986 045.0420 004.0596 0004895 259.5175 100.5120 14.32189181843542
1 25986U 99065G   16031.32731996  .00000195  00000-0  12359-3 0  9998,2 25986  45.0420   2.0954 0004881 261.3707  98.6587 14.32189519843577
1 25986U 99065G   16031.95512381 +.00000222 +00000-0 +13354-3 0  9999,2 25986 045.0420 359.1488 0004874 264.1085 095.9206 14.32190017843693
1 25986U 99065G   16032.86195118  .00000271  00000-0  15130-3 0  9993,2 25986  45.0421 354.8927 0004856 268.0849  91.9442 14.32190847843795
1 25986U 99065G   16032.93170721 +.00000232 +00000-0 +13700-3 0  9992,2 25986 045.0421 354.5653 0004857 268.3168 091.7122 14.32190660843837
1 25986U 99065G   16033.90829011  .00000249  00000-0  14332-3 0  9993,2 25986  45.0421 349.9820 0004840 272.3915  87.6377 14.32191439843941
1 25986U 99065G   16034.88487250 +.00000240 +00000-0 +14000-3 0  9999,2 25986 045.0420 345.3986 0004805 276.5278 083.5021 14.32192163844118
1 25986U 99065G   16035.16389608  .00000201  00000-0  12569-3 0  9994,2 25986  45.0420 344.0892 0004794 277.6648  82.3654 14.32192158844124
1 25986U 99065G   16035.86145446 +.00000213 +00000-0 +12994-3 0  9996,2 25986 045.0420 340.8153 0004772 280.6429 079.3880 14.32192829844251
1 25986U 99065G   16036.27998942  .00000216  00000-0  13121-3 0  9995,2 25986  45.0420 338.8511 0004751 282.4336  77.5979 14.32193230844289
1 25986U 99065G   16036.90779156 +.00000230 +00000-0 +13641-3 0  9992,2 25986 045.0420 335.9045 0004731 285.0256 075.0066 14.32193879844400
1 25986U 99065G   16037.88437243  .00000243  00000-0  14123-3 0  9998,2 25986  45.0419 331.3211 0004691 289.1484  70.8854 14.32194793844512
1 25986U 99065G   16038.86095255 +.00000305 +00000-0 +16390-3 0  9997,2 25986 045.0418 326.7376 0004641 293.3448 066.6910 14.32196004844684
1 25986U 99065G   16039.20973085  .00000341  00000-0  17725-3 0  9995,2 25986  45.0418 325.1007 0004615 294.9216  65.1151 14.32196570844701
1 25986U 99065G   16039.90728724 +.00000361 +00000-0 +18462-3 0  9991,2 25986 045.0417 321.8267 0004582 297.7552 062.2830 14.32197384844838
1 25986U 99065G   16040.81410997  .00000443  00000-0  21458-3 0  9993,2 25986  45.0416 317.5706 0004528 301.6586  58.3818 14.32198774844936
1 25986U 99065G   16041.79068749 +.00000459 +00000-0 +22051-3 0  9992,2 25986 045.0415 312.9870 0004463 305.9655 054.0777 14.32199986845101
1 25986U 99065G   16042.13946508  .00000417  00000-0  20532-3 0  9995,2 25986  45.0415 311.3501 0004426 307.6054  52.4390 14.32200180845120
1 25986U 99065G   16042.90677483 +.00000500 +00000-0 +23583-3 0  9995,2 25986 045.0414 307.7487 0004372 310.8680 049.1788 14.32201684845261
1 25986U 99065G   16043.18579650  .00000509  00000-0  23880-3 0  9992,2 25986  45.0413 306.4392 0004352 312.1192  47.9285 14.32202108845273
1 25986U 99065G   16043.88335034 +.00000477 +00000-0 +22733-3 0  9995,2 25986 045.0412 303.1652 0004295 315.1508 044.8991 14.32202927845409
1 25986U 99065G   16044.16238779  .00000675  00000-0  30012-3 0  9994,2 25986  45.0412 301.8558 0004207 315.5861  44.4647 14.32184563845418
1 25986U 99065G   16044.85995035 +.00000425 +00000-0 +20822-3 0  9996,2 25986 045.0411 298.5818 0004131 318.6978 041.3555 14.32185159845547
1 25986U 99065G   16045.83653689  .00000502  00000-0  23639-3 0  9996,2 25986  45.0409 293.9983 0004058 322.9216  37.1349 14.32186979845654
1 25986U 99065G   16045.90629309 +.00000471 +00000-0 +22507-3 0  9994,2 25986 045.0409 293.6710 0004051 323.2824 036.7745 14.32186889845690
1 25986U 99065G   16046.88287906 +.00000405 +00000-0 +20082-3 0  9998,2 25986 045.0407 289.0875 0003965 327.7200 032.3404 14.32187810845834
1 25986U 99065G   16047.09214742  .00000401  00000-0  19939-3 0  9995,2 25986  45.0407 288.1054 0003947 328.7498  31.3113 14.32188045845830
1 25986U 99065G   16047.85946384 +.00000561 +00000-0 +25819-3 0  9994,2 25986 045.0405 284.5039 0003879 332.1485 027.9153 14.32189949845974
1 25986U 99065G   16048.83604798  .00000538  00000-0  24981-3 0  9996,2 25986  45.0403 279.9203 0003788 336.6797  23.3877 14.32191021846087
1 25986U 99065G   16048.90580414 +.00000480 +00000-0 +22832-3 0  9991,2 25986 045.0403 279.5929 0003782 336.9721 023.0955 14.32190735846122
1 25986U 99065G   16049.88238762 +.00000455 +00000-0 +21928-3 0  9992,2 25986 045.0402 275.0093 0003686 341.6262 018.4451 14.32191707846264
1 25986U 99065G   16050.02189949  .00000451  00000-0  21782-3 0  9996,2 25986  45.0401 274.3545 0003680 342.2862  17.7856 14.32191838846259
1 25986U 99065G   16050.92872626 +.00000401 +00000-0 +19914-3 0  9995,2 25986 045.0401 270.0983 0003583 346.7029 013.3723 14.32192582846414
1 25986U 99065G   16051.06823799  .00000395  00000-0  19724-3 0  9999,2 25986  45.0400 269.4434 0003574 347.3878  12.6879 14.32192718846409
1 25986U 99065G   16051.90530839 +.00000301 +00000-0 +16245-3 0  9994,2 25986 045.0399 265.5145 0003480 351.4849 008.5938 14.32193101846555
1 25986U 99065G   16052.53311078  .00000301  00000-0  16254-3 0  9996,2 25986  45.0399 262.5678 0003431 354.5188   5.5621 14.32193782846617
1 25986U 99065G   16052.60286663 +.00000295 +00000-0 +16031-3 0  9990,2 25986 045.0399 262.2404 0003423 354.8656 005.2155 14.32193813846653
1 25986U 99065G   16053.02140140 +.00000246 +00000-0 +14234-3 0  9995,2 25986 045.0398 260.2760 0003377 357.1039 002.9788 14.32194033846712
1 25986U 99065G   16053.99798221  .00000210  00000-0  12890-3 0  9997,2 25986  45.0398 255.6924 0003278   2.0751 358.0108 14.32194836846823
1 25986U 99065G   16054.76529559 +.00000203 +00000-0 +12654-3 0  9999,2 25986 045.0398 252.0909 0003193 005.9975 354.0909 14.32195430846964
1 25986U 99065G   16055.53260848  .00000213  00000-0  13010-3 0  9996,2 25986  45.0397 248.4894 0003122   9.9243 350.1664 14.32196098847045
1 25986U 99065G   16055.67212006 +.00000188 +00000-0 +12105-3 0  9999,2 25986 045.0397 247.8346 0003106 010.7086 349.3826 14.32196032847090
1 25986U 99065G   16055.67212006 +.00000188 +00000-0 +12105-3 0  9999,2 25986 045.0397 247.8346 0003106 010.7086 349.3826 14.32196032847090
1 25986U 99065G   16056.64869999  .00000203  00000-0  12637-3 0  9994,2 25986  45.0396 243.2509 0003039  15.6979 344.3961 14.32196695847203
1 25986U 99065G   16057.83454662  .00000189  00000-0  12141-3 0  9996,2 25986  45.0395 237.6849 0002939  22.3638 337.7336 14.32197216847371
1 25986U 99065G   16057.90430220 +.00000177 +00000-0 +11675-3 0  9996,2 25986 045.0395 237.3576 0002927 022.7701 337.3275 14.32197207847410
1 25986U 99065G   16058.88088108 +.00000206 +00000-0 +12762-3 0  9999,2 25986 045.0395 232.7737 0002811 028.2439 331.8560 14.32197841847554
1 25986U 99065G   16058.95063665  .00000179  00000-0  11776-3 0  9991,2 25986  45.0395 232.4463 0002800  28.7123 331.3877 14.32197754847537
1 25986U 99065G   16059.85745947 +.00000214 +00000-0 +13046-3 0  9993,2 25986 045.0395 228.1899 0002712 033.9200 326.1820 14.32198432847699
1 25986U 99065G   16060.48525959  .00000215  00000-0  13103-3 0  9998,2 25986  45.0395 225.2431 0002652  37.6401 322.4631 14.32198826847759
1 25986U 99065G   16060.83403745 +.00000172 +00000-0 +11489-3 0  9992,2 25986 045.0395 223.6061 0002619 039.8479 320.2559 14.32198806847834
1 25986U 99065G   16061.81061492  .00000190  00000-0  12182-3 0  9991,2 25986  45.0396 219.0224 0002535  45.7179 314.3875 14.32199570847941
1 25986U 99065G   16062.78719192 +.00000169 +00000-0 +11376-3 0  9995,2 25986 045.0398 214.4387 0002465 051.9327 308.1741 14.32200142848119
1 25986U 99065G   16063.41499109  .00000177  00000-0  11696-3 0  9993,2 25986  45.0398 211.4920 0002414  55.8819 304.2257 14.32200633848172
1 25986U 99065G   16063.83352359 +.00000198 +00000-0 +12447-3 0  9992,2 25986 045.0399 209.5277 0002395 058.8052 301.3029 14.32201108848269
1 25986U 99065G   16064.46132221  .00000257  00000-0  14647-3 0  9996,2 25986  45.0400 206.5809 0002352  62.8787 297.2299 14.32201920848324
1 25986U 99065G   16064.74034378 +.00000261 +00000-0 +14766-3 0  9998,2 25986 045.0400 205.2714 0002332 064.7101 295.3986 14.32202151848390
1 25986U 99065G   16065.50765281  .00000299  00000-0  16176-3 0  9995,2 25986  45.0401 201.6700 0002285  69.8577 290.2515 14.32202946848479
1 25986U 99065G   16065.85642926 +.00000305 +00000-0 +16381-3 0  9999,2 25986 045.0400 200.0330 0002261 072.3035 287.8058 14.32203317848558
1 25986U 99065G   16066.55398212  .00000400  00000-0  19887-3 0  9993,2 25986  45.0401 196.7589 0002222  77.1989 282.9105 14.32204439848627
1 25986U 99065G   16067.67006542  .00000494  00000-0  23347-3 0  9998,2 25986  45.0400 191.5205 0002182  84.8829 275.2266 14.32206156848785
1 25986U 99065G   16068.64663721 +.00000491 +00000-0 +23242-3 0  9995,2 25986 045.0400 186.9368 0002160 091.9548 268.1546 14.32207355848959
1 25986U 99065G   16069.13492272  .00000464  00000-0  22236-3 0  9993,2 25986  45.0400 184.6449 0002145  95.5137 264.5954 14.32207858848996
1 25986U 99065G   16069.48369794 +.00000485 +00000-0 +23021-3 0  9999,2 25986 045.0400 183.0078 0002141 098.1563 261.9526 14.32208450849070
1 25986U 99065G   16070.46026793  .00000476  00000-0  22695-3 0  9994,2 25986  45.0401 178.4241 0002132 105.2819 254.8263 14.32209783849186
1 25986U 99065G   16070.59977788 +.00000482 +00000-0 +22896-3 0  9997,2 25986 045.0401 177.7694 0002132 106.1845 253.9236 14.32210003849232
1 25986U 99065G   16071.50659192  .00000467  00000-0  22355-3 0  9998,2 25986  45.0402 173.5132 0002129 112.6329 247.4743 14.32211247849332
1 25986U 99065G   16071.71585655 +.00000494 +00000-0 +23341-3 0  9999,2 25986 045.0402 172.5311 0002130 113.7319 246.3751 14.32211714849395
1 25986U 99065G   16072.69242430  .00000486  00000-0  23049-3 0  9994,2 25986  45.0403 167.9476 0002133 120.7534 239.3522 14.32213104849502
1 25986U 99065G   16073.66899152 +.00000465 +00000-0 +22268-3 0  9990,2 25986 045.0404 163.3640 0002142 127.5822 232.5219 14.32214234849672
1 25986U 99065G   16074.15727478  .00000401  00000-0  19906-3 0  9991,2 25986  45.0405 161.0722 0002149 131.1065 228.9968 14.32214475849718
1 25986U 99065G   16074.64555800 +.00000397 +00000-0 +19781-3 0  9998,2 25986 045.0404 158.7804 0002170 134.5570 225.5454 14.32214987849815
1 25986U 99065G   16075.20359539  .00000487  00000-0  23101-3 0  9993,2 25986  45.0404 156.1612 0002184 138.4467 221.6546 14.32216135849868
1 25986U 99065G   16075.69187828 +.00000436 +00000-0 +21203-3 0  9991,2 25986 045.0404 153.8695 0002205 141.7316 218.3687 14.32216348849963
1 25986U 99065G   16076.45917918  .00000465  00000-0  22263-3 0  9996,2 25986  45.0403 150.2680 0002242 146.8542 213.2445 14.32217359850045
1 25986U 99065G   16076.66844325 +.00000418 +00000-0 +20560-3 0  9996,2 25986 045.0403 149.2859 0002240 148.2169 211.8813 14.32217267850108
1 25986U 99065G   16077.50549828  .00000385  00000-0  19327-3 0  9992,2 25986  45.0402 145.3570 0002281 153.5243 206.5720 14.32217980850190
1 25986U 99065G   16077.64500739 +.00000383 +00000-0 +19243-3 0  9990,2 25986 045.0402 144.7022 0002286 154.3458 205.7502 14.32218124850243
1 25986U 99065G   16078.62157098  .00000339  00000-0  17658-3 0  9994,2 25986  45.0401 140.1185 0002334 160.3097 199.7840 14.32218901850354
1 25986U 99065G   16079.59813382 +.00000296 +00000-0 +16065-3 0  9999,2 25986 045.0400 135.5347 0002387 166.0758 194.0155 14.32219700850520
1 25986U 99065G   16080.15616939  .00000291  00000-0  15877-3 0  9997,2 25986  45.0400 132.9153 0002415 169.4784 190.6113 14.32220254850571
1 25986U 99065G   16080.50494170 +.00000292 +00000-0 +15927-3 0  9994,2 25986 045.0400 131.2783 0002437 171.3255 188.7634 14.32220583850651
1 25986U 99065G   16081.48150333  .00000295  00000-0  16004-3 0  9992,2 25986  45.0400 126.6945 0002491 176.8618 183.2244 14.32221572850760
1 25986U 99065G   16081.55125771 +.00000295 +00000-0 +16015-3 0  9990,2 25986 045.0400 126.3671 0002496 177.2154 182.8707 14.32221642850776
1 25986U 99065G   16082.52781875 +.00000280 +00000-0 +15469-3 0  9997,2 25986 045.0400 121.7833 0002552 182.5217 177.5617 14.32222457850942
1 25986U 99065G   16083.15560765  .00000278  00000-0  15395-3 0  9995,2 25986  45.0400 118.8365 0002590 185.9373 174.1443 14.32222993851004
1 25986U 99065G   16084.48093882  .00000348  00000-0  17985-3 0  9998,2 25986  45.0400 112.6158 0002665 192.5214 167.5567 14.32224547851197
1 25986U 99065G   16085.52725219  .00000309  00000-0  16536-3 0  9998,2 25986  45.0400 107.7046 0002731 197.5290 162.5462 14.32225264851344
