1 25980U 99065A   14365.24260575  .00000939  00000-0  40210-3 0  9994,2 25980 045.0335 057.3650 0002444 142.4633 266.9335 14.31544931786818
1 25980U 99065A   15001.58995543  .00000792  00000-0  34732-3 0  9998,2 25980 045.0335 051.0471 0002496 149.7069 010.0320 14.31548060787001
1 25980U 99065A   15003.38896424  .00000581  00000-0  26881-3 0  9998,2 25980 045.0335 042.6112 0002587 158.8684 281.1216 14.31553701787265
1 25980U 99065A   15004.52006109  .00000599  00000-0  27534-3 0  9993,2 25980 045.0336 037.3073 0002661 164.2915 350.5195 14.31555974787423
1 25980U 99065A   15005.56343485  .00000757  00000-0  33448-3 0  9996,2 25980 045.0337 032.4147 0002711 169.1486 327.9777 14.31557274787570
1 25980U 99065A   15007.51717060  .00000873  00000-0  37770-3 0  9998,2 25980 045.0338 023.2533 0002824 177.8347 317.7930 14.31562830787858
1 25980U 99065A   15009.17453113  .00001134  00000-0  47470-3 0  9997,2 25980 045.0339 015.4815 0002895 184.7635 220.5180 14.31568152788098
1 25980U 99065A   15010.45331205  .00001112  00000-0  46631-3 0  9991,2 25980 045.0339 009.4851 0002943 190.0199 331.9953 14.31570680788274
1 25980U 99065A   15012.33514765  .00000838  00000-0  36432-3 0  9996,2 25980 045.0339 000.6607 0003001 197.3356 312.3584 14.31578232788541
1 25980U 99065A   15013.38295124  .00000778  00000-0  34212-3 0  9994,2 25980 045.0339 355.7473 0003045 201.4188 313.5185 14.31581921788699
1 25980U 99065A   15014.89258749  .00000705  00000-0  31496-3 0  9994,2 25980 045.0339 348.6681 0003102 207.1080 175.5273 14.31586794788911
1 25980U 99065A   15016.31369171  .00000883  00000-0  38098-3 0  9997,2 25980 045.0338 342.0042 0003136 212.4163 301.2401 14.31588798789117
1 25980U 99065A   15017.48832332  .00000721  00000-0  32060-3 0  9994,2 25980 045.0337 336.4960 0003148 216.5735 236.6379 14.31591365789282
1 25980U 99065A   15018.87191214  .00000585  00000-0  26989-3 0  9996,2 25980 045.0335 330.0078 0003196 221.4025 169.3214 14.31592427789482
1 25980U 99065A   15020.29256322  .00000670  00000-0  30153-3 0  9990,2 25980 045.0332 323.3459 0003206 226.5528 292.8802 14.31594815789683
1 25980U 99065A   15021.39469022  .00000560  00000-0  26090-3 0  9998,2 25980 045.0331 318.1776 0003221 230.4876 214.4906 14.31597258789840
1 25980U 99065A   15023.22253616  .00000380  00000-0  19377-3 0  9992,2 25980 045.0328 309.6061 0003193 236.6695 277.6449 14.31601183790100
1 25980U 99065A   15024.26588692  .00000335  00000-0  17691-3 0  9999,2 25980 045.0326 304.7133 0003161 240.0872 256.5903 14.31602093790253
1 25980U 99065A   15025.78157374  .00000393  00000-0  19852-3 0  9991,2 25980 045.0324 297.6053 0003140 244.9565 150.7500 14.31602968790474
1 25980U 99065A   15026.97422729  .00000573  00000-0  26566-3 0  9992,2 25980 045.0322 292.0124 0003100 248.7985 179.4974 14.31604536790649
1 25980U 99065A   15028.30435343  .00000615  00000-0  28128-3 0  9990,2 25980 045.0319 285.7748 0003082 253.3234 196.7507 14.31607307790838
1 25980U 99065A   15030.88054037  .00000649  00000-0  29368-3 0  9997,2 25980 045.0314 273.6934 0002991 261.5557 158.4355 14.31613769791200
1 25980U 99065A   15032.21083520  .00000644  00000-0  29183-3 0  9995,2 25980 045.0313 267.4547 0002946 265.8535 176.8220 14.31619156791394
1 25980U 99065A   15034.10522146  .00000625  00000-0  28478-3 0  9992,2 25980 045.0312 258.5703 0002864 271.7415 223.6799 14.31624270791665
1 25980U 99065A   15035.21518722  .00000723  00000-0  32134-3 0  9993,2 25980 045.0312 253.3646 0002829 275.4038 186.1202 14.31625716791823
1 25980U 99065A   15037.04069954  .00000917  00000-0  39345-3 0  9990,2 25980 045.0311 244.8031 0002752 281.5838 237.4273 14.31629627792088
1 25980U 99065A   15038.55046524  .00000899  00000-0  38657-3 0  9999,2 25980 045.0312 237.7223 0002675 286.2563 101.3769 14.31633698792301
1 25980U 99065A   15039.89809634  .00000735  00000-0  32557-3 0  9998,2 25980 045.0312 231.4019 0002599 289.8836 209.9658 14.31637733792498
1 25980U 99065A   15040.94775078  .00000740  00000-0  32736-3 0  9995,2 25980 045.0313 226.4790 0002549 293.0695 221.7946 14.31641349792641
1 25980U 99065A   15041.99113962  .00000724  00000-0  32145-3 0  9995,2 25980 045.0314 221.5855 0002496 296.1453 201.4257 14.31643731792790
1 25980U 99065A   15043.64949146  .00000689  00000-0  30864-3 0  9996,2 25980 045.0317 213.8076 0002396 302.5115 110.3053 14.31646772793036
1 25980U 99065A   15044.99481706  .00000545  00000-0  25491-3 0  9999,2 25980 045.0319 207.4980 0002305 307.3496 205.8632 14.31648622793226
1 25980U 99065A   15045.97102931  .00000819  00000-0  35712-3 0  9999,2 25980 045.0319 202.9197 0002560 310.9117 198.4317 14.31588950793368
1 25980U 99065A   15047.48643206  .00000788  00000-0  34557-3 0  9993,2 25980 045.0321 195.8130 0002431 316.8272 090.0029 14.31591492793588
1 25980U 99065A   15048.53238687  .00000685  00000-0  30725-3 0  9992,2 25980 045.0320 190.9080 0002395 317.8998 084.6885 14.31596462793730
1 25980U 99065A   15049.73663970  .00000734  00000-0  32572-3 0  9999,2 25980 045.0323 185.2613 0002564 324.6967 170.1268 14.31540212793909
1 25980U 99065A   15050.61775185 -.00008903  00000-0  00000+0 0  9994,2 25980 045.0271 181.1163 0002880 329.9339 030.1822 14.31551391794034
1 25980U 99065A   15050.85423323  .00000601  00000-0  27667-3 0  9992,2 25980 045.0320 180.0207 0002707 329.7713 170.0610 14.31506433794067
1 25980U 99065A   15052.52088755  .00000132  00000-0  10148-3 0  9999,2 25980 045.0321 172.2063 0002569 339.9881 117.0912 14.31507653794304
1 25980U 99065A   15053.64616700  .00000211  00000-0  13104-3 0  9993,2 25980 045.0322 166.9301 0002510 343.9442 157.7803 14.31510327794463
1 25980U 99065A   15055.16793399  .00000840  00000-0  36576-3 0  9998,2 25980 045.0322 159.7945 0002358 351.3639 080.2556 14.31513450794687
1 25980U 99065A   15056.27932667  .00000651  00000-0  29497-3 0  9998,2 25980 045.0323 154.5823 0002288 357.1936 047.4513 14.31516052794849
1 25980U 99065A   15057.54277223  .00000736  00000-0  32661-3 0  9990,2 25980 045.0323 148.6583 0002248 000.3562 081.6781 14.31518285795022
1 25980U 99065A   15058.60078373  .00000822  00000-0  35892-3 0  9998,2 25980 045.0328 143.6895 0002451 007.2770 132.4416 14.31520724795178
1 25980U 99065A   15059.65054868  .00000825  00000-0  35993-3 0  9992,2 25980 045.0327 138.7671 0002380 012.0424 142.8259 14.31522719795328
1 25980U 99065A   15061.23311855  .00001048  00000-0  44301-3 0  9992,2 25980 045.0325 131.3463 0002248 019.4292 019.0529 14.31527314795557
1 25980U 99065A   15062.57306932  .00001124  00000-0  47149-3 0  9998,2 25980 045.0325 125.0632 0002160 026.4902 084.0830 14.31530819795746
1 25980U 99065A   15063.63074781  .00001063  00000-0  44862-3 0  9991,2 25980 045.0324 120.1036 0002100 032.0749 134.5081 14.31533055795895
1 25980U 99065A   15065.21295052  .00000891  00000-0  38431-3 0  9996,2 25980 045.0325 112.6844 0002002 040.7314 007.6238 14.31535970796123
1 25980U 99065A   15066.56024542  .00000978  00000-0  41695-3 0  9991,2 25980 045.0326 106.3669 0001941 048.7560 109.6219 14.31539803796313
1 25980U 99065A   15068.22098006  .00001066  00000-0  44945-3 0  9992,2 25980 045.0326 098.5794 0001878 058.9164 026.3839 14.31544164796551
1 25980U 99065A   15069.48310141  .00000957  00000-0  40903-3 0  9996,2 25980 045.0326 092.6610 0001827 067.2901 048.6946 14.31546411796732
1 25980U 99065A   15071.15044630  .00000899  00000-0  38718-3 0  9996,2 25980 045.0326 084.8421 0001786 078.2416 358.8005 14.31549722796978
1 25980U 99065A   15072.20066630  .00000865  00000-0  37448-3 0  9999,2 25980 045.0326 079.9172 0001777 085.7122 008.9397 14.31551947797120
1 25980U 99065A   15073.46383682  .00000836  00000-0  36374-3 0  9992,2 25980 045.0327 073.9938 0001787 093.9843 036.8021 14.31554516797306
1 25980U 99065A   15075.20399380  .00000743  00000-0  32905-3 0  9991,2 25980 045.0330 065.8336 0001811 105.1752 002.3208 14.31557362797559
1 25980U 99065A   15076.40292426  .00000717  00000-0  31933-3 0  9998,2 25980 045.0331 060.2115 0001851 112.5657 059.7010 14.31559436797724
1 25980U 99065A   15077.44412524  .00001239  00000-0  51394-3 0  9999,2 25980 045.0332 055.3291 0001887 119.1413 024.2625 14.31565166797879
1 25980U 99065A   15079.39680807  .00001173  00000-0  48867-3 0  9994,2 25980 045.0335 046.1722 0001716 131.4290 005.1718 14.31624884798156
1 25980U 99065A   15079.85887868  .00001036  00000-0  38533-3 0  9998,2 25980 045.0321 044.0080 0002055 140.4660 219.6810 14.31569627798229
1 25980U 99065A   15079.93131375  .00000837  00000-0  36332-3 0  9995,2 25980 045.0251 043.6659 0003393 106.6899 267.3623 14.31654908798232
1 25980U 99065A   15081.12853188  .00000810  00000-0  35348-3 0  9999,2 25980 045.0337 038.0505 0001656 141.8036 288.6170 14.31664011798407
1 25980U 99065A   15082.17780242  .00000802  00000-0  35026-3 0  9999,2 25980 045.0338 033.1292 0001724 148.1768 295.3920 14.31666729798557
1 25980U 99065A   15083.30966419  .00000857  00000-0  37067-3 0  9994,2 25980 045.0340 027.8203 0001856 154.1458 008.6687 14.31670372798713
1 25980U 99065A   15084.21357447  .00000894  00000-0  38405-3 0  9998,2 25980 045.0347 023.5808 0001585 153.8014 352.3359 14.31726149798840
1 25980U 99065A   15085.26244719  .00000788  00000-0  34492-3 0  9995,2 25980 045.0342 018.6614 0001748 164.0898 353.3804 14.31730696798994
1 25980U 99065A   15086.62750299  .00011911  00000-0  44113-2 0  9991,2 25980 045.0366 012.2543 0002169 194.1401 165.9863 14.31763711799192
1 25980U 99065A   15086.62752273  .00009584  00000-0  35514-2 0  9993,2 25980 045.0309 012.2631 0001544 176.3061 183.8275 14.31739501799193
1 25980U 99065A   15086.76704828  .00011361  00000-0  42065-2 0  9996,2 25980 045.0360 011.6088 0002215 177.9963 182.1370 14.31775964799217
1 25980U 99065A   15086.83684659  .00009666  00000-0  35799-2 0  9994,2 25980 045.0315 011.2751 0001952 172.5379 187.5974 14.31762118799226
1 25980U 99065A   15087.21576538  .00000923  00000-0  39496-3 0  9999,2 25980 045.0341 009.4994 0001907 172.5962 342.4469 14.31737581799273
1 25980U 99065A   15088.25892598  .00000979  00000-0  41558-3 0  9994,2 25980 045.0343 004.6069 0001992 176.8710 320.0759 14.31741197799426
1 25980U 99065A   15089.77451583  .00001040  00000-0  43801-3 0  9990,2 25980 045.0341 357.4981 0002067 183.1282 213.1146 14.31746705799641
1 25980U 99065A   15090.83430744  .00000770  00000-0  33795-3 0  9995,2 25980 045.0341 352.5267 0002199 188.1507 275.8259 14.31748236799792
1 25980U 99065A   15090.83430744  .00000770  00000-0  33795-3 0  9995,2 25980 045.0341 352.5267 0002199 188.1507 275.8259 14.31748236799792
1 25980U 99065A   15092.10143498  .00000970  00000-0  41229-3 0  9997,2 25980 045.0339 346.5834 0002269 193.3498 328.0717 14.31751417799972
1 25980U 99065A   15092.83770954  .00001265  00000-0  52175-3 0  9990,2 25980 045.0355 343.1268 0002375 199.4025 160.6775 14.31755601800072
1 25980U 99065A   15094.12427685  .00000213  00000-0  13121-3 0  9994,2 25980 045.0340 337.0946 0002502 200.7893 317.0684 14.31759887800260
1 25980U 99065A   15095.16792844  .00000203  00000-0  12737-3 0  9992,2 25980 045.0339 332.1992 0002589 204.7384 297.6346 14.31761356800418
1 25980U 99065A   15096.82589645  .00000186  00000-0  12107-3 0  9990,2 25980 045.0338 324.4223 0002692 210.9388 205.4094 14.31764405800657
1 25980U 99065A   15098.09736007  .00000169  00000-0  11499-3 0  9991,2 25980 045.0339 318.4576 0002815 215.3270 280.9127 14.31767300800830
1 25980U 99065A   15099.61271211  .00000573  00000-0  26467-3 0  9991,2 25980 045.0334 311.3499 0002885 220.7498 173.6892 14.31768984801051
1 25980U 99065A   15100.67446883  .00000640  00000-0  28950-3 0  9993,2 25980 045.0333 306.3693 0002956 224.6190 247.7867 14.31771506801207
1 25980U 99065A   15101.78167655  .00000774  00000-0  33934-3 0  9999,2 25980 045.0332 301.1754 0003024 228.7628 196.1153 14.31774470801360
1 25980U 99065A   15102.83152490  .00000842  00000-0  36429-3 0  9995,2 25980 045.0331 296.2503 0003097 232.2851 209.1352 14.31776860801511
1 25980U 99065A   15103.95631623  .00000833  00000-0  36096-3 0  9999,2 25980 045.0331 290.9738 0003174 235.8889 248.7418 14.31779117801675
1 25980U 99065A   15105.54521611  .00001112  00000-0  46435-3 0  9990,2 25980 045.0330 283.5200 0003293 241.1715 161.1949 14.31784071801904
1 25980U 99065A   15106.81101735  .00001239  00000-0  51166-3 0  9999,2 25980 045.0329 277.5820 0003349 245.6925 207.4457 14.31788177802086
1 25980U 99065A   15107.86806606  .00001201  00000-0  49729-3 0  9995,2 25980 045.0329 272.6233 0003418 248.9899 257.8942 14.31790959802239
1 25980U 99065A   15108.98524074  .00001351  00000-0  55301-3 0  9994,2 25980 045.0328 267.3827 0003458 253.1776 257.6803 14.31795049802390
1 25980U 99065A   15110.51247197  .00001324  00000-0  54312-3 0  9995,2 25980 045.0328 260.2180 0003528 258.2736 212.2354 14.31799674802615
1 25980U 99065A   15111.84758780  .00001732  00000-0  69419-3 0  9994,2 25980 045.0329 253.9547 0003550 263.4834 255.4983 14.31806470802805
1 25980U 99065A   15112.89111837  .00001735  00000-0  69527-3 0  9999,2 25980 045.0329 249.0589 0003587 266.8932 236.1519 14.31809854802959
1 25980U 99065A   15114.49137929  .00001657  00000-0  66614-3 0  9994,2 25980 045.0329 241.5517 0003636 272.5180 207.0513 14.31814781803183
1 25980U 99065A   15115.82029850  .00001367  00000-0  55879-3 0  9994,2 25980 045.0329 235.3178 0003668 277.3615 218.7708 14.31817819803379
1 25980U 99065A   15117.47843819  .00000952  00000-0  40492-3 0  9990,2 25980 045.0329 227.5392 0003687 283.2155 128.1194 14.31821054803612
1 25980U 99065A   15118.75648432  .00000780  00000-0  34128-3 0  9994,2 25980 045.0328 221.5436 0003668 287.8353 237.6162 14.31823715803799
1 25980U 99065A   15120.48102063  .00000591  00000-0  27114-3 0  9999,2 25980 045.0327 213.4537 0003670 294.1390 129.1222 14.31826481804049
1 25980U 99065A   15120.48102063  .00000591  00000-0  27114-3 0  9999,2 25980 045.0327 213.4537 0003670 294.1390 129.1222 14.31826481804049
1 25980U 99065A   15122.21892023  .00000558  00000-0  25902-3 0  9990,2 25980 045.0325 205.3006 0003644 300.3743 089.6612 14.31829247804294
1 25980U 99065A   15123.48388892  .00000538  00000-0  25147-3 0  9993,2 25980 045.0324 199.3662 0003625 304.8760 131.8343 14.31831048804473
1 25980U 99065A   15124.54118843  .00000561  00000-0  25982-3 0  9991,2 25980 045.0323 194.4059 0003603 308.8628 183.0486 14.31832752804628
1 25980U 99065A   15125.59203711  .00000556  00000-0  25822-3 0  9993,2 25980 045.0323 189.4760 0003575 312.9189 200.9160 14.31834325804779
1 25980U 99065A   15126.64140019  .00000659  00000-0  29625-3 0  9990,2 25980 045.0322 184.5532 0003546 317.1994 210.9023 14.31836636804923
1 25980U 99065A   15128.22310811  .00000641  00000-0  28956-3 0  9992,2 25980 045.0320 177.1326 0003474 323.4891 085.5624 14.31839105805159
1 25980U 99065A   15129.49785808  .00000646  00000-0  29132-3 0  9996,2 25980 045.0319 171.1522 0003429 328.6431 177.5934 14.31841129805331
1 25980U 99065A   15130.54040208  .00000730  00000-0  32234-3 0  9993,2 25980 045.0318 166.2611 0003383 332.9907 152.3531 14.31843312805485
1 25980U 99065A   15132.20685131  .00001150  00000-0  47819-3 0  9990,2 25980 045.0316 158.4427 0003288 340.1601 103.4071 14.31848459805727
1 25980U 99065A   15133.47564501  .00001164  00000-0  48308-3 0  9996,2 25980 045.0315 152.4900 0003221 345.9652 164.0956 14.31851093805905
1 25980U 99065A   15134.57799925  .00001266  00000-0  52095-3 0  9999,2 25980 045.0316 147.3181 0003144 351.2387 086.5658 14.31854274806068
1 25980U 99065A   15135.62783779  .00001118  00000-0  46606-3 0  9993,2 25980 045.0316 142.3927 0003079 356.2681 098.3277 14.31856135806213
1 25980U 99065A   15137.15310037  .00001030  00000-0  43367-3 0  9990,2 25980 045.0318 135.2367 0003006 003.9673 040.4541 14.31859563806435
1 25980U 99065A   15138.42509063  .00000836  00000-0  36158-3 0  9993,2 25980 045.0319 129.2690 0002919 010.6330 116.8293 14.31861534806618
1 25980U 99065A   15139.60690087  .00000806  00000-0  35046-3 0  9993,2 25980 045.0320 123.7244 0002843 016.9251 088.2925 14.31864075806786
1 25980U 99065A   15141.13266498  .00000681  00000-0  30437-3 0  9999,2 25980 045.0321 116.5660 0002762 025.7416 031.9303 14.31866285807006
1 25980U 99065A   15142.19095693  .00000669  00000-0  29994-3 0  9995,2 25980 045.0322 111.6008 0002716 032.1403 085.9869 14.31868055807155
1 25980U 99065A   15143.38033714  .00000504  00000-0  23872-3 0  9990,2 25980 045.0323 106.0206 0002659 039.6880 095.2766 14.31869194807325
1 25980U 99065A   15145.11169975  .00000378  00000-0  19183-3 0  9991,2 25980 045.0326 097.8975 0002580 050.8261 017.4511 14.31871283807572
1 25980U 99065A   15146.17150104  .00000300  00000-0  16323-3 0  9990,2 25980 045.0329 092.9253 0002556 057.9421 078.5975 14.31872312807722
1 25980U 99065A   15147.29242806  .00000313  00000-0  16812-3 0  9992,2 25980 045.0331 087.6664 0002547 065.4689 094.7280 14.31873706807886
1 25980U 99065A   15148.95941515  .00000381  00000-0  19327-3 0  9998,2 25980 045.0334 079.8455 0002542 076.9550 044.4196 14.31875846808122
1 25980U 99065A   15150.14804866  .00000356  00000-0  18385-3 0  9994,2 25980 045.0334 074.2691 0002566 085.0285 049.3617 14.31876898808293
1 25980U 99065A   15150.14804866  .00000356  00000-0  18385-3 0  9994,2 25980 045.0334 074.2691 0002566 085.0285 049.3617 14.31876898808293
1 25980U 99065A   15151.19840424  .00000381  00000-0  19328-3 0  9996,2 25980 045.0335 069.3413 0002599 092.1968 061.7391 14.31878154808445
1 25980U 99065A   15152.24143815  .00000409  00000-0  20344-3 0  9994,2 25980 045.0335 064.4478 0002636 099.3086 036.3991 14.31879427808598
1 25980U 99065A   15153.35128655  .00000303  00000-0  16426-3 0  9991,2 25980 045.0337 059.2407 0002698 106.8058 355.4246 14.31880226808750
1 25980U 99065A   15155.17720941  .00000366  00000-0  18771-3 0  9993,2 25980 045.0338 050.6742 0002790 118.7768 044.7392 14.31882679809015
1 25980U 99065A   15156.22236781  .00000417  00000-0  20656-3 0  9996,2 25980 045.0339 045.7707 0002865 125.4733 030.7930 14.31884104809166
1 25980U 99065A   15157.26867875  .00000522  00000-0  24513-3 0  9998,2 25980 045.0340 040.8616 0002975 132.3405 022.6293 14.31885875809313
1 25980U 99065A   15158.85469444  .00000672  00000-0  30089-3 0  9995,2 25980 045.0341 033.4207 0003093 141.7275 276.6974 14.31888570809546
1 25980U 99065A   15159.90453380 +.00000821 +00000-0 +35582-3 0  9993,2 25980 045.0342 028.4952 0003191 147.7029 287.6492 14.31890983809144
1 25980U 99065A   15160.12581023  .00000830  00000-0  35940-3 0  9993,2 25980 045.0342 027.4571 0003206 148.8561 348.2321 14.31891418809723
1 25980U 99065A   15160.96228581 +.00000849 +00000-0 +36641-3 0  9991,2 25980 045.0340 023.5326 0003300 153.6362 339.4766 14.31892872809296
1 25980U 99065A   15161.85724285  .00000869  00000-0  37350-3 0  9992,2 25980 045.0340 019.3336 0003394 158.5134 272.3808 14.31894563809970
1 25980U 99065A   15161.93001611 +.00000870 +00000-0 +37414-3 0  9995,2 25980 045.0340 018.9922 0003403 158.8686 287.5200 14.31894714809435
1 25980U 99065A   15162.90635172 +.00000861 +00000-0 +37050-3 0  9994,2 25980 045.0340 014.4114 0003503 164.0517 280.0223 14.31896591809575
1 25980U 99065A   15162.98968436  .00000860  00000-0  37024-3 0  9994,2 25980 045.0340 014.0204 0003512 164.4771 349.5762 14.31896764810132
1 25980U 99065A   15163.96815288 +.00000906 +00000-0 +38732-3 0  9997,2 25980 045.0340 009.4296 0003591 169.6543 353.0977 14.31899040809723
1 25980U 99065A   15164.94057694 +.00000878 +00000-0 +37705-3 0  9992,2 25980 045.0341 004.8673 0003679 174.6569 325.6108 14.31900827809865
1 25980U 99065A   15165.54706317  .00000848  00000-0  36571-3 0  9999,2 25980 045.0341 002.0216 0003747 177.7841 211.8369 14.31901897810507
1 25980U 99065A   15165.91829478 +.00000785 +00000-0 +34237-3 0  9991,2 25980 045.0342 000.2800 0003782 179.5315 325.5745 14.31902277810001
1 25980U 99065A   15166.05759826 +.00000785 +00000-0 +34232-3 0  9991,2 25980 045.0341 359.6263 0003799 180.1785 323.7078 14.31902568810025
1 25980U 99065A   15167.57291727  .00000710  00000-0  31467-3 0  9995,2 25980 045.0405 352.5235 0003195 214.7106 187.9487 14.31915433810791
1 25980U 99065A   15168.07060339  .00000700  00000-0  31083-3 0  9997,2 25980 045.0342 350.1816 0004014 188.8022 261.8877 14.31922123810866
1 25980U 99065A   15168.90654140 +.00000639 +00000-0 +28818-3 0  9991,2 25980 045.0343 346.2595 0004078 192.5942 251.4419 14.31923373810438
1 25980U 99065A   15169.45522701  .00000554  00000-0  25702-3 0  9994,2 25980 045.0341 343.6850 0004123 195.1325 200.0625 14.31923990811060
1 25980U 99065A   15169.52563976 +.00000523 +00000-0 +24528-3 0  9992,2 25980 045.0340 343.3547 0004142 195.4098 203.1072 14.31923934810528
1 25980U 99065A   15170.50463069  .00000446  00000-0  21709-3 0  9996,2 25980 045.0339 338.7611 0004258 200.1558 209.8521 14.31925197811211
1 25980U 99065A   15171.85037635  .00000364  00000-0  18663-3 0  9995,2 25980 045.0339 332.4468 0004423 206.1104 307.8117 14.31926748811403
1 25980U 99065A   15172.96604598  .00000315  00000-0  16850-3 0  9998,2 25980 045.0339 327.2120 0004510 211.1726 299.4982 14.31927884811568
1 25980U 99065A   15174.48076951  .00000365  00000-0  18701-3 0  9995,2 25980 045.0340 320.1047 0004651 217.9893 188.5206 14.31930025811787
1 25980U 99065A   15175.75473461  .00000486  00000-0  23149-3 0  9999,2 25980 045.0340 314.1272 0004764 223.6743 276.3929 14.31932302811961
1 25980U 99065A   15176.80409149  .00000393  00000-0  19732-3 0  9998,2 25980 045.0340 309.2036 0004856 228.1217 286.5469 14.31933080812116
1 25980U 99065A   15178.46470257  .00000310  00000-0  16648-3 0  9992,2 25980 045.0339 301.4121 0005028 235.2173 208.0875 14.31934721812354
1 25980U 99065A   15179.73412499  .00000232  00000-0  13763-3 0  9995,2 25980 045.0337 295.4560 0005084 240.5142 272.9285 14.31935922812537
1 25980U 99065A   15181.54009005  .00000135  00000-0  10170-3 0  9993,2 25980 045.0335 286.9824 0005196 248.3413 223.7712 14.31937320812795
1 25980U 99065A   15182.73567102  .00000138  00000-0  10311-3 0  9992,2 25980 045.0334 281.3725 0005251 253.1301 268.1725 14.31938363812969
1 25980U 99065A   15184.11297626  .00000156  00000-0  10954-3 0  9990,2 25980 045.0334 274.9101 0005321 258.8529 169.2703 14.31939392813160
1 25980U 99065A   15185.22053125  .00000257  00000-0  14690-3 0  9990,2 25980 045.0333 269.7133 0005357 263.4465 119.6036 14.31940600813326
1 25980U 99065A   15186.48655485  .00000449  00000-0  21792-3 0  9990,2 25980 045.0331 263.7731 0005392 268.5810 167.0948 14.31942705813508
1 25980U 99065A   15187.54407821  .00000349  00000-0  18082-3 0  9994,2 25980 045.0329 258.8111 0005420 272.9494 219.5031 14.31943112813656
1 25980U 99065A   15188.59470164  .00000355  00000-0  18327-3 0  9999,2 25980 045.0327 253.8815 0005434 277.3268 236.3042 14.31944231813802
1 25980U 99065A   15190.17916791  .00000450  00000-0  21822-3 0  9997,2 25980 045.0325 246.4468 0005453 284.0069 125.4204 14.31946513814036
1 25980U 99065A   15191.52240723  .00000270  00000-0  15169-3 0  9999,2 25980 045.0322 240.1441 0005458 289.7048 210.8023 14.31947035814228
1 25980U 99065A   15192.57246227  .00000446  00000-0  21684-3 0  9994,2 25980 045.0320 235.2168 0005458 294.1619 224.6088 14.31949194814379
1 25980U 99065A   15194.15533421  .00000433  00000-0  21189-3 0  9991,2 25980 045.0319 227.7893 0005432 300.8387 105.5254 14.31950638814600
1 25980U 99065A   15195.50195686  .00000478  00000-0  22877-3 0  9992,2 25980 045.0318 221.4704 0005387 306.6900 208.2360 14.31952416814790
1 25980U 99065A   15196.54474178  .00000390  00000-0  19602-3 0  9998,2 25980 045.0318 216.5773 0005351 311.2865 184.4042 14.31953082814943
1 25980U 99065A   15198.13792067  .00000233  00000-0  13796-3 0  9999,2 25980 045.0317 209.1015 0005281 318.3104 118.1842 14.31954124815171
1 25980U 99065A   15199.48058191  .00000188  00000-0  12158-3 0  9991,2 25980 045.0317 202.8015 0005233 324.7813 199.8508 14.31955286815362
1 25980U 99065A   15201.13150690  .00000107  00000-0  91613-4 0  9999,2 25980 045.0317 195.0546 0005142 332.3330 071.0846 14.31956205815607
1 25980U 99065A   15202.40914932  .00000130  00000-0  99908-4 0  9998,2 25980 045.0317 189.0594 0005060 338.3523 177.7134 14.31957095815783
1 25980U 99065A   15203.45292036  .00000139  00000-0  10323-3 0  9990,2 25980 045.0318 184.1616 0004989 343.4001 158.5374 14.31957703815938
1 25980U 99065A   15205.11038522  .00000163  00000-0  11214-3 0  9990,2 25980 045.0319 176.3840 0004867 351.5747 062.9091 14.31958849816176
1 25980U 99065A   15206.16014991  .00000126  00000-0  98453-4 0  9990,2 25980 045.0320 171.4581 0004786 356.9708 074.3204 14.31959427816325
1 25980U 99065A   15207.36473310  .00000107  00000-0  91658-4 0  9996,2 25980 045.0321 165.8057 0004712 003.5065 163.4624 14.31960292816497
1 25980U 99065A   15209.16178248  .00000101  00000-0  89197-4 0  9997,2 25980 045.0324 157.3734 0004583 012.9069 066.8857 14.31961687816754
1 25980U 99065A   15210.29327044  .00000170  00000-0  11478-3 0  9995,2 25980 045.0325 152.0641 0004511 019.2721 139.0337 14.31962893816914
1 25980U 99065A   15211.33669471  .00000199  00000-0  12569-3 0  9997,2 25980 045.0326 147.1679 0004450 025.2653 117.1449 14.31963742817066
1 25980U 99065A   15212.85217692  .00000289  00000-0  15889-3 0  9997,2 25980 045.0325 140.0567 0004363 034.1196 008.2362 14.31965244817284
1 25980U 99065A   15214.19836236  .00000346  00000-0  17968-3 0  9991,2 25980 045.0326 133.7399 0004298 042.0404 106.6927 14.31966811817476
1 25980U 99065A   15215.24197966  .00000323  00000-0  17150-3 0  9996,2 25980 045.0326 128.8429 0004262 048.5422 085.3063 14.31967697817621
1 25980U 99065A   15216.83026675  .00000287  00000-0  15817-3 0  9997,2 25980 045.0329 121.3902 0004219 057.9987 351.4957 14.31969224817852
1 25980U 99065A   15218.17738686  .00000277  00000-0  15437-3 0  9995,2 25980 045.0330 115.0691 0004184 066.0920 094.6219 14.31970673818047
1 25980U 99065A   15219.35326719  .00000338  00000-0  17704-3 0  9993,2 25980 045.0333 109.5515 0004181 073.7384 034.5936 14.31972280818213
1 25980U 99065A   15220.80515387  .00000335  00000-0  17578-3 0  9992,2 25980 045.0333 102.7384 0004141 083.1272 317.0526 14.31976957818421
1 25980U 99065A   15222.14965049  .00000311  00000-0  16670-3 0  9991,2 25980 045.0331 096.4294 0004214 091.6751 046.2260 14.31978779818616
1 25980U 99065A   15223.80752730  .00000260  00000-0  14787-3 0  9996,2 25980 045.0331 088.6496 0004255 102.0583 310.6392 14.31979985818858
1 25980U 99065A   15224.85721794  .00000224  00000-0  13463-3 0  9998,2 25980 045.0331 083.7240 0004287 108.3638 320.8390 14.31980815819009
1 25980U 99065A   15226.05508443  .00000178  00000-0  11771-3 0  9994,2 25980 045.0331 078.1030 0004360 115.7438 014.5708 14.31981787819173
1 25980U 99065A   15227.10595894  .00000159  00000-0  11068-3 0  9995,2 25980 045.0332 073.1716 0004426 122.2090 030.7266 14.31982643819328
1 25980U 99065A   15228.54658113  .00000295  00000-0  16097-3 0  9996,2 25980 045.0333 066.4116 0004510 130.8963 255.8049 14.31984597819538
1 25980U 99065A   15229.89306522  .00000272  00000-0  15226-3 0  9997,2 25980 045.0334 060.0932 0004619 138.7931 355.9160 14.31985533819725
1 25980U 99065A   15229.96666373 +.00000272 +00000-0 +15248-3 0  9992,2 25980 045.0334 059.7479 0004633 139.2667 015.2192 14.31985614819185
1 25980U 99065A   15230.94279797 +.00000235 +00000-0 +13857-3 0  9995,2 25980 045.0334 055.1674 0004733 145.0184 006.4326 14.31986184819322
1 25980U 99065A   15231.00984586  .00000234  00000-0  13838-3 0  9990,2 25980 045.0334 054.8528 0004743 145.3938 352.0322 14.31986250819888
1 25980U 99065A   15231.91989819 +.00000215 +00000-0 +13119-3 0  9995,2 25980 045.0335 050.5823 0004842 150.7091 002.6948 14.31986909819467
1 25980U 99065A   15232.52518873  .00000203  00000-0  12678-3 0  9997,2 25980 045.0335 047.7419 0004889 154.0709 242.7050 14.31987353820108
1 25980U 99065A   15233.79023508  .00000134  00000-0  10125-3 0  9991,2 25980 045.0337 041.8055 0005013 160.9515 283.6196 14.31988109820286
1 25980U 99065A   15234.84790241  .00000136  00000-0  10202-3 0  9991,2 25980 045.0338 036.8424 0005098 166.5218 335.7454 14.31988971820436
1 25980U 99065A   15234.91538564 +.00000146 +00000-0 +10571-3 0  9997,2 25980 045.0338 036.5257 0005101 166.8572 323.6325 14.31989106819890
1 25980U 99065A   15235.89809449 +.00000173 +00000-0 +11564-3 0  9991,2 25980 045.0340 031.9143 0005193 172.0556 349.3386 14.31990025820030
1 25980U 99065A   15235.96621789  .00000171  00000-0  11519-3 0  9996,2 25980 045.0340 031.5946 0005199 172.4169 340.5030 14.31990075820592
1 25980U 99065A   15236.87420953 +.00000188 +00000-0 +12122-3 0  9996,2 25980 045.0341 027.3339 0005287 177.1798 341.0958 14.31990790820173
1 25980U 99065A   15237.48014817  .00000189  00000-0  12165-3 0  9990,2 25980 045.0342 024.4904 0005337 180.3188 224.6801 14.31991162820813
1 25980U 99065A   15238.52570082  .00000217  00000-0  13201-3 0  9991,2 25980 045.0343 019.5842 0005442 185.7067 214.4861 14.31992056820964
1 25980U 99065A   15240.56051506 +.00000303 +00000-0 +16386-3 0  9996,2 25980 045.0344 010.0360 0005673 196.1310 263.9947 14.31994399820707
1 25980U 99065A   15240.56051506 +.00000303 +00000-0 +16386-3 0  9996,2 25980 045.0344 010.0360 0005673 196.1310 263.9947 14.31994399820707
1 25980U 99065A   15241.52805678  .00000307  00000-0  16536-3 0  9991,2 25980 045.0343 005.4958 0005764 200.9210 211.8648 14.31995491821391
1 25980U 99065A   15241.82285433 +.00000309 +00000-0 +16584-3 0  9990,2 25980 045.0343 004.1125 0005767 202.1089 291.8781 14.31995890820886
1 25980U 99065A   15242.80605566  .00000249  00000-0  14379-3 0  9995,2 25980 045.0343 359.4988 0005865 206.8661 320.5914 14.31996700821571
1 25980U 99065A   15243.78069389 +.00000234 +00000-0 +13827-3 0  9991,2 25980 045.0343 354.9252 0005952 211.5450 305.1991 14.31997703821164
1 25980U 99065A   15244.45679243  .00000228  00000-0  13605-3 0  9999,2 25980  45.0344 351.7525 0006015 214.8368 190.6838 14.31998381821810
1 25980U 99065A   15244.53030918 +.00000225 +00000-0 +13503-3 0  9992,2 25980 045.0344 351.4076 0006021 215.2264 209.6525 14.31998444821279
1 25980U 99065A   15245.50642581  .00000206  00000-0  12789-3 0  9999,2 25980  45.0344 346.8271 0006089 219.9953 201.8036 14.31999269821967
1 25980U 99065A   15245.57992301 +.00000203 +00000-0 +12689-3 0  9990,2 25980 045.0344 346.4822 0006094 220.3518 220.7049 14.31999351821421
1 25980U 99065A   15246.48255994 +.00000199 +00000-0 +12528-3 0  9997,2 25980 045.0344 342.2464 0006176 224.4957 194.3166 14.32000032821550
1 25980U 99065A   15247.24305414  .00000224  00000-0  13448-3 0  9996,2 25980  45.0344 338.6778 0006243 228.0906 154.9992 14.32000714822216
1 25980U 99065A   15247.53282532 +.00000241 +00000-0 +14090-3 0  9996,2 25980 045.0343 337.3181 0006256 229.3244 209.0355 14.32001145821709
1 25980U 99065A   15248.50907015  .00000257  00000-0  14673-3 0  9998,2 25980  45.0342 332.7370 0006325 233.6142 202.3376 14.32002025822392
1 25980U 99065A   15248.73030723 +.00000257 +00000-0 +14681-3 0  9995,2 25980 045.0341 331.6988 0006323 234.5227 263.0511 14.32002211821870
1 25980U 99065A   15249.70666336  .00000246  00000-0  14268-3 0  9997,2 25980  45.0340 327.1174 0006389 239.0033 256.7402 14.32003030822568
1 25980U 99065A   15250.68325524 +.00000232 +00000-0 +13737-3 0  9992,2 25980 045.0339 322.5347 0006441 243.4614 251.6722 14.32003921822153
1 25980U 99065A   15251.22186841  .00000269  00000-0  15124-3 0  9992,2 25980  45.0338 320.0071 0006475 245.8886 148.5878 14.32004674822784
1 25980U 99065A   15251.66019431 +.00000270 +00000-0 +15162-3 0  9994,2 25980 045.0337 317.9503 0006491 247.9017 248.4180 14.32005190822291
1 25980U 99065A   15252.49756199  .00000250  00000-0  14411-3 0  9999,2 25980  45.0336 314.0208 0006552 251.7179 245.5756 14.32005938822961
1 25980U 99065A   15252.64234497 +.00000245 +00000-0 +14243-3 0  9995,2 25980 045.0336 313.3413 0006543 252.2865 272.1150 14.32006098822433
1 25980U 99065A   15253.53766323  .00000264  00000-0  14924-3 0  9999,2 25980  45.0335 309.1399 0006582 256.3282 208.0867 14.32007123823118
1 25980U 99065A   15253.61208301 +.00000264 +00000-0 +14935-3 0  9997,2 25980 045.0335 308.7907 0006581 256.6392 231.7962 14.32007199822573
1 25980U 99065A   15254.58841039  .00000276  00000-0  15373-3 0  9995,2 25980  45.0334 304.2092 0006618 261.0268 225.4478 14.32008210823265
1 25980U 99065A   15255.57087934 +.00000266 +00000-0 +15008-3 0  9995,2 25980 045.0333 299.5987 0006652 265.4491 250.7597 14.32009065822853
1 25980U 99065A   15256.17680914  .00000254  00000-0  14554-3 0  9991,2 25980  45.0332 296.7552 0006666 268.0969 134.8310 14.32009533823499
1 25980U 99065A   15256.54726171 +.00000253 +00000-0 +14530-3 0  9991,2 25980 045.0332 295.0169 0006676 269.8388 244.6990 14.32009851822991
1 25980U 99065A   15257.52396946  .00000242  00000-0  14136-3 0  9993,2 25980  45.0331 290.4334 0006686 274.0981 240.4513 14.32010672823686
1 25980U 99065A   15257.92637852 +.00000243 +00000-0 +14161-3 0  9990,2 25980 045.0331 288.5450 0006693 275.8828 155.1807 14.32011054823199
1 25980U 99065A   15258.56689846  .00000243  00000-0  14162-3 0  9992,2 25980  45.0330 285.5392 0006683 278.6845 217.5961 14.32011687823836
1 25980U 99065A   15258.90212569 +.00000226 +00000-0 +13514-3 0  9995,2 25980 045.0330 283.9661 0006694 280.1954 145.9279 14.32011892823337
1 25980U 99065A   15259.54315245 +.00000206 +00000-0 +12808-3 0  9994,2 25980 045.0329 280.9579 0006692 283.1422 210.8148 14.32012395823427
1 25980U 99065A   15260.08196910  .00000191  00000-0  12222-3 0  9994,2 25980  45.0328 278.4294 0006695 285.5482 108.8174 14.32012785824055
1 25980U 99065A   15260.52020362 +.00000196 +00000-0 +12418-3 0  9992,2 25980 045.0328 276.3729 0006686 287.5978 208.1521 14.32013239823567
1 25980U 99065A   15261.13137137  .00000182  00000-0  11921-3 0  9992,2 25980  45.0327 273.5048 0006683 290.3488 119.1585 14.32013710824201
1 25980U 99065A   15261.50240645 +.00000197 +00000-0 +12458-3 0  9994,2 25980 045.0327 271.7636 0006675 292.1190 232.0101 14.32014111823704
1 25980U 99065A   15262.47860543  .00000243  00000-0  14175-3 0  9996,2 25980  45.0326 267.1824 0006658 296.5633 224.9671 14.32015221824393
1 25980U 99065A   15263.45467269 +.00000280 +00000-0 +15507-3 0  9994,2 25980 045.0326 262.6017 0006633 300.9022 217.3527 14.32016211823982
1 25980U 99065A   15264.20277247  .00000292  00000-0  15962-3 0  9991,2 25980  45.0326 259.0909 0006614 304.3356 114.2835 14.32016910824646
1 25980U 99065A   15264.96349119 +.00000299 +00000-0 +16216-3 0  9992,2 25980 045.0325 255.5209 0006581 307.6829 076.4190 14.32017589824201
1 25980U 99065A   15265.47447763  .00000303  00000-0  16389-3 0  9990,2 25980  45.0325 253.1229 0006561 310.2393 190.6706 14.32018056824821
1 25980U 99065A   15265.93974838 +.00000312 +00000-0 +16717-3 0  9994,2 25980 045.0325 250.9394 0006548 312.4096 069.4057 14.32018503824344
1 25980U 99065A   15266.45049104 +.00000314 +00000-0 +16762-3 0  9993,2 25980 045.0325 248.5425 0006507 314.5961 182.7719 14.32019035824414
1 25980U 99065A   15267.13206428  .00000303  00000-0  16369-3 0  9994,2 25980  45.0326 245.3439 0006467 317.7030  96.7453 14.32019701825063
1 25980U 99065A   15267.96576716 +.00000310 +00000-0 +16624-3 0  9997,2 25980 045.0325 241.4315 0006429 321.7550 074.8007 14.32020628824636
1 25980U 99065A   15268.18189416  .00000323  00000-0  17109-3 0  9992,2 25980  45.0325 240.4172 0006410 322.6848 109.1390 14.32020971825219
1 25980U 99065A   15268.94223207 +.00000332 +00000-0 +17425-3 0  9994,2 25980 045.0325 236.8490 0006374 326.5702 068.7835 14.32021886824772
1 25980U 99065A   15269.38637508  .00000304  00000-0  16419-3 0  9997,2 25980  45.0325 234.7648 0006339 328.6507 198.5912 14.32022287825383
1 25980U 99065A   15269.91829946 +.00000309 +00000-0 +16607-3 0  9999,2 25980 045.0325 232.2685 0006311 331.2030 060.9012 14.32022931824915
1 25980U 99065A   15270.89505778  .00000321  00000-0  17020-3 0  9996,2 25980  45.0325 227.6847 0006246 335.9535  56.4696 14.32024091825605
1 25980U 99065A   15270.96789100 +.00000320 +00000-0 +16990-3 0  9991,2 25980 045.0325 227.3429 0006242 336.3780 071.8830 14.32024168825067
1 25980U 99065A   15270.96789100 +.00000320 +00000-0 +16990-3 0  9991,2 25980 045.0325 227.3429 0006242 336.3780 071.8830 14.32024168825067
1 25980U 99065A   15271.94427181 +.00000347 +00000-0 +18004-3 0  9995,2 25980 045.0325 222.7609 0006172 341.0866 065.5489 14.32025335825209
1 25980U 99065A   15272.24103209  .00000348  00000-0  18031-3 0  9992,2 25980  45.0325 221.3683 0006142 342.3887 155.6071 14.32025676825790
1 25980U 99065A   15272.92061586 +.00000361 +00000-0 +18514-3 0  9999,2 25980 045.0325 218.1789 0006100 345.8578 058.9669 14.32026420825347
1 25980U 99065A   15273.29096269  .00000409  00000-0  20272-3 0  9993,2 25980  45.0325 216.4410 0006071 347.7209 168.1911 14.32027076825946
1 25980U 99065A   15273.82344392 +.00000406 +00000-0 +20157-3 0  9994,2 25980 045.0326 213.9420 0006037 350.4301 033.2254 14.32027562825476
1 25980U 99065A   15274.87075667  .00000443  00000-0  21549-3 0  9993,2 25980  45.0325 209.0270 0005955 355.7404  32.3304 14.32028912826178
1 25980U 99065A   15275.84548205 +.00000522 +00000-0 +24470-3 0  9998,2 25980 045.0326 204.4528 0005884 000.8929 017.0287 14.32030565825766
1 25980U 99065A   15276.22062223  .00000478  00000-0  22815-3 0  9993,2 25980  45.0326 202.6924 0005870   2.9961 150.7524 14.32030792826368
1 25980U 99065A   15276.90967345 +.00000463 +00000-0 +22293-3 0  9991,2 25980 045.0327 199.4588 0005823 006.7692 102.6769 14.32031682825915
1 25980U 99065A   15277.26333207  .00000436  00000-0  21282-3 0  9992,2 25980  45.0327 197.7991 0005785   8.4957 125.9290 14.32032022826517
1 25980U 99065A   15277.94367884 +.00000393 +00000-0 +19687-3 0  9993,2 25980 045.0327 194.6064 0005736 012.1679 033.0406 14.32032788826060
1 25980U 99065A   15278.31288374  .00000378  00000-0  19151-3 0  9990,2 25980  45.0327 192.8738 0005717  14.2293 136.1828 14.32033245826660
1 25980U 99065A   15278.92036322 +.00000332 +00000-0 +17441-3 0  9991,2 25980 045.0327 190.0231 0005683 017.5560 027.6253 14.32033814826201
1 25980U 99065A   15279.82789067  .00000285  00000-0  15712-3 0  9998,2 25980  45.0326 185.7643 0005631  22.5345  25.7529 14.32034723826887
1 25980U 99065A   15279.89706626 +.00000282 +00000-0 +15606-3 0  9994,2 25980 045.0326 185.4397 0005622 022.8702 022.3836 14.32034798826347
1 25980U 99065A   15280.88903378 +.00000319 +00000-0 +16977-3 0  9991,2 25980 045.0326 180.7846 0005564 028.3988 095.7023 14.32036271826481
1 25980U 99065A   15281.17466137  .00000323  00000-0  17096-3 0  9999,2 25980  45.0325 179.4442 0005556  30.0223 128.0029 14.32036635827076
1 25980U 99065A   15281.84974126 +.00000331 +00000-0 +17390-3 0  9991,2 25980 045.0325 176.2761 0005510 033.7810 007.8597 14.32037435826620
1 25980U 99065A   15282.21818001  .00000316  00000-0  16839-3 0  9992,2 25980  45.0327 174.5466 0005672  34.5138 108.4347 14.32090171827220
1 25980U 99065A   15282.89937998 +.00000287 +00000-0 +15778-3 0  9991,2 25980 045.0325 171.3495 0005630 038.4058 019.8687 14.32090305826773
1 25980U 99065A   15283.80206234  .00000242  00000-0  14092-3 0  9994,2 25980  45.0323 167.1130 0005587  43.8465 352.7153 14.32091124827456
1 25980U 99065A   15283.87567508 +.00000244 +00000-0 +14190-3 0  9996,2 25980 045.0323 166.7675 0005585 044.2064 012.2338 14.32091237826911
1 25980U 99065A   15284.85192218  .00000249  00000-0  14347-3 0  9996,2 25980  45.0322 162.1856 0005542  49.7697   4.5913 14.32092092827606
1 25980U 99065A   15284.92538451 +.00000250 +00000-0 +14387-3 0  9993,2 25980 045.0322 161.8409 0005543 050.1403 023.3231 14.32092165827061
1 25980U 99065A   15285.90156207 +.00000250 +00000-0 +14395-3 0  9996,2 25980 045.0322 157.2593 0005511 055.8830 015.1461 14.32093057827206
1 25980U 99065A   15286.12343685  .00000245  00000-0  14193-3 0  9999,2 25980  45.0325 156.2178 0005714  55.6407  80.4000 14.32130307827787
1 25980U 99065A   15286.87785508 +.00000229 +00000-0 +13632-3 0  9994,2 25980 045.0321 152.6770 0005612 060.4763 008.8438 14.32130654827343
1 25980U 99065A   15287.85399826  .00000256  00000-0  14622-3 0  9997,2 25980  45.0321 148.0951 0005592  66.0808   0.7637 14.32131824828031
1 25980U 99065A   15287.92665608 +.00000256 +00000-0 +14616-3 0  9992,2 25980 045.0321 147.7541 0005594 066.4777 015.3277 14.32131894827491
1 25980U 99065A   15288.90388310 +.00000274 +00000-0 +15271-3 0  9991,2 25980 045.0320 143.1673 0005564 072.2238 012.7018 14.32132825827635
1 25980U 99065A   15289.12647199  .00000308  00000-0  16509-3 0  9992,2 25980  45.0320 142.1224 0005564  73.9354  79.6934 14.32133185828217
1 25980U 99065A   15289.96141106 +.00000337 +00000-0 +17604-3 0  9990,2 25980 045.0319 138.2035 0005554 078.8738 063.5812 14.32134092827786
1 25980U 99065A   15290.50773262  .00000346  00000-0  17930-3 0  9998,2 25980  45.0319 135.6392 0005547  82.1527 359.6765 14.32134597828416
1 25980U 99065A   15290.92479270 +.00000377 +00000-0 +19071-3 0  9998,2 25980 045.0319 133.6815 0005549 084.6114 349.5199 14.32135156827921
1 25980U 99065A   15291.54538262  .00000430  00000-0  21005-3 0  9994,2 25980  45.0318 130.7685 0005540  88.3574 308.4249 14.32136043828562
1 25980U 99065A   15291.84183321 +.00000423 +00000-0 +20767-3 0  9995,2 25980 045.0318 129.3770 0005545 090.0878 036.5738 14.32136290828053
1 25980U 99065A   15292.88223728  .00000492  00000-0  23300-3 0  9998,2 25980  45.0317 124.4935 0005558  96.3560 359.4779 14.32137771828756
1 25980U 99065A   15292.96335003 +.00000493 +00000-0 +23346-3 0  9998,2 25980 045.0317 124.1128 0005559 096.7994 057.6300 14.32137864828214
1 25980U 99065A   15293.93184553 +.00000527 +00000-0 +24572-3 0  9998,2 25980 045.0317 119.5668 0005582 102.6380 009.8732 14.32139223828357
1 25980U 99065A   15294.00601293  .00000526  00000-0  24538-3 0  9993,2 25980  45.0316 119.2187 0005585 103.1382  32.1264 14.32139320828919
1 25980U 99065A   15294.83430429 +.00000578 +00000-0 +26466-3 0  9994,2 25980 045.0317 115.3307 0005604 108.0588 341.7460 14.32140741828483
1 25980U 99065A   15295.73705498  .00000553  00000-0  25545-3 0  9995,2 25980  45.0318 111.0933 0005636 113.6573 314.9511 14.32141904829160
1 25980U 99065A   15295.96526884 +.00000595 +00000-0 +27105-3 0  9990,2 25980 045.0318 110.0221 0005644 114.8654 051.4820 14.32142492828642
1 25980U 99065A   15296.86734782  .00000563  00000-0  25922-3 0  9998,2 25980  45.0320 105.7879 0005680 120.3107  21.3798 14.32143700829329
1 25980U 99065A   15296.94123456 +.00000598 +00000-0 +27194-3 0  9998,2 25980 045.0320 105.4410 0005680 120.6251 042.3716 14.32143995828788
1 25980U 99065A   15297.91735328  .00000630  00000-0  28383-3 0  9991,2 25980  45.0322 100.8592 0005723 126.3762  34.0662 14.32145747829470
1 25980U 99065A   15297.91735328 +.00000630 +00000-0 +28383-3 0  9991,2 25980 045.0322 100.8592 0005723 126.3762 034.0662 14.32145747828929
1 25980U 99065A   15298.89339824 +.00000641 +00000-0 +28766-3 0  9997,2 25980 045.0324 096.2778 0005769 131.9796 025.5329 14.32147347829063
1 25980U 99065A   15299.49931637  .00000570  00000-0  26175-3 0  9997,2 25980  45.0324  93.4336 0005799 135.4810 268.9912 14.32147825829704
1 25980U 99065A   15299.86955479 +.00000586 +00000-0 +26766-3 0  9991,2 25980 045.0325 091.6959 0005820 137.5215 017.6403 14.32148457829204
1 25980U 99065A   15300.56034470  .00000558  00000-0  25720-3 0  9998,2 25980  45.0326  88.4532 0005861 141.4882 338.6353 14.32149305829859
1 25980U 99065A   15300.91305345 +.00000565 +00000-0 +25966-3 0  9999,2 25980 045.0326 086.7977 0005883 143.4276 356.9220 14.32149848829359
1 25980U 99065A   15301.82186728  .00000534  00000-0  24834-3 0  9991,2 25980  45.0327  82.5319 0005943 148.5003   1.9730 14.32150985830039
1 25980U 99065A   15302.50587943 +.00000539 +00000-0 +25013-3 0  9996,2 25980 045.0328 079.3211 0005991 152.4976 287.9663 14.32152001829581
1 25980U 99065A   15303.47259630  .00000547  00000-0  25313-3 0  9994,2 25980  45.0329  74.7834 0006057 157.9320 231.4856 14.32153521830273
1 25980U 99065A   15303.90158833 +.00000579 +00000-0 +26494-3 0  9991,2 25980 045.0330 072.7699 0006080 160.1664 283.1606 14.32154393829784
1 25980U 99065A   15304.82440106  .00000531  00000-0  24736-3 0  9995,2 25980  45.0331  68.4383 0006147 164.9671   0.7414 14.32155443830465
1 25980U 99065A   15305.80017560 +.00000652 +00000-0 +29168-3 0  9996,2 25980 045.0333 063.8582 0006209 170.2521 351.1654 14.32157549830053
1 25980U 99065A   15306.47512468  .00000667  00000-0  29739-3 0  9997,2 25980  45.0335  60.6902 0006264 173.9290 230.7201 14.32158551830706
1 25980U 99065A   15306.77663553 +.00000658 +00000-0 +29412-3 0  9990,2 25980 045.0335 059.2750 0006287 175.5464 345.1211 14.32158965830191
1 25980U 99065A   15307.52465317  .00000607  00000-0  27514-3 0  9997,2 25980  45.0337  55.7640 0006352 179.6218 241.3683 14.32159689830854
1 25980U 99065A   15307.74646801 +.00000617 +00000-0 +27904-3 0  9994,2 25980 045.0338 054.7229 0006374 180.6827 305.0375 14.32160114830333
1 25980U 99065A   15308.72874220  .00000622  00000-0  28075-3 0  9997,2 25980  45.0339  50.1124 0006448 185.8036 329.1836 14.32161569831020
1 25980U 99065A   15309.77225771  .00000565  00000-0  25970-3 0  9991,2 25980  45.0340  45.2145 0006532 191.2270 309.0824 14.32162704831177
1 25980U 99065A   15310.68191846 +.00000513 +00000-0 +24041-3 0  9999,2 25980 045.0340 040.9447 0006612 195.9653 318.8797 14.32163670830752
1 25980U 99065A   15311.21336942  .00000520  00000-0  24294-3 0  9995,2 25980  45.0340  38.4502 0006656 198.6427 178.8928 14.32164491831385
1 25980U 99065A   15311.65766836 +.00000598 +00000-0 +27184-3 0  9998,2 25980 045.0340 036.3648 0006695 200.6754 309.7839 14.32165737830898
1 25980U 99065A   15312.40612369  .00000560  00000-0  25793-3 0  9996,2 25980  45.0341  32.8517 0006748 204.2776 208.7855 14.32166781831558
1 25980U 99065A   15312.70146998 +.00000539 +00000-0 +25020-3 0  9998,2 25980 045.0341 031.4655 0006763 205.7641 291.5128 14.32167134831040
1 25980U 99065A   15313.52812815  .00000589  00000-0  26847-3 0  9990,2 25980  45.0342  27.5853 0006822 209.8657 233.6083 14.32168889831714
1 25980U 99065A   15313.67794237 +.00000588 +00000-0 +26807-3 0  9998,2 25980 045.0342 026.8822 0006824 210.6744 285.9574 14.32169143831181
1 25980U 99065A   15314.30079581 +.00000609 +00000-0 +27587-3 0  9997,2 25980 045.0343 023.9585 0006875 213.7096 257.3319 14.32170364831273
1 25980U 99065A   15315.19467074  .00000620  00000-0  27985-3 0  9998,2 25980  45.0343  19.7629 0006930 218.0057 186.1323 14.32172319831953
1 25980U 99065A   15315.63564110 +.00000557 +00000-0 +25655-3 0  9997,2 25980 045.0343 017.6931 0006943 220.1294 299.7621 14.32172621831461
1 25980U 99065A   15316.32596341  .00000582  00000-0  26598-3 0  9990,2 25980  45.0344  14.4528 0006994 223.4458 259.0552 14.32173827832117
1 25980U 99065A   15316.61211971 +.00000589 +00000-0 +26844-3 0  9996,2 25980 045.0344 013.1098 0006988 225.0502 294.2440 14.32174276831605
1 25980U 99065A   15317.36933507  .00000551  00000-0  25432-3 0  9996,2 25980  45.0344   9.5556 0007041 228.8222 238.3057 14.32175174832268
1 25980U 99065A   15317.58793769 +.00000552 +00000-0 +25494-3 0  9993,2 25980 045.0344 008.5295 0007058 229.6624 285.6303 14.32175526831742
1 25980U 99065A   15318.56394919  .00000588  00000-0  26805-3 0  9992,2 25980  45.0344   3.9483 0007113 234.1748 278.1224 14.32177266832439
1 25980U 99065A   15319.54085382 +.00000554 +00000-0 +25566-3 0  9998,2 25980 045.0343 359.3628 0007160 238.6689 275.2468 14.32178620832020
1 25980U 99065A   15320.14610027  .00000518  00000-0  24235-3 0  9998,2 25980  45.0342 356.5218 0007192 241.4894 155.9909 14.32179414832664
1 25980U 99065A   15320.91799182 +.00000626 +00000-0 +28191-3 0  9998,2 25980 045.0342 352.8986 0007228 245.0400 176.0350 14.32181432832227
1 25980U 99065A   15321.49396447  .00000655  00000-0  29265-3 0  9994,2 25980  45.0341 350.1951 0007243 247.7659 265.8028 14.32182610832858
1 25980U 99065A   15321.56041530 +.00000640 +00000-0 +28708-3 0  9997,2 25980 045.0341 349.8832 0007244 248.1097 248.3997 14.32182622832318
1 25980U 99065A   15322.87030696  .00000651  00000-0  29137-3 0  9992,2 25980  45.0341 343.7345 0007285 254.2023 162.4361 14.32185057833050
1 25980U 99065A   15323.51838988 +.00000649 +00000-0 +29048-3 0  9992,2 25980 045.0340 340.6923 0007294 257.1594 264.1301 14.32186272832594
1 25980U 99065A   15324.12402050  .00000566  00000-0  25988-3 0  9994,2 25980  45.0340 337.8494 0007313 260.0219 146.8294 14.32186829833231
1 25980U 99065A   15324.49549749 +.00000617 +00000-0 +27872-3 0  9992,2 25980 045.0340 336.1057 0007311 261.7376 262.2485 14.32187765832737
1 25980U 99065A   15325.16948429  .00000570  00000-0  26122-3 0  9990,2 25980  45.0340 332.9418 0007328 264.7912 137.5375 14.32188672833381
1 25980U 99065A   15325.47067600 +.00000640 +00000-0 +28705-3 0  9994,2 25980 045.0339 331.5281 0007324 266.1758 250.5589 14.32189610832871
1 25980U 99065A   15326.51403594  .00000625  00000-0  28178-3 0  9993,2 25980  45.0339 326.6305 0007325 270.9625 230.3991 14.32191205833574
1 25980U 99065A   15327.95594584 +.00000581 +00000-0 +26556-3 0  9991,2 25980 045.0339 319.8619 0007322 277.5451 105.3121 14.32193248833231
1 25980U 99065A   15328.46619560 +.00000602 +00000-0 +27314-3 0  9997,2 25980 045.0338 317.4668 0007309 279.8687 216.3191 14.32194177833309
1 25980U 99065A   15329.44242211  .00000560  00000-0  25784-3 0  9993,2 25980  45.0337 312.8843 0007290 284.3248 210.0407 14.32195502833994
1 25980U 99065A   15330.95747685 +.00000437 +00000-0 +21249-3 0  9991,2 25980 045.0336 305.7724 0007255 291.2756 102.0974 14.32197077833666
1 25980U 99065A   15331.17335105  .00000424  00000-0  20765-3 0  9994,2 25980  45.0337 304.7591 0007244 292.2762 135.1970 14.32197294834243
1 25980U 99065A   15331.93349231 +.00000424 +00000-0 +20752-3 0  9999,2 25980 045.0336 301.1908 0007222 295.8433 094.6280 14.32198322833802
1 25980U 99065A   15332.37734218  .00000464  00000-0  22246-3 0  9995,2 25980  45.0336 299.1074 0007199 297.8760 223.2521 14.32199099834418
1 25980U 99065A   15332.90964716 +.00000453 +00000-0 +21831-3 0  9999,2 25980 045.0336 296.6086 0007184 300.3285 087.9643 14.32199703833948
1 25980U 99065A   15333.88572894  .00000444  00000-0  21493-3 0  9993,2 25980  45.0336 292.0267 0007144 304.8964  80.8441 14.32200747834634
1 25980U 99065A   15333.95924400 +.00000411 +00000-0 +20304-3 0  9999,2 25980 045.0336 291.6815 0007138 305.2341 099.9097 14.32200675834093
1 25980U 99065A   15334.93542919 +.00000451 +00000-0 +21760-3 0  9990,2 25980 045.0335 287.0992 0007090 309.8195 093.3110 14.32201983834234
1 25980U 99065A   15335.15982567  .00000453  00000-0  21849-3 0  9992,2 25980  45.0336 286.0459 0007075 310.8987 170.3184 14.32202247834811
1 25980U 99065A   15335.91180255 +.00000470 +00000-0 +22469-3 0  9998,2 25980 045.0335 282.5160 0007037 314.4786 087.6135 14.32203169834376
1 25980U 99065A   15336.20978638  .00000469  00000-0  22409-3 0  9993,2 25980  45.0335 281.1172 0007017 315.8744 184.0824 14.32203515834968
1 25980U 99065A   15336.88855664 +.00000422 +00000-0 +20679-3 0  9996,2 25980 045.0335 277.9309 0006977 319.0969 083.9258 14.32204030834514
1 25980U 99065A   15337.86493815  .00000399  00000-0  19828-3 0  9998,2 25980  45.0334 273.3477 0006914 323.7807  78.2538 14.32205087835201
1 25980U 99065A   15337.94140457 +.00000365 +00000-0 +18601-3 0  9999,2 25980 045.0334 272.9888 0006906 324.1529 112.5176 14.32205007834660
1 25980U 99065A   15338.91817446 +.00000327 +00000-0 +17187-3 0  9992,2 25980 045.0334 268.4038 0006837 328.8824 108.8084 14.32205986834807
1 25980U 99065A   15339.21013091  .00000317  00000-0  16827-3 0  9999,2 25980  45.0333 267.0333 0006817 330.3510 174.1007 14.32206262835391
1 25980U 99065A   15339.96754881 +.00000360 +00000-0 +18399-3 0  9994,2 25980 045.0333 263.4779 0006762 333.9986 119.4215 14.32207416834956
1 25980U 99065A   15340.25934201  .00000381  00000-0  19183-3 0  9999,2 25980  45.0332 262.1083 0006741 335.5489 183.7908 14.32207838835549
1 25980U 99065A   15340.93481042 +.00000396 +00000-0 +19740-3 0  9999,2 25980 045.0331 258.9375 0006687 338.8748 066.5016 14.32208711835097
1 25980U 99065A   15341.84187925  .00000405  00000-0  20053-3 0  9993,2 25980  45.0330 254.6795 0006617 343.3725  63.3130 14.32209682835779
1 25980U 99065A   15341.91100519 +.00000402 +00000-0 +19970-3 0  9998,2 25980 045.0330 254.3550 0006608 343.7014 059.7379 14.32209763835235
1 25980U 99065A   15342.88723765 +.00000354 +00000-0 +18202-3 0  9992,2 25980 045.0329 249.7724 0006534 348.6608 053.0386 14.32210425835372
1 25980U 99065A   15343.18854885  .00000361  00000-0  18433-3 0  9998,2 25980  45.0328 248.3581 0006517 350.2334 166.5105 14.32210740835967
1 25980U 99065A   15343.93679936 +.00000370 +00000-0 +18782-3 0  9990,2 25980 045.0327 244.8456 0006456 354.0523 064.3580 14.32211487835525
1 25980U 99065A   15344.08385013  .00000445  00000-0  21566-3 0  9994,2 25980  45.0294 244.1313 0008271 353.6140 103.6861 14.32164299836090
1 25980U 99065A   15344.91306104 +.00000391 +00000-0 +19572-3 0  9994,2 25980 045.0327 240.2635 0006135 359.5911 057.0655 14.32162426835664
1 25980U 99065A   15345.83034817  .00000193  00000-0  12283-3 0  9997,2 25980  45.0326 235.9588 0006124   4.2874 106.2609 14.32163165836344
1 25980U 99065A   15345.88918468 +.00000184 +00000-0 +11962-3 0  9998,2 25980 045.0326 235.6825 0006098 004.5542 049.6354 14.32163231835801
1 25980U 99065A   15346.94844381 +.00000397 +00000-0 +19796-3 0  9997,2 25980 045.0325 230.7095 0005980 010.3641 110.4092 14.32164788835959
1 25980U 99065A   15347.09290277  .00000395  00000-0  19716-3 0  9993,2 25980  45.0324 230.0314 0005974  11.1335 135.1582 14.32164957836527
1 25980U 99065A   15347.91498044 +.00000362 +00000-0 +18495-3 0  9993,2 25980 045.0324 226.1726 0005909 015.6198 053.2205 14.32165792836096
1 25980U 99065A   15348.74833941  .00000376  00000-0  19011-3 0  9994,2 25980  45.0323 222.2609 0005846  20.1195  29.4921 14.32166866836767
1 25980U 99065A   15348.89114262 +.00000393 +00000-0 +19661-3 0  9998,2 25980 045.0322 221.5906 0005832 020.9014 045.6852 14.32167176836231
1 25980U 99065A   15349.18644807  .00000440  00000-0  21376-3 0  9993,2 25980  45.0324 220.2050 0005763  23.1523 127.4101 14.32131607836823
1 25980U 99065A   15349.86736578 +.00000415 +00000-0 +20479-3 0  9990,2 25980 045.0323 217.0084 0005596 026.8536 037.6807 14.32131615836375
1 25980U 99065A   15350.84338065  .00000382  00000-0  19249-3 0  9995,2 25980  45.0321 212.4274 0005530  32.2917  29.1057 14.32132483837069
1 25980U 99065A   15350.91722056 +.00000278 +00000-0 +15422-3 0  9993,2 25980 045.0320 212.0809 0005539 032.5594 049.8989 14.32132255836521
1 25980U 99065A   15351.97376957 +.00000298 +00000-0 +16155-3 0  9991,2 25980 045.0318 207.1217 0005468 038.5235 096.4100 14.32133335836674
1 25980U 99065A   15352.04758446  .00000298  00000-0  16159-3 0  9991,2 25980  45.0317 206.7752 0005467  38.9328 116.9334 14.32133409837230
1 25980U 99065A   15352.95030110 +.00000292 +00000-0 +15937-3 0  9999,2 25980 045.0316 202.5381 0005401 044.4750 089.9951 14.32134165836817
1 25980U 99065A   15353.09099834  .00000293  00000-0  15961-3 0  9991,2 25980  45.0316 201.8777 0005398  45.2474  95.3120 14.32134291837387
1 25980U 99065A   15353.92654505 +.00000299 +00000-0 +16200-3 0  9998,2 25980 045.0315 197.9558 0005348 050.1751 082.3504 14.32135048836951
1 25980U 99065A   15354.53223644  .00000333  00000-0  17434-3 0  9991,2 25980  45.0314 195.1127 0005317  53.6636 324.6269 14.32135801837596
1 25980U 99065A   15354.90314633 +.00000307 +00000-0 +16491-3 0  9994,2 25980 045.0314 193.3717 0005304 055.8630 076.5664 14.32136029837095
1 25980U 99065A   15355.66000692  .00000422  00000-0  20712-3 0  9994,2 25980  45.0314 189.8191 0005275  60.2567  18.0773 14.32137688837754
1 25980U 99065A   15355.95365970 +.00000393 +00000-0 +19670-3 0  9997,2 25980 045.0314 188.4408 0005268 061.9854 091.7913 14.32137844837241
1 25980U 99065A   15356.78376881  .00000395  00000-0  19735-3 0  9996,2 25980  45.0314 184.5443 0005232  66.9807  50.7137 14.32138949837915
1 25980U 99065A   15356.93025473 +.00000382 +00000-0 +19248-3 0  9996,2 25980 045.0313 183.8567 0005228 067.9043 085.7552 14.32139035837388
1 25980U 99065A   15356.99678560 +.00000383 +00000-0 +19270-3 0  9999,2 25980 045.0314 183.5444 0005226 068.1915 068.8120 14.32139132837391
1 25980U 99065A   15357.97853656  .00000352  00000-0  18141-3 0  9991,2 25980  45.0315 178.9363 0005195  73.9776  89.5200 14.32140204838082
1 25980U 99065A   15358.88090977 +.00000356 +00000-0 +18285-3 0  9994,2 25980 045.0316 174.7007 0005171 079.3171 061.0357 14.32141354837663
1 25980U 99065A   15359.48689723  .00000361  00000-0  18466-3 0  9991,2 25980  45.0316 171.8562 0005155  82.8214 304.8376 14.32142092838307
1 25980U 99065A   15359.93061764 +.00000291 +00000-0 +15879-3 0  9997,2 25980 045.0316 169.7735 0005153 085.5085 072.0482 14.32142154837815
1 25980U 99065A   15360.53699064  .00000297  00000-0  16135-3 0  9997,2 25980  45.0316 166.9272 0005135  89.2135 317.6410 14.32142826838453
1 25980U 99065A   15360.90677104 +.00000277 +00000-0 +15365-3 0  9991,2 25980 045.0316 165.1915 0005138 091.3735 063.8000 14.32143069837950
1 25980U 99065A   15361.88292846  .00000258  00000-0  14694-3 0  9998,2 25980  45.0316 160.6095 0005115  97.3938  55.4197 14.32143816838646
1 25980U 99065A   15362.85210781 +.00000227 +00000-0 +13543-3 0  9992,2 25980 045.0317 156.0604 0005122 103.1513 011.2922 14.32144362838233
1 25980U 99065A   15362.92631694  .00000205  00000-0  12724-3 0  9996,2 25980  45.0317 155.7121 0005124 103.5908  33.8227 14.32144296838792
1 25980U 99065A   15363.90248068 +.00000194 +00000-0 +12325-3 0  9998,2 25980 045.0318 151.1301 0005129 109.4787 025.6122 14.32144999838386
1 25980U 99065A   15363.97507434  .00000190  00000-0  12179-3 0  9993,2 25980  45.0318 150.7894 0005127 109.9106  39.8137 14.32145037838945
1 25980U 99065A   15364.88562522 +.00000246 +00000-0 +14232-3 0  9997,2 25980 045.0319 146.5154 0005139 115.3088 053.4880 14.32146061838520
1 25980U 99065A   15365.48992588  .00000249  00000-0  14354-3 0  9991,2 25980  45.0321 143.6789 0005145 118.9829 288.4246 14.32146584839161
1 25980U 99065A   15365.92952947 +.00000260 +00000-0 +14758-3 0  9996,2 25980 045.0321 141.6155 0005153 121.5648 034.5037 14.32147057838673
1 25980U 99065A   16001.83782515  .00000272  00000-0  15199-3 0  9999,2 25980  45.0323 137.3522 0005177 126.8971  36.6126 14.32147995839357
1 25980U 99065A   16001.90584834 +.00000227 +00000-0 +13544-3 0  9993,2 25980 045.0323 137.0330 0005177 127.3287 027.2279 14.32147803838810
1 25980U 99065A   16002.81380130 +.00000281 +00000-0 +15507-3 0  9998,2 25980 045.0325 132.7713 0005203 132.6347 027.5971 14.32148950838945
1 25980U 99065A   16003.48865075  .00000293  00000-0  15963-3 0  9997,2 25980  45.0326 129.6037 0005219 136.6612 266.2695 14.32149651839592
1 25980U 99065A   16003.78983772 +.00000318 +00000-0 +16894-3 0  9997,2 25980 045.0327 128.1901 0005228 138.3364 018.9322 14.32150077839087
1 25980U 99065A   16004.83321920  .00000295  00000-0  16057-3 0  9990,2 25980  45.0328 123.2928 0005273 144.3599 357.4967 14.32150910839789
1 25980U 99065A   16005.74263123 +.00000300 +00000-0 +16241-3 0  9993,2 25980 045.0329 119.0242 0005312 149.5698 005.5003 14.32151744839365
1 25980U 99065A   16006.14530466  .00000264  00000-0  14895-3 0  9997,2 25980  45.0329 117.1342 0005332 151.9069 281.2461 14.32151937839978
1 25980U 99065A   16006.71132289 +.00000303 +00000-0 +16320-3 0  9990,2 25980 045.0329 114.4775 0005373 155.0139 319.1991 14.32152711839505
1 25980U 99065A   16007.25393331  .00000292  00000-0  15910-3 0  9998,2 25980  45.0329 111.9306 0005398 158.0165 236.4561 14.32153171840132
1 25980U 99065A   16007.76187836 +.00000283 +00000-0 +15592-3 0  9991,2 25980 045.0329 109.5464 0005432 160.8292 335.0064 14.32153667839650
1 25980U 99065A   16008.52570193  .00000265  00000-0  14940-3 0  9994,2 25980  45.0330 105.9611 0005475 165.1499 312.5673 14.32154321840319
1 25980U 99065A   16008.73866294 +.00000277 +00000-0 +15356-3 0  9992,2 25980 045.0330 104.9615 0005487 166.2235 330.5272 14.32154619839790
1 25980U 99065A   16009.71538553  .00000263  00000-0  14846-3 0  9993,2 25980  45.0331 100.3770 0005557 171.3926 325.9570 14.32155582840482
1 25980U 99065A   16010.69661263 +.00000284 +00000-0 +15620-3 0  9991,2 25980 045.0333 095.7714 0005610 176.6815 344.5167 14.32156721840074
1 25980U 99065A   16011.23229444  .00000277  00000-0  15361-3 0  9997,2 25980  45.0334  93.2570 0005644 179.6032 226.1057 14.32157219840705
1 25980U 99065A   16011.67293907 +.00000317 +00000-0 +16846-3 0  9994,2 25980 045.0334 091.1888 0005661 181.9305 337.8292 14.32157927840215
1 25980U 99065A   16012.49490021  .00000432  00000-0  21072-3 0  9996,2 25980  45.0335  87.3307 0005710 186.2166 255.4707 14.32159485840887
1 25980U 99065A   16012.64902644 +.00000418 +00000-0 +20573-3 0  9991,2 25980 045.0335 086.6072 0005719 186.9661 330.1261 14.32159536840359
1 25980U 99065A   16013.55163894  .00000447  00000-0  21624-3 0  9998,2 25980  45.0336  82.3706 0005774 191.5766 303.6673 14.32160698841035
1 25980U 99065A   16013.62516556 +.00000432 +00000-0 +21084-3 0  9997,2 25980 045.0336 082.0255 0005778 191.9147 322.7810 14.32160678840494
1 25980U 99065A   16014.60131078  .00000409  00000-0  20224-3 0  9997,2 25980  45.0337  77.4437 0005837 196.8647 315.4698 14.32161625841183
1 25980U 99065A   16015.57746499 +.00000377 +00000-0 +19067-3 0  9990,2 25980 045.0337 072.8618 0005898 201.6924 308.3317 14.32162596840774
1 25980U 99065A   16015.64459076  .00000373  00000-0  18907-3 0  9998,2 25980  45.0337  72.5468 0005902 201.9785 294.4651 14.32162647841334
1 25980U 99065A   16016.55565119 +.00000354 +00000-0 +18190-3 0  9998,2 25980 045.0336 068.2703 0005959 206.4376 311.7662 14.32163610840914
1 25980U 99065A   16017.15967271  .00000333  00000-0  17412-3 0  9993,2 25980  45.0336  65.4351 0005995 209.4389 185.9740 14.32164205841559
1 25980U 99065A   16017.60400058 +.00000349 +00000-0 +18031-3 0  9993,2 25980 045.0336 063.3495 0006007 211.5923 316.8903 14.32164824841067
1 25980U 99065A   16018.51062512  .00000319  00000-0  16928-3 0  9993,2 25980  45.0337  59.0938 0006057 215.9390 311.4174 14.32165670841749
1 25980U 99065A   16018.58012050 +.00000317 +00000-0 +16852-3 0  9996,2 25980 045.0337 058.7676 0006056 216.2976 309.7079 14.32165734841203
1 25980U 99065A   16019.55606150  .00000327  00000-0  17213-3 0  9997,2 25980  45.0337  54.1866 0006102 221.0013 301.6075 14.32166817841897
1 25980U 99065A   16020.53199595 +.00000325 +00000-0 +17151-3 0  9996,2 25980 045.0338 049.6056 0006137 225.7010 293.4792 14.32167710841486
1 25980U 99065A   16021.13791336  .00000390  00000-0  19516-3 0  9993,2 25980  45.0338  46.7614 0006164 228.6073 177.5760 14.32168712842127
1 25980U 99065A   16021.50813471 +.00000371 +00000-0 +18821-3 0  9996,2 25980 045.0339 045.0237 0006176 230.3205 286.4920 14.32168987841627
1 25980U 99065A   16022.48442666  .00000400  00000-0  19886-3 0  9993,2 25980  45.0339  40.4410 0006211 234.8543 280.3841 14.32170145842314
1 25980U 99065A   16023.46094324 +.00000381 +00000-0 +19190-3 0  9992,2 25980 045.0340 035.8573 0006246 239.1822 275.6448 14.32171055841905
1 25980U 99065A   16024.21746443  .00000371  00000-0  18841-3 0  9993,2 25980  45.0340  32.3062 0006271 242.5894 216.4808 14.32171826842567
1 25980U 99065A   16024.50370650 +.00000350 +00000-0 +18051-3 0  9998,2 25980 045.0340 030.9627 0006270 243.9072 252.3972 14.32172024842056
1 25980U 99065A   16025.41270487  .00000338  00000-0  17619-3 0  9991,2 25980  45.0340  26.6959 0006287 247.9473 259.5062 14.32173007842739
1 25980U 99065A   16025.94503759 +.00000264 +00000-0 +14894-3 0  9990,2 25980 045.0340 024.1971 0006300 250.3604 124.3509 14.32173188842269
1 25980U 99065A   16026.38883244 +.00000280 +00000-0 +15489-3 0  9998,2 25980 045.0341 022.1140 0006292 252.3654 252.6789 14.32173748842327
1 25980U 99065A   16027.14612567  .00000238  00000-0  13945-3 0  9999,2 25980  45.0341  18.5593 0006295 255.8361 197.4427 14.32174309842985
1 25980U 99065A   16027.97107134 +.00000201 +00000-0 +12578-3 0  9990,2 25980 045.0341 014.6871 0006293 259.5926 131.0627 14.32174876842555
1 25980U 99065A   16028.19604755  .00000193  00000-0  12273-3 0  9998,2 25980  45.0341  13.6311 0006284 260.6142 211.0971 14.32174998843137
1 25980U 99065A   16028.95003074 +.00000202 +00000-0 +12617-3 0  9992,2 25980 045.0342 010.0919 0006277 264.0957 138.7704 14.32175623842692
1 25980U 99065A   16029.92636699 +.00000216 +00000-0 +13135-3 0  9996,2 25980 045.0343 005.5090 0006267 268.4600 133.0821 14.32176381842830
1 25980U 99065A   16030.22200256  .00000219  00000-0  13212-3 0  9996,2 25980  45.0343   4.1214 0006261 269.6976 217.5612 14.32176597843427
1 25980U 99065A   16030.97305887 +.00000225 +00000-0 +13441-3 0  9995,2 25980 045.0343 000.5959 0006255 273.0597 130.2526 14.32177101842981
1 25980U 99065A   16031.34357084  .00000253  00000-0  14482-3 0  9990,2 25980  45.0343 358.8569 0006241 274.7584 240.6937 14.32177492843588
1 25980U 99065A   16031.94946818 +.00000281 +00000-0 +15518-3 0  9997,2 25980 045.0343 356.0128 0006226 277.4975 124.8734 14.32178051843126
1 25980U 99065A   16032.38687065  .00000330  00000-0  17309-3 0  9997,2 25980  45.0343 353.9597 0006212 279.3884 220.3334 14.32178672843731
1 25980U 99065A   16032.92613303 +.00000284 +00000-0 +15623-3 0  9996,2 25980 045.0344 351.4285 0006197 281.8001 120.9518 14.32178815843266
1 25980U 99065A   16033.90159102  .00000303  00000-0  16334-3 0  9999,2 25980  45.0344 346.8499 0006160 286.1304 110.7774 14.32179761843953
1 25980U 99065A   16034.87778848 +.00000298 +00000-0 +16121-3 0  9997,2 25980 045.0344 342.2678 0006119 290.4606 104.4231 14.32180682843546
1 25980U 99065A   16035.17720168  .00000250  00000-0  14384-3 0  9990,2 25980  45.0343 340.8625 0006099 291.8046 208.2953 14.32180676844134
1 25980U 99065A   16035.93215381 +.00000265 +00000-0 +14930-3 0  9993,2 25980 045.0343 337.3188 0006063 295.1563 141.1163 14.32181529843697
1 25980U 99065A   16036.29654185  .00000276  00000-0  15314-3 0  9991,2 25980  45.0343 335.6085 0006037 296.8762 219.9381 14.32181949844293
1 25980U 99065A   16036.90335669 +.00000282 +00000-0 +15540-3 0  9990,2 25980 045.0343 332.7601 0006008 299.5518 108.9272 14.32182601843833
1 25980U 99065A   16037.87961317  .00000327  00000-0  17214-3 0  9992,2 25980  45.0342 328.1777 0005948 304.0043 102.7657 14.32183829844521
1 25980U 99065A   16038.85621970 +.00000393 +00000-0 +19646-3 0  9993,2 25980 045.0341 323.5935 0005880 308.4506 098.4213 14.32185172844119
1 25980U 99065A   16039.22620852  .00000415  00000-0  20424-3 0  9994,2 25980  45.0340 321.8569 0005849 310.2394 206.0839 14.32185698844713
1 25980U 99065A   16039.83590442 +.00000484 +00000-0 +22964-3 0  9999,2 25980 045.0340 318.9949 0005806 312.9610 109.9047 14.32186767844254
1 25980U 99065A   16040.88595943  .00000483  00000-0  22926-3 0  9994,2 25980  45.0338 314.0659 0005723 317.8421 124.1903 14.32187938844956
1 25980U 99065A   16041.78244321 +.00000473 +00000-0 +22560-3 0  9998,2 25980 045.0337 309.8578 0005647 322.0747 066.5726 14.32188977844531
1 25980U 99065A   16042.14760449  .00000419  00000-0  20602-3 0  9998,2 25980  45.0337 308.1438 0005614 323.7937 149.3955 14.32189148845133
1 25980U 99065A   16042.91203069 +.00000479 +00000-0 +22797-3 0  9996,2 25980 045.0336 304.5555 0005548 327.3795 130.9014 14.32190557844698
1 25980U 99065A   16043.19808498  .00000472  00000-0  22522-3 0  9993,2 25980  45.0335 303.2128 0005521 328.7824 165.7833 14.32190919845281
1 25980U 99065A   16043.87834182 +.00000455 +00000-0 +21923-3 0  9992,2 25980 045.0334 300.0197 0005456 331.9803 073.2942 14.32191805844830
1 25980U 99065A   16044.85491089  .00000409  00000-0  20227-3 0  9991,2 25980  45.0333 295.4356 0005372 336.6889  68.5227 14.32192918845522
1 25980U 99065A   16045.90499594 +.00000455 +00000-0 +21930-3 0  9990,2 25980 045.0331 290.5065 0005279 341.7876 082.7721 14.32194590845123
1 25980U 99065A   16046.13293964  .00000453  00000-0  21857-3 0  9995,2 25980  45.0330 289.4366 0005261 342.9721 177.9750 14.32194875845705
1 25980U 99065A   16047.10896356  .00000400  00000-0  19909-3 0  9994,2 25980  45.0329 284.8547 0005125 347.1903 170.8561 14.32186618845844
1 25980U 99065A   16047.79283053 +.00000522 +00000-0 +24381-3 0  9998,2 25980 045.0328 281.6445 0005070 350.6252 096.7508 14.32188074845395
1 25980U 99065A   16048.15328928 -.00000020  00000-0  44495-4 0  9993,2 25980  45.0326 279.9527 0005007 352.6160 155.0244 14.32186196845999
1 25980U 99065A   16048.83352436 -.00000015 +00000-0 +46355-4 0  9990,2 25980 045.0327 276.7594 0004943 355.9706 062.2533 14.32186474845549
1 25980U 99065A   16049.81868209 -.00000010  00000-0  48034-4 0  9990,2 25980  45.0324 272.1348 0004858   0.9578 101.5153 14.32188555846236
1 25980U 99065A   16049.96404534 -.00000018 +00000-0 +45288-4 0  9999,2 25980 045.0324 271.4524 0004855 001.8222 130.8479 14.32188474845704
1 25980U 99065A   16050.86799537 -.00000030  00000-0  40810-4 0  9990,2 25980  45.0323 267.2087 0004752   6.4377 111.3816 14.32188822846389
1 25980U 99065A   16050.94124384 -.00000029 +00000-0 +41161-4 0  9999,2 25980 045.0323 266.8650 0004747 006.8445 128.9988 14.32188837845844
1 25980U 99065A   16051.76214553 -.00000049 +00000-0 +33584-4 0  9990,2 25980 045.0323 263.0114 0004678 011.1177 041.2747 14.32188953845964
1 25980U 99065A   16052.06383742  .00000284  00000-0  15642-3 0  9995,2 25980  45.0322 261.5958 0004632  13.1585 156.2262 14.32190390846550
1 25980U 99065A   16052.96572743 +.00000247 +00000-0 +14246-3 0  9993,2 25980 045.0321 257.3622 0004544 018.0940 125.8152 14.32191187846130
1 25980U 99065A   16053.79687068  .00000229  00000-0  13593-3 0  9996,2 25980  45.0321 253.4606 0004460  22.6694  90.6517 14.32191911846806
1 25980U 99065A   16054.84814950  .00000204  00000-0  12685-3 0  9999,2 25980  45.0321 248.5257 0004365  28.5214 110.3020 14.32192665846952
1 25980U 99065A   16055.74895631 +.00000194 +00000-0 +12296-3 0  9990,2 25980 045.0320 244.2970 0004279 033.5788 074.1837 14.32193238846536
1 25980U 99065A   16056.50304950  .00000209  00000-0  12881-3 0  9991,2 25980  45.0320 240.7571 0004216  37.8468   1.6879 14.32193794847198
1 25980U 99065A   16056.65847431 +.00000217 +00000-0 +13149-3 0  9990,2 25980 045.0319 240.0274 0004202 038.7437 082.9171 14.32193914846662
1 25980U 99065A   16057.55073042  .00000212  00000-0  12980-3 0  9996,2 25980  45.0319 235.8390 0004136  43.8780   2.5963 14.32194374847341
1 25980U 99065A   16057.84678942 +.00000198 +00000-0 +12476-3 0  9991,2 25980 045.0318 234.4492 0004112 045.6843 088.7104 14.32194417846836
1 25980U 99065A   16058.82405884  .00000208  00000-0  12824-3 0  9992,2 25980  45.0318 229.8616 0004055  51.3586  86.5938 14.32194961847528
1 25980U 99065A   16058.89694914 +.00000208 +00000-0 +12844-3 0  9995,2 25980 045.0318 229.5195 0004052 051.7624 102.3673 14.32195003846981
1 25980U 99065A   16059.87245644  .00000205  00000-0  12722-3 0  9998,2 25980  45.0318 224.9402 0003967  57.7728  90.8234 14.32195567847672
1 25980U 99065A   16060.92275064  .00000165  00000-0  11240-3 0  9994,2 25980  45.0319 220.0097 0003921  64.0519 104.9795 14.32196091847828
1 25980U 99065A   16061.81773468 +.00000238 +00000-0 +13931-3 0  9994,2 25980 045.0319 215.8086 0003857 069.5758 038.3580 14.32197211847402
1 25980U 99065A   16062.43072057  .00000237  00000-0  13901-3 0  9995,2 25980  45.0320 212.9310 0003822  73.3245 318.1552 14.32197719848040
1 25980U 99065A   16062.86844862 +.00000259 +00000-0 +14714-3 0  9990,2 25980 045.0321 210.8762 0003803 076.2632 054.2791 14.32198211847556
1 25980U 99065A   16063.77002125  .00000296  00000-0  16068-3 0  9994,2 25980  45.0323 206.6441 0003763  81.8666  21.5871 14.32199229848231
1 25980U 99065A   16063.91935286 +.00000297 +00000-0 +16090-3 0  9999,2 25980 045.0323 205.9430 0003764 082.9369 071.2006 14.32199391847707
1 25980U 99065A   16064.82065883  .00000350  00000-0  18046-3 0  9990,2 25980  45.0324 201.7122 0003728  88.6710  37.0045 14.32200467848388
1 25980U 99065A   16065.87010935 +.00000359 +00000-0 +18381-3 0  9995,2 25980 045.0324 196.7859 0003705 095.3285 046.4468 14.32201498847988
1 25980U 99065A   16066.20412416  .00000360  00000-0  18432-3 0  9992,2 25980  45.0324 195.2179 0003692  97.3981 328.1919 14.32201814848587
1 25980U 99065A   16066.55149175 +.00000428 +00000-0 +20932-3 0  9992,2 25980 045.0324 193.5872 0003685 099.6206 318.6974 14.32202535848086
1 25980U 99065A   16067.53649944  .00000489  00000-0  23178-3 0  9992,2 25980  45.0323 188.9634 0003671 105.9322 355.9128 14.32204033848770
1 25980U 99065A   16067.68488453 +.00000486 +00000-0 +23036-3 0  9994,2 25980 045.0323 188.2669 0003683 106.7555 040.8902 14.32204165848249
1 25980U 99065A   16068.58661194  .00000460  00000-0  22078-3 0  9996,2 25980  45.0323 184.0339 0003686 112.5309   8.8448 14.32205171848924
1 25980U 99065A   16068.58661194 +.00000460 +00000-0 +22078-3 0  9996,2 25980 045.0323 184.0339 0003686 112.5309 008.8448 14.32205171848373
1 25980U 99065A   16069.47993853 +.00000441 +00000-0 +21401-3 0  9993,2 25980 045.0323 179.8403 0003689 118.2416 293.5120 14.32206269848506
1 25980U 99065A   16070.46504319  .00000416  00000-0  20466-3 0  9991,2 25980  45.0324 175.2160 0003700 124.4530 331.3406 14.32207456849190
1 25980U 99065A   16070.61280918 +.00000416 +00000-0 +20480-3 0  9990,2 25980 045.0324 174.5223 0003703 125.3600 013.0412 14.32207634848663
1 25980U 99065A   16071.51464380  .00000396  00000-0  19723-3 0  9992,2 25980  45.0325 170.2889 0003736 130.9156 341.7799 14.32208702849341
1 25980U 99065A   16071.72712086 +.00000411 +00000-0 +20279-3 0  9990,2 25980 045.0325 169.2915 0003734 132.1290 357.1434 14.32209042848827
1 25980U 99065A   16072.56427353  .00000406  00000-0  20111-3 0  9992,2 25980  45.0326 165.3618 0003757 137.2390 352.5134 14.32210073849493
1 25980U 99065A   16072.70333071 +.00000386 +00000-0 +19358-3 0  9999,2 25980 045.0326 164.7091 0003759 138.0336 349.3815 14.32210085848966
1 25980U 99065A   16073.68648988  .00000380  00000-0  19154-3 0  9991,2 25980  45.0326 160.0939 0003790 143.9420  17.4840 14.32211113849651
1 25980U 99065A   16074.72896095  .00000344  00000-0  17840-3 0  9991,2 25980  45.0327 155.2005 0003842 150.1341 351.4115 14.32211981849808
1 25980U 99065A   16075.70520338 +.00000414 +00000-0 +20409-3 0  9997,2 25980 045.0326 150.6179 0003882 155.7553 344.1133 14.32213402849391
1 25980U 99065A   16076.24367668  .00000465  00000-0  22277-3 0  9993,2 25980  45.0326 148.0901 0003908 158.9252 239.9709 14.32214287850029
1 25980U 99065A   16076.68108994 +.00000426 +00000-0 +20827-3 0  9992,2 25980 045.0325 146.0369 0003923 161.3184 335.0403 14.32214533849530
1 25980U 99065A   16077.51979515  .00000439  00000-0  21325-3 0  9998,2 25980  45.0324 142.0997 0003971 166.0708 338.7980 14.32215639850203
1 25980U 99065A   16077.65730314 +.00000398 +00000-0 +19816-3 0  9991,2 25980 045.0324 141.4542 0003979 166.7718 327.7672 14.32215532849675
1 25980U 99065A   16078.56789584  .00000362  00000-0  18495-3 0  9998,2 25980  45.0323 137.1795 0004030 171.7371 342.3212 14.32216383850351
1 25980U 99065A   16078.63421297 +.00000361 +00000-0 +18430-3 0  9998,2 25980 045.0323 136.8682 0004033 172.0848 324.2327 14.32216455849813
1 25980U 99065A   16079.61641536  .00000320  00000-0  16936-3 0  9991,2 25980  45.0323 132.2574 0004096 177.2802 348.1345 14.32217382850502
1 25980U 99065A   16080.51152421 +.00000320 +00000-0 +16933-3 0  9999,2 25980 045.0323 128.0553 0004146 182.0593 282.9696 14.32218347850088
1 25980U 99065A   16081.19779351  .00000326  00000-0  17167-3 0  9997,2 25980  45.0323 124.8336 0004187 185.6917 221.1427 14.32219113850736
1 25980U 99065A   16081.56210279 +.00000318 +00000-0 +16847-3 0  9992,2 25980 045.0323 123.1235 0004207 187.4989 299.5200 14.32219429850781
1 25980U 99065A   16082.53828443 +.00000290 +00000-0 +15842-3 0  9991,2 25980 045.0323 118.5409 0004266 192.4405 292.6119 14.32220184850374
1 25980U 99065A   16083.15027645  .00000284  00000-0  15601-3 0  9991,2 25980  45.0323 115.6679 0004307 195.5605 207.9593 14.32220688851019
1 25980U 99065A   16084.49711748  .00000319  00000-0  16904-3 0  9999,2 25980  45.0323 109.3453 0004376 202.1005 312.4184 14.32222044851201
1 25980U 99065A   16085.53984543  .00000261  00000-0  14750-3 0  9993,2 25980  45.0323 104.4503 0004433 207.0204 288.9845 14.32222637851357
