1 25981U 99065B   14365.72517459  .00000826  00000-0  36012-3 0  9994,2 25981 045.0254 051.4161 0002712 168.2423 280.7953 14.31546333786876
1 25981U 99065B   15002.18245123  .00000801  00000-0  35096-3 0  9993,2 25981 045.0254 044.5817 0002782 175.2891 231.1574 14.31549954787086
1 25981U 99065B   15003.22813328  .00000628  00000-0  28622-3 0  9991,2 25981 045.0255 039.6776 0002840 179.9861 220.6527 14.31553761787238
1 25981U 99065B   15004.27814713  .00000555  00000-0  25915-3 0  9997,2 25981 045.0255 034.7532 0002896 184.6311 232.5596 14.31555643787383
1 25981U 99065B   15005.54965780  .00000796  00000-0  34868-3 0  9993,2 25981 045.0256 028.7900 0002925 190.1767 306.1872 14.31558645787566
1 25981U 99065B   15007.50993597  .00001040  00000-0  43958-3 0  9991,2 25981 045.0257 019.5965 0003004 198.2696 330.3524 14.31562693787847
1 25981U 99065B   15009.16074851  .00001304  00000-0  53801-3 0  9999,2 25981 045.0257 011.8544 0003067 204.6653 199.8331 14.31568397788087
1 25981U 99065B   15010.50802492  .00001221  00000-0  50717-3 0  9990,2 25981 045.0257 005.5358 0003099 209.9413 304.6334 14.31571277788278
1 25981U 99065B   15012.31956426  .00000915  00000-0  39288-3 0  9997,2 25981 045.0258 357.0399 0003127 216.7970 282.8293 14.31578707788530
1 25981U 99065B   15013.36887828  .00000856  00000-0  37105-3 0  9992,2 25981 045.0258 352.1187 0003131 220.7605 291.9041 14.31582269788682
1 25981U 99065B   15015.38927905  .00000840  00000-0  36518-3 0  9997,2 25981 045.0257 342.6432 0003133 228.1555 267.0792 14.31587788788976
1 25981U 99065B   15016.90493969  .00000728  00000-0  32343-3 0  9991,2 25981 045.0255 335.5347 0003138 233.3827 160.6675 14.31589743789191
1 25981U 99065B   15018.17033809  .00000829  00000-0  36092-3 0  9992,2 25981 045.0253 329.6001 0003133 237.8514 203.9968 14.31590919789370
1 25981U 99065B   15019.30219444  .00000796  00000-0  34868-3 0  9991,2 25981 045.0251 324.2917 0003128 241.8595 278.8891 14.31592661789533
1 25981U 99065B   15020.88477097  .00000390  00000-0  19742-3 0  9990,2 25981 045.0249 316.8692 0003078 247.1050 157.6796 14.31596001789761
1 25981U 99065B   15022.23173410  .00000444  00000-0  21741-3 0  9995,2 25981 045.0246 310.5518 0003024 251.9631 261.4118 14.31599808789956
1 25981U 99065B   15023.40756059  .00000320  00000-0  17151-3 0  9994,2 25981 045.0245 305.0370 0002988 256.0213 203.1169 14.31601790790124
1 25981U 99065B   15024.87469687  .00000423  00000-0  20958-3 0  9997,2 25981 045.0242 298.1558 0002921 260.8382 206.8693 14.31602158790332
1 25981U 99065B   15026.20607859  .00000591  00000-0  27225-3 0  9991,2 25981 045.0240 291.9114 0002875 265.4561 230.5039 14.31603357790528
1 25981U 99065B   15027.51694294  .00000731  00000-0  32420-3 0  9994,2 25981 045.0237 285.7632 0002806 269.7755 148.5980 14.31605766790716
1 25981U 99065B   15028.84003088  .00000895  00000-0  38526-3 0  9990,2 25981 045.0234 279.5576 0002732 274.1848 129.6711 14.31607881790905
1 25981U 99065B   15030.86672174  .00000668  00000-0  30089-3 0  9997,2 25981 045.0231 270.0517 0002586 280.7283 138.3372 14.31614842791193
1 25981U 99065B   15032.13847458  .00000664  00000-0  29931-3 0  9998,2 25981 045.0230 264.0866 0002524 285.1343 214.6172 14.31619625791370
1 25981U 99065B   15034.01737627  .00000662  00000-0  29865-3 0  9997,2 25981 045.0230 255.2735 0002408 291.1555 181.4679 14.31624149791640
1 25981U 99065B   15035.20129813  .00000757  00000-0  33375-3 0  9997,2 25981 045.0230 249.7203 0002340 295.0247 165.2297 14.31625703791816
1 25981U 99065B   15036.58354339  .00000910  00000-0  39064-3 0  9994,2 25981 045.0230 243.2367 0002249 299.7620 091.2477 14.31628185792018
1 25981U 99065B   15037.84957448  .00000875  00000-0  37789-3 0  9996,2 25981 045.0230 237.2983 0002152 304.0019 138.2454 14.31631006792192
1 25981U 99065B   15038.90756407  .00000836  00000-0  36327-3 0  9990,2 25981 045.0231 232.3356 0002063 306.9548 193.2848 14.31635515792346
1 25981U 99065B   15039.95715286  .00000872  00000-0  37665-3 0  9992,2 25981 045.0231 227.4124 0001979 309.8900 205.0180 14.31639419792497
1 25981U 99065B   15041.91092206  .00000756  00000-0  33322-3 0  9998,2 25981 045.0233 218.2478 0001846 317.1487 196.9987 14.31644111792773
1 25981U 99065B   15042.95396376  .00000731  00000-0  32394-3 0  9999,2 25981 045.0235 213.3551 0001767 321.0708 174.0089 14.31646213792927
1 25981U 99065B   15044.00389603  .00000631  00000-0  28680-3 0  9994,2 25981 045.0236 208.4300 0001678 324.3121 187.2584 14.31648013793074
1 25981U 99065B   15045.53130194  .00000687  00000-0  30770-3 0  9996,2 25981 045.0237 201.2654 0001549 329.2173 142.0921 14.31649983793291
1 25981U 99065B   15046.86658719  .00000808  00000-0  35254-3 0  9998,2 25981 045.0238 195.0020 0001452 334.1208 185.8057 14.31652161793484
1 25981U 99065B   15047.91041537  .00000878  00000-0  37853-3 0  9993,2 25981 045.0239 190.1057 0001377 338.1480 166.7980 14.31655653793632
1 25981U 99065B   15049.42579319  .00000892  00000-0  38396-3 0  9994,2 25981 045.0240 182.9975 0001258 344.3043 058.3680 14.31661104793859
1 25981U 99065B   15051.17587944  .00000771  00000-0  33877-3 0  9997,2 25981 045.0240 174.7885 0001124 349.7188 081.5592 14.31663813794107
1 25981U 99065B   15052.49808639  .00000759  00000-0  33424-3 0  9994,2 25981 045.0240 168.5864 0001022 356.5490 055.9425 14.31667361794296
1 25981U 99065B   15053.69525645  .00000858  00000-0  37115-3 0  9991,2 25981 045.0240 162.9709 0000948 001.8101 106.8502 14.31669454794463
1 25981U 99065B   15055.15333859  .00001123  00000-0  46972-3 0  9995,2 25981 045.0240 156.1314 0000840 010.0261 060.8534 14.31672730794678
1 25981U 99065B   15056.26154259  .00000874  00000-0  37701-3 0  9995,2 25981 045.0241 150.9321 0000792 016.5156 011.5799 14.31675983794836
1 25981U 99065B   15057.52779478  .00000820  00000-0  35683-3 0  9999,2 25981 045.0241 144.9924 0000717 023.1542 057.5368 14.31677892795012
1 25981U 99065B   15058.58497391  .00000928  00000-0  39717-3 0  9998,2 25981 045.0247 140.0255 0000914 028.2944 106.3977 14.31680042795169
1 25981U 99065B   15059.63554601  .00000900  00000-0  38681-3 0  9992,2 25981 045.0246 135.0975 0000845 034.0981 120.5131 14.31682057795315
1 25981U 99065B   15061.21775074  .00001084  00000-0  45518-3 0  9999,2 25981 045.0244 127.6754 0000737 044.1429 353.1092 14.31686539795548
1 25981U 99065B   15062.56726808  .00001129  00000-0  47156-3 0  9999,2 25981 045.0244 121.3450 0000666 054.5218 104.9462 14.31689850795737
1 25981U 99065B   15063.60426811  .00001071  00000-0  45004-3 0  9992,2 25981 045.0244 116.4804 0000622 063.4525 045.9520 14.31691975795883
1 25981U 99065B   15065.12371936  .00000916  00000-0  39264-3 0  9996,2 25981 045.0245 109.3525 0000552 078.8850 309.4607 14.31694620796108
1 25981U 99065B   15066.25227817  .00001062  00000-0  44659-3 0  9996,2 25981 045.0245 104.0585 0000531 088.8805 001.7846 14.31698179796261
1 25981U 99065B   15067.52073025  .00001027  00000-0  43370-3 0  9997,2 25981 045.0246 098.1082 0000529 103.4737 051.2415 14.31700907796447
1 25981U 99065B   15069.10477954  .00001072  00000-0  45053-3 0  9992,2 25981 045.0245 090.6771 0000553 121.3382 285.6397 14.31704801796674
1 25981U 99065B   15070.45007350  .00000999  00000-0  42316-3 0  9997,2 25981 045.0245 084.3661 0000607 135.4813 012.0142 14.31707612796861
1 25981U 99065B   15071.50086706  .00001002  00000-0  42448-3 0  9998,2 25981 045.0245 079.4366 0000653 144.3055 024.3581 14.31710137797013
1 25981U 99065B   15073.15148731  .00000908  00000-0  38944-3 0  9998,2 25981 045.0247 071.6931 0000731 155.5496 248.8744 14.31713342797258
1 25981U 99065B   15074.42979696  .00000932  00000-0  39847-3 0  9991,2 25981 045.0249 065.6963 0000786 162.0405 357.3595 14.31716165797437
1 25981U 99065B   15076.15494355  .00000848  00000-0  36699-3 0  9995,2 25981 045.0251 057.6033 0000892 171.2751 248.4107 14.31719030797683
1 25981U 99065B   15077.42689101  .00001404  00000-0  57365-3 0  9993,2 25981 045.0252 051.6364 0000977 177.0804 324.8049 14.31725698797863
1 25981U 99065B   15078.86833753  .00001362  00000-0  55777-3 0  9994,2 25981 045.0254 044.8742 0001096 184.2493 194.3255 14.31729694798079
1 25981U 99065B   15080.13443148  .00000027  00000-0  62037-4 0  9997,2 25981 045.0254 038.9349 0001151 186.8100 243.7757 14.31730361798250
1 25981U 99065B   15081.33920336  .00000920  00000-0  39390-3 0  9996,2 25981 045.0257 033.2828 0001210 191.0193 335.2276 14.31733588798425
1 25981U 99065B   15082.84778010  .00000809  00000-0  35253-3 0  9993,2 25981 045.0259 026.2055 0001323 195.4474 193.8717 14.31737013798645
1 25981U 99065B   15084.19616762  .00000932  00000-0  39797-3 0  9992,2 25981 045.0261 019.8800 0001406 199.5080 306.4439 14.31740212798833
1 25981U 99065B   15085.24463897  .00001100  00000-0  46036-3 0  9990,2 25981 045.0262 014.9615 0001472 202.6268 312.6336 14.31743182798981
1 25981U 99065B   15086.82865337  .00001290  00000-0  53075-3 0  9991,2 25981 045.0262 007.5306 0001579 207.5648 200.0178 14.31747807799219
1 25981U 99065B   15088.17497870  .00001357  00000-0  55562-3 0  9991,2 25981 045.0261 001.2148 0001658 211.5453 302.0836 14.31751685799404
1 25981U 99065B   15089.84015944  .00001429  00000-0  58240-3 0  9990,2 25981 045.0260 353.4031 0001760 215.7915 248.9702 14.31756857799641
1 25981U 99065B   15091.17645262  .00001354  00000-0  55441-3 0  9998,2 25981 045.0259 347.1340 0001831 218.8265 300.2661 14.31760414799834
1 25981U 99065B   15092.48200536  .00001318  00000-0  54119-3 0  9995,2 25981 045.0259 341.0091 0001913 222.9888 191.8546 14.31764126800022
1 25981U 99065B   15093.82080603  .00001309  00000-0  53782-3 0  9990,2 25981 045.0259 334.7282 0001999 225.9379 256.2134 14.31768111800213
1 25981U 99065B   15095.15071573  .00001207  00000-0  50003-3 0  9994,2 25981 045.0258 328.4892 0002052 229.4429 274.1612 14.31771373800400
1 25981U 99065B   15096.80809181  .00001115  00000-0  46588-3 0  9992,2 25981 045.0256 320.7138 0002133 233.3453 181.2441 14.31775421800649
1 25981U 99065B   15098.07948059  .00001100  00000-0  45994-3 0  9995,2 25981 045.0254 314.7491 0002185 236.8975 257.2524 14.31778875800828
1 25981U 99065B   15099.03035397  .00001161  00000-0  48291-3 0  9994,2 25981 045.0291 310.2845 0002230 234.2085 125.8587 14.31782101800969
1 25981U 99065B   15100.16568499  .00000858  00000-0  37047-3 0  9994,2 25981 045.0250 304.9614 0002281 242.1907 215.4748 14.31782723801129
1 25981U 99065B   15101.54768288  .00000872  00000-0  37541-3 0  9990,2 25981 045.0250 298.4773 0002364 245.1365 142.7985 14.31785975801324
1 25981U 99065B   15102.81388888  .00000897  00000-0  38463-3 0  9996,2 25981 045.0249 292.5363 0002408 248.8624 191.9350 14.31788628801509
1 25981U 99065B   15104.22130574  .00000849  00000-0  36675-3 0  9990,2 25981 045.0248 285.9329 0002472 252.5155 249.7230 14.31791204801703
1 25981U 99065B   15105.52779773  .00001119  00000-0  46689-3 0  9991,2 25981 045.0247 279.8029 0002519 256.2139 146.7696 14.31795487801895
1 25981U 99065B   15106.87368443  .00001237  00000-0  51062-3 0  9990,2 25981 045.0247 273.4883 0002535 260.7731 246.2334 14.31799784802080
1 25981U 99065B   15107.91820753  .00001306  00000-0  53618-3 0  9999,2 25981 045.0247 268.5876 0002569 263.2508 232.9232 14.31803116802235
1 25981U 99065B   15109.50609478  .00001358  00000-0  55542-3 0  9990,2 25981 045.0247 261.1373 0002599 268.1763 140.6496 14.31808110802467
1 25981U 99065B   15110.92197812  .00001768  00000-0  70749-3 0  9993,2 25981 045.0247 254.4937 0002630 271.8169 242.2444 14.31815069802660
1 25981U 99065B   15112.50477765  .00001913  00000-0  76094-3 0  9998,2 25981 045.0246 247.0671 0002658 276.3167 124.2148 14.31821497802897
1 25981U 99065B   15113.78226529  .00001736  00000-0  69539-3 0  9998,2 25981 045.0246 241.0732 0002665 280.0513 231.7128 14.31825199803070
1 25981U 99065B   15114.82586247  .00001709  00000-0  68537-3 0  9997,2 25981 045.0246 236.1768 0002680 283.0473 213.2022 14.31828887803221
1 25981U 99065B   15116.48411876  .00001269  00000-0  52215-3 0  9993,2 25981 045.0247 228.3964 0002691 288.1767 123.9452 14.31832601803466
1 25981U 99065B   15117.75530435  .00001028  00000-0  43300-3 0  9995,2 25981 045.0246 222.4323 0002683 292.5781 198.3194 14.31835585803648
1 25981U 99065B   15119.48654751  .00000771  00000-0  33778-3 0  9997,2 25981 045.0245 214.3092 0002651 297.9379 125.4563 14.31839022803895
1 25981U 99065B   15120.69076454  .00000671  00000-0  30050-3 0  9999,2 25981 045.0244 208.6591 0002632 302.0561 214.6087 14.31841102804068
1 25981U 99065B   15122.19986219  .00000635  00000-0  28742-3 0  9990,2 25981 045.0242 201.5783 0002597 306.8552 076.1511 14.31843622804289
1 25981U 99065B   15123.54666391  .00000568  00000-0  26248-3 0  9990,2 25981 045.0241 195.2589 0002560 311.4307 180.5450 14.31845469804475
1 25981U 99065B   15124.59627097  .00000561  00000-0  25982-3 0  9993,2 25981 045.0240 190.3340 0002526 315.0517 192.4926 14.31847112804624
1 25981U 99065B   15126.17890543  .00000583  00000-0  26811-3 0  9993,2 25981 045.0239 182.9080 0002466 320.6593 072.6809 14.31849720804850
1 25981U 99065B   15127.52872152  .00000622  00000-0  28247-3 0  9998,2 25981 045.0238 176.5745 0002403 325.6373 192.2558 14.31852087805040
1 25981U 99065B   15128.57558626  .00000636  00000-0  28755-3 0  9990,2 25981 045.0237 171.6624 0002361 329.5270 189.8077 14.31853733805196
1 25981U 99065B   15130.15798939  .00000766  00000-0  33581-3 0  9997,2 25981 045.0235 164.2372 0002288 335.4030 068.5705 14.31856848805427
1 25981U 99065B   15131.57229733  .00000928  00000-0  39553-3 0  9990,2 25981 045.0233 157.6008 0002209 341.2299 160.0868 14.31860117805626
1 25981U 99065B   15133.08723855  .00001220  00000-0  50362-3 0  9999,2 25981 045.0232 150.4920 0002124 347.7935 050.1197 14.31864729805844
1 25981U 99065B   15134.43534200  .00001296  00000-0  53173-3 0  9999,2 25981 045.0233 144.1661 0002053 354.2187 159.4819 14.31868308806033
1 25981U 99065B   15135.47861214  .00001217  00000-0  50248-3 0  9995,2 25981 045.0234 139.2707 0001980 359.3050 137.3514 14.31870569806188
1 25981U 99065B   15136.58581291  .00001106  00000-0  46150-3 0  9996,2 25981 045.0236 134.0753 0001922 004.9959 084.4888 14.31872858806348
1 25981U 99065B   15138.11173760  .00000943  00000-0  40099-3 0  9999,2 25981 045.0237 126.9149 0001812 013.0912 029.7317 14.31875873806569
1 25981U 99065B   15139.16157728  .00000867  00000-0  37288-3 0  9992,2 25981 045.0238 121.9886 0001716 018.8215 040.8850 14.31877850806715
1 25981U 99065B   15140.43317667  .00000838  00000-0  36235-3 0  9993,2 25981 045.0239 116.0218 0001671 027.3492 113.4729 14.31880515806895
1 25981U 99065B   15141.74484000  .00000723  00000-0  31952-3 0  9998,2 25981 045.0240 109.8668 0001601 036.0543 032.6112 14.31882461807085
1 25981U 99065B   15143.14061243  .00000566  00000-0  26160-3 0  9994,2 25981 045.0242 103.3170 0001542 046.7742 023.7274 14.31884252807289
1 25981U 99065B   15144.33968708  .00000446  00000-0  21704-3 0  9994,2 25981 045.0244 097.6904 0001518 056.2107 081.2232 14.31885681807454
1 25981U 99065B   15145.44680712  .00000391  00000-0  19690-3 0  9993,2 25981 045.0246 092.4953 0001502 064.8132 025.0947 14.31887091807613
1 25981U 99065B   15146.69856564  .00000342  00000-0  17878-3 0  9993,2 25981 045.0249 086.6215 0001479 074.7974 353.8892 14.31888408807792
1 25981U 99065B   15147.80638499  .00000409  00000-0  20345-3 0  9999,2 25981 045.0250 081.4233 0001488 083.8379 300.9396 14.31889957807957
1 25981U 99065B   15149.15327847  .00000462  00000-0  22318-3 0  9992,2 25981 045.0252 075.1033 0001540 094.8295 039.6140 14.31891709808148
1 25981U 99065B   15150.20292560  .00000432  00000-0  21201-3 0  9990,2 25981 045.0253 070.1780 0001591 102.9531 047.4375 14.31892711808290
1 25981U 99065B   15150.20292560  .00000432  00000-0  21201-3 0  9990,2 25981 045.0253 070.1780 0001591 102.9531 047.4375 14.31892711808290
1 25981U 99065B   15151.24652389  .00000863  00000-0  37129-3 0  9998,2 25981 045.0253 065.2811 0001637 110.4818 024.6495 14.31896169808441
1 25981U 99065B   15153.13404020  .00000347  00000-0  18054-3 0  9998,2 25981 045.0254 056.4241 0001766 124.5705 029.7475 14.31895747808710
1 25981U 99065B   15154.18147712  .00000359  00000-0  18487-3 0  9999,2 25981 045.0256 051.5091 0001839 131.5104 027.3675 14.31897062808867
1 25981U 99065B   15156.13485039  .00000525  00000-0  24646-3 0  9992,2 25981 045.0258 042.3430 0002003 144.2645 013.6319 14.31900171809140
1 25981U 99065B   15157.17868734  .00000664  00000-0  29776-3 0  9997,2 25981 045.0258 037.4449 0002105 150.5035 353.3903 14.31902017809291
1 25981U 99065B   15158.83614322  .00000817  00000-0  35443-3 0  9991,2 25981 045.0258 029.6673 0002252 159.9322 256.1281 14.31904899809534
1 25981U 99065B   15159.88599847 +.00000938 +00000-0 +39896-3 0  9991,2 25981 045.0257 024.7408 0002357 165.7808 267.3506 14.31907218808806
1 25981U 99065B   15160.03317881  .00000941  00000-0  39999-3 0  9994,2 25981 045.0257 024.0502 0002371 166.5469 306.0102 14.31907496809703
1 25981U 99065B   15160.86234817 +.00000927 +00000-0 +39505-3 0  9999,2 25981 045.0257 020.1592 0002454 170.8544 260.0766 14.31908765808943
1 25981U 99065B   15161.08422586  .00000928  00000-0  39550-3 0  9997,2 25981 045.0257 019.1181 0002476 171.9287 323.8553 14.31909199809850
1 25981U 99065B   15161.91143646 +.00000926 +00000-0 +39450-3 0  9993,2 25981 045.0257 015.2363 0002573 175.9359 268.1212 14.31910643809096
1 25981U 99065B   15162.13358096  .00000932  00000-0  39697-3 0  9995,2 25981 045.0257 014.1939 0002600 176.9137 333.3750 14.31911150810008
1 25981U 99065B   15162.97274687 +.00000919 +00000-0 +39190-3 0  9993,2 25981 045.0257 010.2559 0002690 181.0048 339.2522 14.31912710809249
1 25981U 99065B   15163.79140648  .00000977  00000-0  41352-3 0  9990,2 25981 045.0258 006.4142 0002790 184.8831 239.5383 14.31914686810240
1 25981U 99065B   15163.94665350 +.00000972 +00000-0 +41154-3 0  9994,2 25981 045.0258 005.6857 0002804 185.6007 319.8732 14.31914971809384
1 25981U 99065B   15164.92343238 +.00000954 +00000-0 +40481-3 0  9993,2 25981 045.0258 001.1021 0002908 190.1782 315.3388 14.31916773809520
1 25981U 99065B   15164.99555413  .00000954  00000-0  40473-3 0  9991,2 25981 045.0258 000.7636 0002910 190.5615 327.0941 14.31916916810413
1 25981U 99065B   15165.89910100 +.00000848 +00000-0 +36560-3 0  9993,2 25981 045.0258 356.5236 0003006 194.7276 305.1105 14.31918082809667
1 25981U 99065B   15166.03947693  .00000846  00000-0  36479-3 0  9994,2 25981 045.0258 355.8649 0003023 195.2781 308.8822 14.31918359810567
1 25981U 99065B   15167.62328602  .00000749  00000-0  32883-3 0  9990,2 25981 045.0258 348.4327 0003196 202.2437 194.1773 14.31920789810792
1 25981U 99065B   15168.82802237  .00000661  00000-0  29639-3 0  9992,2 25981 045.0259 342.7794 0003295 207.2179 285.5062 14.31922592810965
1 25981U 99065B   15168.96102957 +.00000673 +00000-0 +30085-3 0  9999,2 25981 045.0259 342.1553 0003301 207.7990 251.2274 14.31922881810108
1 25981U 99065B   15169.50703207 +.00000581 +00000-0 +26690-3 0  9990,2 25981 045.0258 339.5931 0003375 210.0981 186.2427 14.31923407810185
1 25981U 99065B   15169.87717918  .00000527  00000-0  24689-3 0  9990,2 25981 045.0258 337.8562 0003401 211.5803 294.6800 14.31923748811116
1 25981U 99065B   15170.92196513  .00000448  00000-0  21765-3 0  9994,2 25981 045.0257 332.9533 0003496 215.9271 281.3217 14.31925101811266
1 25981U 99065B   15171.97109800  .00000399  00000-0  19945-3 0  9995,2 25981 045.0257 328.0300 0003573 220.1929 290.4778 14.31926383811411
1 25981U 99065B   15173.48582600  .00000366  00000-0  18737-3 0  9998,2 25981 045.0257 320.9217 0003702 226.3932 180.1312 14.31928079811632
1 25981U 99065B   15174.75980559  .00000570  00000-0  26280-3 0  9993,2 25981 045.0258 314.9432 0003802 231.4219 268.7304 14.31930892811811
1 25981U 99065B   15175.80919024  .00000541  00000-0  25216-3 0  9995,2 25981 045.0257 310.0187 0003869 235.7726 279.1171 14.31931829811962
1 25981U 99065B   15177.47513734  .00000412  00000-0  20442-3 0  9991,2 25981 045.0256 302.2010 0004012 242.2824 228.7704 14.31933301812209
1 25981U 99065B   15178.73920260  .00000319  00000-0  16994-3 0  9990,2 25981 045.0255 296.2693 0004081 247.2029 266.3397 14.31934452812388
1 25981U 99065B   15179.78837735  .00000255  00000-0  14630-3 0  9994,2 25981 045.0254 291.3459 0004122 251.3802 275.8367 14.31935475812539
1 25981U 99065B   15181.51268873  .00000185  00000-0  12036-3 0  9999,2 25981 045.0252 283.2542 0004209 257.9662 166.5920 14.31936841812788
1 25981U 99065B   15182.71700466  .00000203  00000-0  12711-3 0  9992,2 25981 045.0251 277.6026 0004256 262.6397 256.1790 14.31937867812950
1 25981U 99065B   15184.29918693  .00000248  00000-0  14371-3 0  9993,2 25981 045.0250 270.1776 0004319 268.6465 134.1471 14.31939163813189
1 25981U 99065B   15185.49164605  .00000312  00000-0  16741-3 0  9997,2 25981 045.0248 264.5817 0004340 273.3165 162.5055 14.31940269813354
1 25981U 99065B   15186.54914564  .00000489  00000-0  23285-3 0  9997,2 25981 045.0247 259.6192 0004355 277.5721 214.9016 14.31942206813503
1 25981U 99065B   15187.66569881  .00000378  00000-0  19164-3 0  9997,2 25981 045.0245 254.3795 0004361 281.9944 211.8486 14.31942748813660
1 25981U 99065B   15189.46961699  .00000437  00000-0  21331-3 0  9995,2 25981 045.0242 245.9140 0004363 289.1520 152.8454 14.31944990813928
1 25981U 99065B   15190.52738609  .00000465  00000-0  22365-3 0  9996,2 25981 045.0240 240.9500 0004362 293.4204 206.6345 14.31946296814072
1 25981U 99065B   15191.57826116  .00000342  00000-0  17843-3 0  9992,2 25981 045.0239 236.0182 0004354 297.6746 224.8689 14.31946754814229
1 25981U 99065B   15193.15972043  .00000513  00000-0  24149-3 0  9996,2 25981 045.0237 228.5963 0004324 304.0464 098.7964 14.31949300814456
1 25981U 99065B   15194.50666315  .00000406  00000-0  20207-3 0  9990,2 25981 045.0235 222.2751 0004269 309.6957 203.3514 14.31950053814649
1 25981U 99065B   15195.54979539  .00000420  00000-0  20706-3 0  9990,2 25981 045.0235 217.3797 0004226 314.1233 181.4786 14.31951389814791
1 25981U 99065B   15197.06508223  .00000307  00000-0  16529-3 0  9999,2 25981 045.0235 210.2683 0004170 320.7554 073.7218 14.31952623815015
1 25981U 99065B   15198.12655456  .00000235  00000-0  13876-3 0  9990,2 25981 045.0235 205.2869 0004117 325.5345 146.1415 14.31953531815166
1 25981U 99065B   15199.16018192  .00000224  00000-0  13474-3 0  9997,2 25981 045.0235 200.4361 0004073 330.3088 074.8895 14.31954632815318
1 25981U 99065B   15200.43793050  .00000220  00000-0  13334-3 0  9994,2 25981 045.0235 194.4396 0003989 336.1441 182.2468 14.31955789815493
1 25981U 99065B   15202.08941751  .00000183  00000-0  11966-3 0  9997,2 25981 045.0235 186.6890 0003884 343.9580 056.1245 14.31956809815732
1 25981U 99065B   15203.13748120  .00000226  00000-0  13534-3 0  9990,2 25981 045.0236 181.7703 0003813 349.0152 059.0917 14.31957766815883
1 25981U 99065B   15204.34303186  .00000245  00000-0  14242-3 0  9991,2 25981 045.0236 176.1126 0003744 355.5795 153.1897 14.31958690816058
1 25981U 99065B   15205.38665258  .00000248  00000-0  14364-3 0  9995,2 25981 045.0237 171.2149 0003671 000.9889 132.8860 14.31959589816203
1 25981U 99065B   15207.11784576  .00000149  00000-0  10708-3 0  9991,2 25981 045.0240 163.0903 0003542 010.2438 056.6306 14.31960496816459
1 25981U 99065B   15208.32209211  .00000165  00000-0  11274-3 0  9990,2 25981 045.0242 157.4388 0003466 017.1710 143.6489 14.31961524816620
1 25981U 99065B   15209.83071186  .00000239  00000-0  14034-3 0  9994,2 25981 045.0243 150.3587 0003362 025.7519 359.5951 14.31963051816844
1 25981U 99065B   15211.17747797  .00000278  00000-0  15462-3 0  9991,2 25981 045.0244 144.0384 0003293 034.1137 100.5953 14.31964196817032
1 25981U 99065B   15212.21493953  .00000364  00000-0  18639-3 0  9994,2 25981 045.0244 139.1695 0003246 040.6244 047.4275 14.31965390817180
1 25981U 99065B   15213.27068230  .00000416  00000-0  20571-3 0  9993,2 25981 045.0244 134.2148 0003207 047.2729 088.4581 14.31966551817339
1 25981U 99065B   15214.78594367  .00000405  00000-0  20176-3 0  9994,2 25981 045.0245 127.1035 0003158 056.8834 337.6706 14.31967981817554
1 25981U 99065B   15215.83533706  .00000388  00000-0  19548-3 0  9992,2 25981 045.0247 122.1787 0003134 063.7954 345.6846 14.31968993817704
1 25981U 99065B   15217.17619622  .00000374  00000-0  19030-3 0  9994,2 25981 045.0249 115.8862 0003119 072.4420 055.9478 14.31970287817898
1 25981U 99065B   15218.28446850  .00000367  00000-0  18763-3 0  9992,2 25981 045.0250 110.6850 0003120 079.9112 007.2326 14.31971375818052
1 25981U 99065B   15220.11151183  .00000440  00000-0  21464-3 0  9993,2 25981 045.0250 102.1106 0003143 092.2516 062.5610 14.31973618818314
1 25981U 99065B   15221.49053179  .00000498  00000-0  23590-3 0  9996,2 25981 045.0249 095.6386 0003189 101.6025 329.0565 14.31975371818518
1 25981U 99065B   15222.73809994  .00000385  00000-0  19412-3 0  9991,2 25981 045.0248 089.7835 0003251 110.0524 278.1557 14.31976003818695
1 25981U 99065B   15223.78796340  .00000314  00000-0  16779-3 0  9992,2 25981 045.0248 084.8563 0003312 116.9039 288.6871 14.31976765818840
1 25981U 99065B   15224.83861196  .00000251  00000-0  14473-3 0  9990,2 25981 045.0249 079.9254 0003391 123.7691 303.2586 14.31977487818995
1 25981U 99065B   15225.96210716  .00000202  00000-0  12665-3 0  9998,2 25981 045.0250 074.6527 0003450 130.4302 333.9327 14.31978283819159
1 25981U 99065B   15227.01691998  .00000189  00000-0  12177-3 0  9993,2 25981 045.0251 069.7023 0003538 136.9137 010.3798 14.31979059819307
1 25981U 99065B   15228.06249685  .00000321  00000-0  17051-3 0  9995,2 25981 045.0251 064.7953 0003623 143.2153 359.3545 14.31980586819457
1 25981U 99065B   15229.50413627  .00000331  00000-0  17427-3 0  9992,2 25981 045.0252 058.0294 0003747 151.5728 229.9994 14.31981763819660
1 25981U 99065B   15229.94784303 +.00000298 +00000-0 +16198-3 0  9998,2 25981 045.0253 055.9471 0003806 154.1054 357.0379 14.31981888818848
1 25981U 99065B   15230.85114611  .00000257  00000-0  14689-3 0  9997,2 25981 045.0253 051.7076 0003903 159.2556 333.0249 14.31982388819852
1 25981U 99065B   15230.92413175 +.00000241 +00000-0 +14076-3 0  9995,2 25981 045.0253 051.3651 0003916 159.6826 349.2112 14.31982350818985
1 25981U 99065B   15231.90046644 +.00000212 +00000-0 +13029-3 0  9992,2 25981 045.0254 046.7830 0004026 165.0400 341.8445 14.31983025819129
1 25981U 99065B   15231.96773891  .00000207  00000-0  12846-3 0  9999,2 25981 045.0254 046.4673 0004029 165.3986 328.6190 14.31983050820014
1 25981U 99065B   15233.55582921  .00000130  00000-0  10007-3 0  9990,2 25981 045.0255 039.0139 0004193 173.9363 234.8015 14.31983973820249
1 25981U 99065B   15234.90311709 +.00000136 +00000-0 +10216-3 0  9992,2 25981 045.0257 032.6909 0004306 180.6845 340.2095 14.31984941819559
1 25981U 99065B   15235.87935530  .00000174  00000-0  11634-3 0  9990,2 25981 045.0259 028.1092 0004396 185.6370 332.7588 14.31985797820578
1 25981U 99065B   15236.92279113  .00000204  00000-0  12725-3 0  9991,2 25981 045.0261 023.2123 0004495 190.8578 311.7896 14.31986591820729
1 25981U 99065B   15236.92279113 +.00000204 +00000-0 +12725-3 0  9991,2 25981 045.0261 023.2123 0004495 190.8578 311.7896 14.31986591819840
1 25981U 99065B   15238.50688414  .00000235  00000-0  13851-3 0  9990,2 25981 045.0262 015.7780 0004653 198.6393 198.1198 14.31987752820959
1 25981U 99065B   15240.53319307 +.00000316 +00000-0 +16848-3 0  9997,2 25981 045.0262 006.2683 0004859 208.3407 204.4348 14.31990076820365
1 25981U 99065B   15240.53319307 +.00000316 +00000-0 +16848-3 0  9997,2 25981 045.0262 006.2683 0004859 208.3407 204.4348 14.31990076820365
1 25981U 99065B   15241.50866728  .00000342  00000-0  17838-3 0  9998,2 25981 045.0262 001.6903 0004952 212.9386 193.4169 14.31991338821383
1 25981U 99065B   15241.80509400 +.00000323 +00000-0 +17135-3 0  9991,2 25981 045.0262 000.2992 0004957 214.2180 281.7399 14.31991544820540
1 25981U 99065B   15242.78565111  .00000270  00000-0  15144-3 0  9999,2 25981 045.0261 355.6972 0005042 218.7194 297.0502 14.31992325821561
1 25981U 99065B   15243.76348310 +.00000275 +00000-0 +15328-3 0  9997,2 25981 045.0261 351.1080 0005125 223.2240 298.2983 14.31993370820822
1 25981U 99065B   15244.16419664  .00000287  00000-0  15770-3 0  9997,2 25981  45.0262 349.2274 0005157 225.1405 204.1216 14.31993823821767
1 25981U 99065B   15244.51166238 +.00000284 +00000-0 +15683-3 0  9992,2 25981 045.0262 347.5966 0005191 226.6767 195.5598 14.31994172820933
1 25981U 99065B   15245.48784422  .00000273  00000-0  15279-3 0  9999,2 25981  45.0262 343.0152 0005265 231.1151 188.3645 14.31995000821958
1 25981U 99065B   15245.56172845 +.00000281 +00000-0 +15569-3 0  9999,2 25981 045.0262 342.6685 0005267 231.4511 209.2822 14.31995110821085
1 25981U 99065B   15246.46439799 +.00000283 +00000-0 +15647-3 0  9992,2 25981 045.0262 338.4321 0005330 235.5065 183.1382 14.31995867821210
1 25981U 99065B   15247.22411544  .00000314  00000-0  16772-3 0  9990,2 25981  45.0261 334.8667 0005379 238.9226 139.9819 14.31996671822209
1 25981U 99065B   15247.51424839 +.00000324 +00000-0 +17137-3 0  9990,2 25981 045.0261 333.5050 0005389 240.0800 195.9565 14.31997000821367
1 25981U 99065B   15248.57195869  .00000329  00000-0  17346-3 0  9992,2 25981  45.0259 328.5410 0005446 244.5994 249.3901 14.31997960822392
1 25981U 99065B   15248.71183550 +.00000326 +00000-0 +17220-3 0  9990,2 25981 045.0259 327.8846 0005455 245.3443 250.4319 14.31998075821534
1 25981U 99065B   15249.68821380  .00000305  00000-0  16432-3 0  9998,2 25981  45.0258 323.3023 0005502 249.6581 244.3891 14.31998912822554
1 25981U 99065B   15250.66537929 +.00000284 +00000-0 +15674-3 0  9994,2 25981 045.0256 318.7163 0005546 253.9247 242.4591 14.31999804821815
1 25981U 99065B   15251.20333192  .00000285  00000-0  15710-3 0  9993,2 25981  45.0255 316.1915 0005574 256.2382 136.0727 14.32000380822776
1 25981U 99065B   15251.64105062 +.00000335 +00000-0 +17541-3 0  9994,2 25981 045.0255 314.1372 0005584 258.1320 232.8829 14.32001150821958
1 25981U 99065B   15252.46833338  .00000321  00000-0  17022-3 0  9998,2 25981  45.0254 310.2545 0005616 261.6991 178.2382 14.32001913822950
1 25981U 99065B   15252.61728022 +.00000310 +00000-0 +16643-3 0  9994,2 25981 045.0254 309.5555 0005620 262.3849 226.1442 14.32002007822097
1 25981U 99065B   15253.59368612  .00000335  00000-0  17565-3 0  9998,2 25981  45.0253 304.9729 0005645 266.5878 220.3690 14.32003106823119
1 25981U 99065B   15254.56994171 +.00000354 +00000-0 +18255-3 0  9999,2 25981 045.0252 300.3910 0005667 270.7737 213.8388 14.32004143822375
1 25981U 99065B   15255.18201874  .00000347  00000-0  18000-3 0  9999,2 25981  45.0251 297.5182 0005681 273.3854 129.6573 14.32004686823347
1 25981U 99065B   15255.61958473 +.00000332 +00000-0 +17452-3 0  9995,2 25981 045.0251 295.4647 0005685 275.3490 225.6150 14.32004994822521
1 25981U 99065B   15256.52915289  .00000300  00000-0  16274-3 0  9990,2 25981  45.0250 291.1957 0005692 279.2786 235.2275 14.32005649823531
1 25981U 99065B   15257.90720727 +.00000295 +00000-0 +16063-3 0  9993,2 25981 045.0248 284.7280 0005694 285.2296 140.3023 14.32006999822850
1 25981U 99065B   15258.12332184  .00000295  00000-0  16073-3 0  9995,2 25981  45.0248 283.7135 0005689 286.0989 174.6265 14.32007221823768
1 25981U 99065B   15258.54146395 +.00000291 +00000-0 +15927-3 0  9991,2 25981 045.0247 281.7511 0005688 288.0289 170.3913 14.32007601822941
1 25981U 99065B   15259.45931635  .00000242  00000-0  14126-3 0  9997,2 25981  45.0246 277.4433 0005682 292.1298 222.5896 14.32008211823955
1 25981U 99065B   15259.52541172 +.00000241 +00000-0 +14088-3 0  9994,2 25981 045.0246 277.1330 0005681 292.4363 203.3484 14.32008267823088
1 25981U 99065B   15260.50668021  .00000240  00000-0  14044-3 0  9998,2 25981  45.0245 272.5276 0005667 296.8825 222.4438 14.32009152824109
1 25981U 99065B   15261.48382197 +.00000249 +00000-0 +14387-3 0  9992,2 25981 045.0244 267.9414 0005646 301.2702 220.3055 14.32010015823361
1 25981U 99065B   15262.15859190  .00000273  00000-0  15264-3 0  9991,2 25981  45.0244 264.7742 0005630 304.2519  99.2755 14.32010704824346
1 25981U 99065B   15262.45992845 +.00000316 +00000-0 +16858-3 0  9997,2 25981 045.0244 263.3600 0005618 305.6287 212.8575 14.32011160823504
1 25981U 99065B   15263.43618561  .00000357  00000-0  18378-3 0  9990,2 25981  45.0243 258.7779 0005583 310.0714 206.1054 14.32012118824529
1 25981U 99065B   15263.96881545 +.00000368 +00000-0 +18763-3 0  9992,2 25981 045.0243 256.2779 0005568 312.5036 072.1568 14.32012638823728
1 25981U 99065B   15264.48016847  .00000375  00000-0  19031-3 0  9992,2 25981  45.0243 253.8778 0005537 314.8038 188.5473 14.32013104824674
1 25981U 99065B   15265.92020959 +.00000361 +00000-0 +18500-3 0  9996,2 25981 045.0243 247.1189 0005477 321.6105 052.6657 14.32014305824006
1 25981U 99065B   15266.13730912  .00000358  00000-0  18416-3 0  9999,2 25981  45.0243 246.0999 0005457 322.5534  92.0046 14.32014540824918
1 25981U 99065B   15266.97103074 +.00000349 +00000-0 +18054-3 0  9992,2 25981 045.0243 242.1868 0005415 326.5690 070.1787 14.32015367824154
1 25981U 99065B   15267.40845144  .00000366  00000-0  18702-3 0  9991,2 25981  45.0243 240.1339 0005386 328.6863 165.2509 14.32015949825095
1 25981U 99065B   15267.94728749 +.00000356 +00000-0 +18315-3 0  9990,2 25981 045.0243 237.6048 0005354 331.2774 063.1769 14.32016521824291
1 25981U 99065B   15268.92355928 +.00000392 +00000-0 +19650-3 0  9997,2 25981 045.0244 233.0227 0005295 336.0747 056.1679 14.32017885824430
1 25981U 99065B   15269.14853442  .00000389  00000-0  19547-3 0  9997,2 25981  45.0244 231.9668 0005276 337.1702 135.9969 14.32018154825347
1 25981U 99065B   15269.89982090 +.00000378 +00000-0 +19137-3 0  9994,2 25981 045.0244 228.4406 0005231 340.8520 049.1298 14.32018945824571
1 25981U 99065B   15270.34387933  .00000367  00000-0  18735-3 0  9992,2 25981  45.0243 226.3564 0005195 343.0017 178.4263 14.32019344825514
1 25981U 99065B   15270.94953796 +.00000405 +00000-0 +20131-3 0  9990,2 25981 045.0243 223.5136 0005152 345.9180 060.8540 14.32020225824727
1 25981U 99065B   15271.85255478  .00000394  00000-0  19731-3 0  9994,2 25981  45.0243 219.2753 0005089 350.3429  36.2139 14.32021056825735
1 25981U 99065B   15271.92595466 +.00000444 +00000-0 +21574-3 0  9990,2 25981 045.0243 218.9308 0005083 350.7129 054.6056 14.32021424824866
1 25981U 99065B   15272.90219130  .00000453  00000-0  21920-3 0  9995,2 25981  45.0243 214.3488 0005017 355.7803  47.1597 14.32022464825881
1 25981U 99065B   15273.87962095 +.00000507 +00000-0 +23919-3 0  9997,2 25981 045.0243 209.7611 0004945 000.8874 045.8349 14.32023797825141
1 25981U 99065B   15274.17534426  .00000509  00000-0  23973-3 0  9996,2 25981  45.0243 208.3732 0004922   2.4752 130.2545 14.32024141826061
1 25981U 99065B   15274.85478172 +.00000520 +00000-0 +24373-3 0  9994,2 25981 045.0243 205.1841 0004874 006.0950 032.7058 14.32024965825285
1 25981U 99065B   15275.22491061  .00000602  00000-0  27416-3 0  9990,2 25981  45.0244 203.4470 0004852   8.1055 140.6569 14.32025903826213
1 25981U 99065B   15275.83105759 +.00000610 +00000-0 +27711-3 0  9990,2 25981 045.0244 200.6020 0004809 011.3652 025.2753 14.32026792825426
1 25981U 99065B   15276.26853546  .00000540  00000-0  25114-3 0  9999,2 25981  45.0244 198.5488 0004780  13.8109 120.3300 14.32026957826363
1 25981U 99065B   15276.80732532 +.00000560 +00000-0 +25844-3 0  9992,2 25981 045.0245 196.0199 0004743 016.7549 017.6866 14.32027878825564
1 25981U 99065B   15277.31816508  .00000482  00000-0  22975-3 0  9990,2 25981  45.0245 193.6223 0004714  19.6251 130.8861 14.32028130826516
1 25981U 99065B   15277.85267311 +.00000445 +00000-0 +21615-3 0  9990,2 25981 045.0245 191.1136 0004673 022.6006 006.1177 14.32028715825713
1 25981U 99065B   15278.83317603  .00000381  00000-0  19246-3 0  9995,2 25981  45.0245 186.5117 0004614  28.1645  20.2178 14.32029690826739
1 25981U 99065B   15278.90246065 +.00000381 +00000-0 +19246-3 0  9996,2 25981 045.0245 186.1865 0004609 028.5712 017.3388 14.32029778825868
1 25981U 99065B   15279.87909716 +.00000344 +00000-0 +17868-3 0  9999,2 25981 045.0245 181.6028 0004559 034.1967 011.4290 14.32030754826008
1 25981U 99065B   15280.17996051  .00000339  00000-0  17696-3 0  9995,2 25981  45.0244 180.1908 0004549  35.9420 122.2229 14.32031068826923
1 25981U 99065B   15280.78588536 +.00000391 +00000-0 +19631-3 0  9996,2 25981 045.0244 177.3468 0004517 039.4639 005.4454 14.32032086826134
1 25981U 99065B   15281.76219909  .00000395  00000-0  19765-3 0  9992,2 25981  45.0242 172.7644 0004476  45.2559 357.7114 14.32033151827150
1 25981U 99065B   15281.90473713 +.00000393 +00000-0 +19690-3 0  9998,2 25981 045.0242 172.0954 0004472 046.1489 012.3557 14.32033296826294
1 25981U 99065B   15282.80747921  .00000329  00000-0  17344-3 0  9996,2 25981  45.0241 167.8583 0004437  51.6930 345.2211 14.32033788827300
1 25981U 99065B   15282.88102050 +.00000334 +00000-0 +17516-3 0  9999,2 25981 045.0241 167.5131 0004434 052.1879 004.2208 14.32033893826439
1 25981U 99065B   15283.85737635 +.00000300 +00000-0 +16250-3 0  9997,2 25981 045.0240 162.9305 0004407 058.1427 356.5473 14.32034617826572
1 25981U 99065B   15284.15209581  .00000291  00000-0  15912-3 0  9998,2 25981  45.0240 161.5472 0004404  59.9362  75.5930 14.32034855827498
1 25981U 99065B   15284.90704351 +.00000286 +00000-0 +15730-3 0  9998,2 25981 045.0240 158.0037 0004385 064.6530 006.6299 14.32035559826724
1 25981U 99065B   15285.80901873  .00000263  00000-0  14888-3 0  9994,2 25981  45.0239 153.7702 0004374  70.1863 335.5581 14.32036318827736
1 25981U 99065B   15285.88330038 +.00000268 +00000-0 +15078-3 0  9998,2 25981 045.0239 153.4215 0004373 070.6758 358.3845 14.32036430826863
1 25981U 99065B   15286.85956208 +.00000241 +00000-0 +14076-3 0  9997,2 25981 045.0239 148.8393 0004366 076.8194 350.0457 14.32037208827001
1 25981U 99065B   15287.08673633  .00000232  00000-0  13768-3 0  9998,2 25981  45.0239 147.7730 0004366  78.0685  81.0844 14.32037358827910
1 25981U 99065B   15287.90849058 +.00000274 +00000-0 +15307-3 0  9992,2 25981 045.0239 143.9160 0004363 083.1933 356.4626 14.32038340827150
1 25981U 99065B   15288.73863157  .00000264  00000-0  14919-3 0  9997,2 25981  45.0239 140.0196 0004363  88.3353 315.1026 14.32038930828152
1 25981U 99065B   15288.88590358 +.00000286 +00000-0 +15759-3 0  9990,2 25981 045.0239 139.3283 0004366 089.2544 354.1527 14.32039179827294
1 25981U 99065B   15289.78820606  .00000314  00000-0  16786-3 0  9995,2 25981  45.0238 135.0932 0004374  94.8567 324.7113 14.32040039828307
1 25981U 99065B   15289.86220606 +.00000320 +00000-0 +16980-3 0  9991,2 25981 045.0238 134.7459 0004376 095.2880 346.1431 14.32040125827432
1 25981U 99065B   15290.83835793  .00000358  00000-0  18393-3 0  9990,2 25981  45.0237 130.1640 0004403 101.5694 337.1122 14.32041121828455
1 25981U 99065B   15290.91897793 +.00000359 +00000-0 +18437-3 0  9997,2 25981 045.0237 129.7856 0004407 102.0631 032.6432 14.32041192827581
1 25981U 99065B   15291.96859808  .00000402  00000-0  20034-3 0  9993,2 25981  45.0236 124.8589 0004441 108.5603  42.5214 14.32042424828619
1 25981U 99065B   15291.96859808 +.00000402 +00000-0 +20034-3 0  9993,2 25981 045.0236 124.8589 0004441 108.5603 042.5214 14.32042424827731
1 25981U 99065B   15292.94480899 +.00000448 +00000-0 +21726-3 0  9991,2 25981 045.0235 120.2767 0004480 114.5809 034.0651 14.32043679827875
1 25981U 99065B   15293.01202784  .00000450  00000-0  21784-3 0  9992,2 25981  45.0235 119.9612 0004489 115.0884  20.4289 14.32043784828769
1 25981U 99065B   15293.91413244 +.00000485 +00000-0 +23091-3 0  9997,2 25981 045.0236 115.7268 0004527 120.5009 350.1729 14.32045040828011
1 25981U 99065B   15294.52721575  .00000497  00000-0  23536-3 0  9991,2 25981  45.0236 112.8490 0004554 124.2113 270.1762 14.32045870828988
1 25981U 99065B   15294.89731432 +.00000521 +00000-0 +24404-3 0  9997,2 25981 045.0236 111.1118 0004572 126.3596 017.8613 14.32046532828151
1 25981U 99065B   15295.71947164  .00000515  00000-0  24177-3 0  9990,2 25981  45.0237 107.2527 0004626 131.5073 295.3237 14.32047638829154
1 25981U 99065B   15295.94764669 +.00000550 +00000-0 +25477-3 0  9995,2 25981 045.0237 106.1817 0004638 132.7384 031.5541 14.32048166828306
1 25981U 99065B   15296.84994935  .00000538  00000-0  25043-3 0  9991,2 25981  45.0240 101.9465 0004696 138.2076   2.2774 14.32049393829313
1 25981U 99065B   15296.91733058 +.00000575 +00000-0 +26387-3 0  9999,2 25981 045.0240 101.6302 0004698 138.5662 349.6294 14.32049696828440
1 25981U 99065B   15297.89989153  .00000604  00000-0  27471-3 0  9994,2 25981  45.0241  97.0182 0004753 144.1184  14.4362 14.32051308829468
1 25981U 99065B   15298.87600093 +.00000618 +00000-0 +27994-3 0  9991,2 25981 045.0243 092.4365 0004821 149.6114 006.0152 14.32052809828720
1 25981U 99065B   15298.94321234  .00000618  00000-0  27981-3 0  9992,2 25981  45.0243  92.1211 0004826 150.0037 352.4580 14.32052912829619
1 25981U 99065B   15299.91954918 +.00000568 +00000-0 +26151-3 0  9993,2 25981 045.0244 087.5383 0004897 155.4746 345.2365 14.32053988828874
1 25981U 99065B   15300.54252689  .00000538  00000-0  25041-3 0  9995,2 25981  45.0245  84.6141 0004951 159.0170 316.4862 14.32054713829844
1 25981U 99065B   15300.89554366 +.00000546 +00000-0 +25314-3 0  9992,2 25981 045.0246 082.9572 0004978 160.9207 336.2789 14.32055261829011
1 25981U 99065B   15300.89554366 +.00000546 +00000-0 +25314-3 0  9992,2 25981 045.0246 082.9572 0004978 160.9207 336.2789 14.32055261829011
1 25981U 99065B   15301.80569057  .00000513  00000-0  24111-3 0  9995,2 25981  45.0246  78.6851 0005055 165.9547 347.9402 14.32056407830029
1 25981U 99065B   15302.85504341  .00000524  00000-0  24515-3 0  9996,2 25981  45.0248  73.7596 0005136 171.5906 357.3592 14.32058007830174
1 25981U 99065B   15303.82557753 +.00000539 +00000-0 +25066-3 0  9997,2 25981 045.0249 069.2041 0005219 176.8883 320.3876 14.32059552829432
1 25981U 99065B   15303.89787699  .00000569  00000-0  26156-3 0  9992,2 25981  45.0249  68.8647 0005225 177.2553 333.1142 14.32059855830329
1 25981U 99065B   15304.80646037 +.00000534 +00000-0 +24869-3 0  9995,2 25981 045.0251 064.6000 0005309 182.0069 337.0024 14.32060922829572
1 25981U 99065B   15305.13532450  .00000541  00000-0  25128-3 0  9992,2 25981  45.0253  63.0564 0005336 183.7960 232.2803 14.32061447830509
1 25981U 99065B   15305.78353020 +.00000673 +00000-0 +30015-3 0  9994,2 25981 045.0253 060.0139 0005385 187.0909 333.9804 14.32063062829714
1 25981U 99065B   15306.45832855  .00000700  00000-0  30986-3 0  9995,2 25981  45.0255  56.8465 0005448 190.6123 212.6837 14.32064078830695
1 25981U 99065B   15306.75958855 +.00000695 +00000-0 +30806-3 0  9991,2 25981 045.0255 055.4326 0005470 192.1719 325.7456 14.32064487829852
1 25981U 99065B   15307.50789492  .00000647  00000-0  29025-3 0  9992,2 25981  45.0256  51.9202 0005546 196.0617 223.4146 14.32065185830848
1 25981U 99065B   15307.80299265 +.00000661 +00000-0 +29564-3 0  9993,2 25981 045.0257 050.5352 0005564 197.4736 304.8266 14.32065725830002
1 25981U 99065B   15308.55788604  .00000664  00000-0  29663-3 0  9999,2 25981  45.0258  46.9920 0005625 201.2263 236.6301 14.32066819830995
1 25981U 99065B   15309.75536329  .00000609  00000-0  27647-3 0  9996,2 25981  45.0259  41.3716 0005711 207.0845 290.2458 14.32068234831166
1 25981U 99065B   15310.73165581 +.00000545 +00000-0 +25292-3 0  9997,2 25981 045.0259 036.7892 0005778 211.6429 283.7626 14.32069313830422
1 25981U 99065B   15311.19686782  .00000560  00000-0  25830-3 0  9994,2 25981  45.0259  34.6056 0005814 213.9324 162.1631 14.32070118831377
1 25981U 99065B   15311.70832766 +.00000642 +00000-0 +28857-3 0  9999,2 25981 045.0260 032.2051 0005842 216.2227 279.2251 14.32071542830567
1 25981U 99065B   15312.38842397  .00000614  00000-0  27823-3 0  9996,2 25981  45.0260  29.0129 0005895 219.4696 185.5672 14.32072585831543
1 25981U 99065B   15312.69091968 +.00000598 +00000-0 +27220-3 0  9992,2 25981 045.0260 027.5931 0005907 220.8474 305.1978 14.32073011830702
1 25981U 99065B   15313.51173220  .00000666  00000-0  29729-3 0  9998,2 25981  45.0262  23.7404 0005967 224.9361 216.8609 14.32074913831705
1 25981U 99065B   15313.66622192 +.00000672 +00000-0 +29958-3 0  9992,2 25981 045.0261 023.0153 0005974 225.6980 293.3339 14.32075225830842
1 25981U 99065B   15314.56951730  .00000710  00000-0  31350-3 0  9997,2 25981  45.0262  18.7754 0006027 229.9830 270.4542 14.32077107831857
1 25981U 99065B   15315.61931006  .00000714  00000-0  31490-3 0  9997,2 25981  45.0262  13.8479 0006086 234.8961 282.9439 14.32079009832006
1 25981U 99065B   15316.59551133 +.00000750 +00000-0 +32823-3 0  9995,2 25981 045.0263 009.2659 0006135 239.4377 276.0464 14.32080930831267
1 25981U 99065B   15316.99672035  .00000655  00000-0  29318-3 0  9993,2 25981  45.0263   7.3827 0006164 241.3445 184.5629 14.32081125832201
1 25981U 99065B   15317.49835074 +.00000697 +00000-0 +30889-3 0  9994,2 25981 045.0263 005.0282 0006185 243.5739 250.9785 14.32082207831396
1 25981U 99065B   15318.17806289  .00000713  00000-0  31454-3 0  9994,2 25981  45.0262   1.8377 0006212 246.6604 155.5256 14.32083551832375
1 25981U 99065B   15318.54788035 +.00000730 +00000-0 +32078-3 0  9995,2 25981 045.0262 000.1019 0006217 248.2143 262.4041 14.32084303831545
1 25981U 99065B   15319.52408867  .00000653  00000-0  29251-3 0  9999,2 25981  45.0260 355.5197 0006252 252.5295 255.7867 14.32085556832567
1 25981U 99065B   15319.92622916 +.00000609 +00000-0 +27646-3 0  9993,2 25981 045.0260 353.6321 0006264 254.3164 169.2378 14.32086057831745
1 25981U 99065B   15320.56797895  .00000672  00000-0  29962-3 0  9997,2 25981  45.0260 350.6199 0006286 257.4352 237.8578 14.32087553832716
1 25981U 99065B   15321.54510206 +.00000697 +00000-0 +30878-3 0  9990,2 25981 045.0259 346.0334 0006310 261.8735 235.8518 14.32089460831974
1 25981U 99065B   15322.08300461  .00000696  00000-0  30833-3 0  9990,2 25981  45.0258 343.5084 0006327 264.3239 129.2442 14.32090444832935
1 25981U 99065B   15322.92724447 +.00000692 +00000-0 +30667-3 0  9998,2 25981 045.0258 339.5456 0006338 268.2221 162.0434 14.32091933832175
1 25981U 99065B   15323.13216554  .00000684  00000-0  30376-3 0  9995,2 25981  45.0258 338.5836 0006339 269.1202 138.6407 14.32092258833087
1 25981U 99065B   15323.50274074 +.00000717 +00000-0 +31608-3 0  9993,2 25981 045.0258 336.8442 0006336 270.8285 249.2877 14.32093158832256
1 25981U 99065B   15324.47897506  .00000686  00000-0  30476-3 0  9998,2 25981  45.0257 332.2617 0006342 275.1913 242.7874 14.32094630833276
1 25981U 99065B   15325.45509671 +.00000702 +00000-0 +31056-3 0  9994,2 25981 045.0257 327.6797 0006339 279.4748 235.7929 14.32096419832530
1 25981U 99065B   15326.06104935  .00000633  00000-0  28516-3 0  9996,2 25981  45.0257 324.8352 0006338 282.2003 120.0958 14.32097015833500
1 25981U 99065B   15326.49862057 +.00000677 +00000-0 +30137-3 0  9999,2 25981 045.0257 322.7813 0006329 284.1766 216.2142 14.32097948832682
1 25981U 99065B   15327.17985234  .00000610  00000-0  27655-3 0  9996,2 25981  45.0257 319.5835 0006318 287.2615 128.6416 14.32098691833660
1 25981U 99065B   15327.47460218 +.00000665 +00000-0 +29697-3 0  9997,2 25981 045.0256 318.2000 0006310 288.6178 208.3503 14.32099503832823
1 25981U 99065B   15328.91607416 +.00000541 +00000-0 +25110-3 0  9999,2 25981 045.0256 311.4336 0006275 295.2169 080.5102 14.32101074833030
1 25981U 99065B   15329.96595347 +.00000480 +00000-0 +22858-3 0  9992,2 25981 045.0255 306.5055 0006239 300.0463 093.6210 14.32102363833187
1 25981U 99065B   15330.18194376  .00000460  00000-0  22121-3 0  9996,2 25981  45.0255 305.4916 0006225 300.9964 127.2967 14.32102555834098
1 25981U 99065B   15330.94215512 +.00000427 +00000-0 +20902-3 0  9994,2 25981 045.0255 301.9231 0006201 304.5726 086.8218 14.32103432833328
1 25981U 99065B   15330.94215512 +.00000427 +00000-0 +20902-3 0  9994,2 25981 045.0255 301.9231 0006201 304.5726 086.8218 14.32103432833328
1 25981U 99065B   15331.38592520  .00000465  00000-0  22321-3 0  9999,2 25981  45.0254 299.8400 0006174 306.5974 214.8916 14.32104241834267
1 25981U 99065B   15331.91838419 +.00000415 +00000-0 +20487-3 0  9994,2 25981 045.0254 297.3406 0006156 309.0334 080.2340 14.32104648833462
1 25981U 99065B   15332.96804597 +.00000414 +00000-0 +20447-3 0  9995,2 25981 045.0254 292.4133 0006102 313.8423 092.2551 14.32105908833612
1 25981U 99065B   15333.11043466  .00000420  00000-0  20652-3 0  9998,2 25981  45.0254 291.7449 0006092 314.4401 106.4616 14.32106123834515
1 25981U 99065B   15333.87099199 +.00000452 +00000-0 +21829-3 0  9997,2 25981 045.0254 288.1748 0006056 318.0429 067.7542 14.32107099833741
1 25981U 99065B   15334.16045020  .00000427  00000-0  20900-3 0  9995,2 25981  45.0254 286.8160 0006035 319.4314 120.1310 14.32107311834665
1 25981U 99065B   15334.92055321 +.00000464 +00000-0 +22264-3 0  9990,2 25981 045.0253 283.2480 0005994 323.0703 079.0472 14.32108357833892
1 25981U 99065B   15335.35812159  .00000498  00000-0  23518-3 0  9998,2 25981  45.0253 281.1941 0005968 325.2590 174.9565 14.32109046834839
1 25981U 99065B   15335.89683907 +.00000489 +00000-0 +23183-3 0  9992,2 25981 045.0253 278.6652 0005934 327.8078 072.4929 14.32109636834034
1 25981U 99065B   15336.86881044  .00000439  00000-0  21370-3 0  9993,2 25981  45.0253 274.1027 0005866 332.5774  43.6450 14.32110537835055
1 25981U 99065B   15337.84922979 +.00000413 +00000-0 +20386-3 0  9993,2 25981 045.0252 269.5006 0005800 337.4080 058.3369 14.32111632834318
1 25981U 99065B   15337.99185113  .00000375  00000-0  18984-3 0  9998,2 25981  45.0252 268.8311 0005786 338.1024  73.6501 14.32111614835216
1 25981U 99065B   15338.89795928 +.00000364 +00000-0 +18594-3 0  9994,2 25981 045.0252 264.5778 0005721 342.6225 065.1678 14.32112670834468
1 25981U 99065B   15339.19755779  .00000322  00000-0  17029-3 0  9994,2 25981  45.0251 263.1716 0005698 344.1442 169.7463 14.32112770835381
1 25981U 99065B   15339.88737693 +.00000370 +00000-0 +18804-3 0  9990,2 25981 045.0251 259.9335 0005648 347.5574 126.1988 14.32113869834602
1 25981U 99065B   15340.24579084  .00000383  00000-0  19275-3 0  9997,2 25981  45.0250 258.2511 0005622 349.4479 173.9311 14.32114296835534
1 25981U 99065B   15340.92034188 +.00000399 +00000-0 +19899-3 0  9992,2 25981 045.0250 255.0847 0005570 352.8341 051.6208 14.32115149834757
1 25981U 99065B   15341.82750567  .00000402  00000-0  19989-3 0  9993,2 25981  45.0248 250.8263 0005498 357.4568  48.4923 14.32116021835760
1 25981U 99065B   15341.89664262 +.00000401 +00000-0 +19954-3 0  9997,2 25981 045.0248 250.5018 0005491 357.8691 044.8674 14.32116106834899
1 25981U 99065B   15342.87293388 +.00000346 +00000-0 +17938-3 0  9991,2 25981 045.0247 245.9189 0005415 002.9832 037.9888 14.32116665835033
1 25981U 99065B   15343.17413001  .00000346  00000-0  17940-3 0  9994,2 25981  45.0246 244.5050 0005395   4.6557 150.6656 14.32116912835956
1 25981U 99065B   15343.92255324 +.00000352 +00000-0 +18135-3 0  9993,2 25981 045.0245 240.9918 0005338 008.6425 048.9848 14.32117598835181
1 25981U 99065B   15344.75761907  .00000450  00000-0  21763-3 0  9994,2 25981  45.0243 237.0718 0005281  13.1546  33.9092 14.32118929836181
1 25981U 99065B   15344.89877060 +.00000360 +00000-0 +18447-3 0  9992,2 25981 045.0244 236.4092 0005268 014.0295 041.4598 14.32118563835320
1 25981U 99065B   15345.81629742  .00000404  00000-0  20076-3 0  9997,2 25981  45.0242 232.1022 0005201  18.9994  91.4778 14.32119768836335
1 25981U 99065B   15345.87501949 +.00000392 +00000-0 +19627-3 0  9997,2 25981 045.0242 231.8265 0005198 019.3405 034.1777 14.32119759835463
1 25981U 99065B   15346.92463581 +.00000344 +00000-0 +17872-3 0  9990,2 25981 045.0241 226.8994 0005128 025.1624 045.0089 14.32120686835611
1 25981U 99065B   15347.07872755  .00000338  00000-0  17639-3 0  9998,2 25981  45.0241 226.1760 0005121  26.0303 119.3476 14.32120826836513
1 25981U 99065B   15347.90095336 +.00000307 +00000-0 +16473-3 0  9993,2 25981 045.0240 222.3163 0005065 030.6752 037.8866 14.32121574835756
1 25981U 99065B   15348.12354497  .00000297  00000-0  16130-3 0  9992,2 25981  45.0240 221.2714 0005057  31.8976 105.3721 14.32121756836662
1 25981U 99065B   15348.87703685 +.00000341 +00000-0 +17752-3 0  9992,2 25981 045.0239 217.7343 0005007 036.2229 029.5252 14.32122838835895
1 25981U 99065B   15349.77993245  .00000358  00000-0  18367-3 0  9996,2 25981  45.0238 213.4959 0004952  41.3910   3.8529 14.32123929836909
1 25981U 99065B   15349.92662248 +.00000365 +00000-0 +18611-3 0  9999,2 25981 045.0238 212.8073 0004948 042.2633 039.9914 14.32124113836045
1 25981U 99065B   15350.82910722  .00000334  00000-0  17474-3 0  9995,2 25981  45.0236 208.5708 0004899  47.5463  12.0863 14.32124839837056
1 25981U 99065B   15350.90322575 +.00000302 +00000-0 +16308-3 0  9997,2 25981 045.0236 208.2229 0004896 047.9872 034.1427 14.32124725836184
1 25981U 99065B   15351.95987578 +.00000315 +00000-0 +16797-3 0  9999,2 25981 045.0234 203.2626 0004849 054.3241 080.7757 14.32125763836331
1 25981U 99065B   15352.10063645  .00000314  00000-0  16743-3 0  9997,2 25981  45.0234 202.6018 0004844  55.1480  86.3645 14.32125884837230
1 25981U 99065B   15352.93619172 +.00000303 +00000-0 +16357-3 0  9999,2 25981 045.0233 198.6793 0004808 060.2136 073.2854 14.32126550836471
1 25981U 99065B   15353.53817956  .00000380  00000-0  19168-3 0  9994,2 25981  45.0232 195.8533 0004783  63.7950 296.3387 14.32127494837439
1 25981U 99065B   15353.88697457 +.00000304 +00000-0 +16381-3 0  9994,2 25981 045.0232 194.2159 0004773 066.0850 294.0496 14.32127381836610
1 25981U 99065B   15354.65432287  .00000303  00000-0  16338-3 0  9999,2 25981  45.0231 190.6136 0004747  70.6406 289.4953 14.32128130837590
1 25981U 99065B   15354.93335841 +.00000361 +00000-0 +18472-3 0  9993,2 25981 045.0231 189.3037 0004745 072.3452 287.7912 14.32128749836763
1 25981U 99065B   15355.90998199 +.00000368 +00000-0 +18726-3 0  9991,2 25981 045.0231 184.7189 0004731 078.1652 281.9724 14.32129998836901
1 25981U 99065B   15355.97974077  .00000368  00000-0  18723-3 0  9994,2 25981  45.0231 184.3914 0004730  78.6209 281.5168 14.32130089837783
1 25981U 99065B   15356.88660466 +.00000373 +00000-0 +18906-3 0  9998,2 25981 045.0232 180.1342 0004718 084.2860 275.8524 14.32131281837041
1 25981U 99065B   15356.95636341 +.00000369 +00000-0 +18785-3 0  9991,2 25981 045.0232 179.8067 0004715 084.7087 275.4298 14.32131348837052
1 25981U 99065B   15357.93298557  .00000338  00000-0  17633-3 0  9990,2 25981  45.0233 175.2220 0004708  90.3896 269.7490 14.32132343838065
1 25981U 99065B   15358.90960679 +.00000336 +00000-0 +17542-3 0  9996,2 25981 045.0234 170.6372 0004704 096.5147 263.6235 14.32133488837336
1 25981U 99065B   15359.53743423  .00000347  00000-0  17961-3 0  9999,2 25981  45.0234 167.6898 0004698 100.4692 259.6684 14.32134271838297
1 25981U 99065B   15359.88622740 +.00000288 +00000-0 +15780-3 0  9996,2 25981 045.0234 166.0525 0004706 102.5425 257.5947 14.32134286837478
1 25981U 99065B   15360.79308884  .00000270  00000-0  15140-3 0  9999,2 25981  45.0235 161.7953 0004720 107.9676 252.1685 14.32135061838472
1 25981U 99065B   15360.86284740 +.00000268 +00000-0 +15037-3 0  9993,2 25981 045.0235 161.4678 0004721 108.3801 251.7559 14.32135109837612
1 25981U 99065B   15361.83946680  .00000248  00000-0  14307-3 0  9996,2 25981  45.0235 156.8831 0004745 114.2351 245.8991 14.32135823838622
1 25981U 99065B   15362.88584415  .00000201  00000-0  12564-3 0  9998,2 25981  45.0236 151.9710 0004773 120.4829 239.6489 14.32136364838775
1 25981U 99065B   15362.88584415 +.00000201 +00000-0 +12564-3 0  9998,2 25981 045.0236 151.9710 0004773 120.4829 239.6489 14.32136364837909
1 25981U 99065B   15363.86246230 +.00000190 +00000-0 +12180-3 0  9998,2 25981 045.0237 147.3863 0004799 126.3554 233.7736 14.32137099838048
1 25981U 99065B   15364.49028799  .00000233  00000-0  13757-3 0  9995,2 25981  45.0238 144.4389 0004816 130.1367 229.9901 14.32137822839007
1 25981U 99065B   15364.83907991 +.00000241 +00000-0 +14036-3 0  9993,2 25981 045.0238 142.8017 0004828 132.1789 227.9468 14.32138157838186
1 25981U 99065B   15365.81569689  .00000258  00000-0  14669-3 0  9990,2 25981  45.0240 138.2171 0004864 137.9290 222.1931 14.32139069839196
1 25981U 99065B   15365.88545516 +.00000257 +00000-0 +14625-3 0  9991,2 25981 045.0240 137.8896 0004867 138.3405 221.7812 14.32139142838331
1 25981U 99065B   16001.79231290 +.00000264 +00000-0 +14901-3 0  9995,2 25981 045.0242 133.6325 0004908 143.6377 216.4803 14.32140030838460
1 25981U 99065B   16002.48989553  .00000247  00000-0  14257-3 0  9999,2 25981  45.0243 130.3577 0004941 147.7353 212.3796 14.32140544839434
1 25981U 99065B   16002.76892838 +.00000273 +00000-0 +15220-3 0  9999,2 25981 045.0244 129.0479 0004953 149.2762 210.8375 14.32140954838604
1 25981U 99065B   16003.74554314  .00000315  00000-0  16758-3 0  9996,2 25981  45.0245 124.4634 0005008 154.8237 205.2854 14.32142062839612
1 25981U 99065B   16004.72215732 +.00000298 +00000-0 +16164-3 0  9994,2 25981 045.0246 119.8789 0005072 160.2713 199.8330 14.32142826838886
1 25981U 99065B   16005.14070596  .00000295  00000-0  16057-3 0  9996,2 25981  45.0247 117.9141 0005093 162.6398 197.4623 14.32143205839811
1 25981U 99065B   16005.69877083 +.00000302 +00000-0 +16283-3 0  9992,2 25981 045.0247 115.2944 0005137 165.6651 194.4342 14.32143716839022
1 25981U 99065B   16006.25683526  .00000318  00000-0  16887-3 0  9999,2 25981  45.0247 112.6746 0005172 168.7385 191.3577 14.32144347839971
1 25981U 99065B   16006.67538355 +.00000298 +00000-0 +16136-3 0  9998,2 25981 045.0247 110.7098 0005204 170.9320 189.1621 14.32144636839167
1 25981U 99065B   16007.44272153  .00000283  00000-0  15594-3 0  9996,2 25981  45.0248 107.1075 0005260 175.1842 184.9055 14.32145338840145
1 25981U 99065B   16007.72175348 +.00000276 +00000-0 +15332-3 0  9997,2 25981 045.0248 105.7977 0005279 176.5861 183.5022 14.32145577839317
1 25981U 99065B   16008.69836485  .00000269  00000-0  15097-3 0  9990,2 25981  45.0249 101.2132 0005349 181.7427 178.3402 14.32146510840321
1 25981U 99065B   16009.81449126  .00000254  00000-0  14509-3 0  9998,2 25981  45.0251  95.9736 0005437 187.4560 172.6206 14.32147572840487
1 25981U 99065B   16009.88424915 +.00000251 +00000-0 +14399-3 0  9998,2 25981 045.0251 095.6462 0005437 187.8598 172.2164 14.32147627839629
1 25981U 99065B   16010.65158553 +.00000284 +00000-0 +15639-3 0  9991,2 25981 045.0252 092.0441 0005488 191.8480 168.2238 14.32148571839737
1 25981U 99065B   16011.07013247  .00000282  00000-0  15569-3 0  9998,2 25981  45.0253  90.0792 0005513 194.0606 166.0087 14.32148972840666
1 25981U 99065B   16011.69795256 +.00000323 +00000-0 +17080-3 0  9999,2 25981 045.0253 087.1320 0005559 197.1459 162.9200 14.32149846839885
1 25981U 99065B   16012.18625688  .00000334  00000-0  17461-3 0  9990,2 25981  45.0254  84.8396 0005592 199.6748 160.3883 14.32150387840825
1 25981U 99065B   16012.67456087 +.00000427 +00000-0 +20888-3 0  9999,2 25981 045.0254 082.5474 0005620 202.0306 158.0299 14.32151439840024
1 25981U 99065B   16013.44189539  .00000454  00000-0  21886-3 0  9999,2 25981  45.0255  78.9452 0005670 205.8973 154.1590 14.32152430841008
1 25981U 99065B   16013.65116846 +.00000440 +00000-0 +21379-3 0  9995,2 25981 045.0255 077.9628 0005681 206.8476 153.2077 14.32152566840169
1 25981U 99065B   16014.48826006  .00000421  00000-0  20669-3 0  9993,2 25981  45.0255  74.0332 0005732 210.9606 149.0903 14.32153402841158
1 25981U 99065B   16015.53462378 +.00000379 +00000-0 +19117-3 0  9996,2 25981 045.0255 069.1212 0005793 215.9539 144.0918 14.32154414840432
1 25981U 99065B   16015.60438137  .00000373  00000-0  18922-3 0  9997,2 25981  45.0255  68.7937 0005795 216.2798 143.7656 14.32154460841318
1 25981U 99065B   16016.92977421  .00000339  00000-0  17637-3 0  9991,2 25981  45.0255  62.5716 0005868 222.5695 137.4697 14.32155876841500
1 25981U 99065B   16016.92977421 +.00000339 +00000-0 +17637-3 0  9991,2 25981 045.0255 062.5716 0005868 222.5695 137.4697 14.32155876840633
1 25981U 99065B   16017.55759148 +.00000350 +00000-0 +18051-3 0  9999,2 25981 045.0255 059.6244 0005894 225.5119 134.5246 14.32156686840727
1 25981U 99065B   16018.18540853  .00000298  00000-0  16125-3 0  9991,2 25981  45.0255  56.6769 0005924 228.5382 131.4956 14.32157112841680
1 25981U 99065B   16018.53419577 +.00000320 +00000-0 +16944-3 0  9993,2 25981 045.0255 055.0396 0005932 230.1752 129.8573 14.32157593840866
1 25981U 99065B   16019.51079939  .00000335  00000-0  17509-3 0  9990,2 25981  45.0256  50.4549 0005968 234.8019 125.2269 14.32158703841870
1 25981U 99065B   16020.48740265 +.00000337 +00000-0 +17563-3 0  9997,2 25981 045.0256 045.8702 0006001 239.3482 120.6773 14.32159604841142
1 25981U 99065B   16021.11521829  .00000402  00000-0  19958-3 0  9994,2 25981  45.0257  42.9227 0006026 242.2544 117.7691 14.32160625842100
1 25981U 99065B   16021.46400474 +.00000385 +00000-0 +19348-3 0  9997,2 25981 045.0257 041.2854 0006028 243.8941 116.1286 14.32160900841285
1 25981U 99065B   16022.44060628  .00000412  00000-0  20354-3 0  9999,2 25981  45.0258  36.7007 0006050 248.3659 111.6543 14.32162060842293
1 25981U 99065B   16023.90550740 +.00000390 +00000-0 +19525-3 0  9993,2 25981 045.0258 029.8237 0006081 254.8025 105.2149 14.32163545841631
1 25981U 99065B   16024.18453596  .00000380  00000-0  19159-3 0  9997,2 25981  45.0259  28.5138 0006084 255.9535 104.0635 14.32163839842543
1 25981U 99065B   16024.95186445 +.00000341 +00000-0 +17728-3 0  9995,2 25981 045.0258 024.9115 0006091 259.3999 100.6162 14.32164506841781
1 25981U 99065B   16025.37040703  .00000342  00000-0  17764-3 0  9999,2 25981  45.0259  22.9467 0006087 261.1996  98.8161 14.32165033842710
1 25981U 99065B   16026.34700621 +.00000283 +00000-0 +15579-3 0  9995,2 25981 045.0259 018.3620 0006087 265.4165 094.5986 14.32165823841988
1 25981U 99065B   16027.11433375  .00000245  00000-0  14191-3 0  9997,2 25981  45.0260  14.7597 0006083 268.9333  91.0817 14.32166461842967
1 25981U 99065B   16027.95141813 +.00000210 +00000-0 +12883-3 0  9990,2 25981 045.0260 010.8300 0006076 272.6712 087.3439 14.32167053842215
1 25981U 99065B   16028.36996032  .00000227  00000-0  13538-3 0  9993,2 25981  45.0260   8.8652 0006057 274.5961  85.4193 14.32167500843144
1 25981U 99065B   16028.92801628 +.00000226 +00000-0 +13506-3 0  9995,2 25981 045.0261 006.2453 0006052 277.1507 082.8651 14.32167950842357
1 25981U 99065B   16029.90461401 +.00000259 +00000-0 +14707-3 0  9995,2 25981 045.0261 001.6607 0006024 281.6525 078.3645 14.32168868842493
1 25981U 99065B   16030.11388484  .00000256  00000-0  14578-3 0  9992,2 25981  45.0261   0.6783 0006014 282.5221  77.4952 14.32169022843393
1 25981U 99065B   16030.95096808 +.00000273 +00000-0 +15201-3 0  9993,2 25981 045.0261 356.7485 0005989 286.3540 073.6648 14.32169730842646
1 25981U 99065B   16031.16023879  .00000277  00000-0  15357-3 0  9991,2 25981  45.0262 355.7662 0005983 287.2473  72.7718 14.32169931843543
1 25981U 99065B   16031.92756451 +.00000332 +00000-0 +17391-3 0  9996,2 25981 045.0262 352.1638 0005954 290.6394 069.3814 14.32170858842789
1 25981U 99065B   16032.34610555  .00000386  00000-0  19374-3 0  9999,2 25981  45.0262 350.1991 0005928 292.5701  67.4518 14.32171565843713
1 25981U 99065B   16032.90416012 +.00000381 +00000-0 +19211-3 0  9998,2 25981 045.0262 347.5792 0005908 294.9466 065.0766 14.32172089842927
1 25981U 99065B   16033.88075540  .00000347  00000-0  17958-3 0  9991,2 25981  45.0262 342.9947 0005856 299.4382  60.5880 14.32172879843933
1 25981U 99065B   16033.95051220 +.00000311 +00000-0 +16613-3 0  9996,2 25981 045.0262 342.6672 0005851 299.7154 060.3110 14.32172757843074
1 25981U 99065B   16034.85734977 +.00000336 +00000-0 +17542-3 0  9992,2 25981 045.0261 338.4101 0005799 303.8669 056.1625 14.32173931843206
1 25981U 99065B   16035.13637673  .00000293  00000-0  15962-3 0  9995,2 25981  45.0262 337.1003 0005777 305.1684  54.8621 14.32173999844118
1 25981U 99065B   16035.90370029 +.00000302 +00000-0 +16286-3 0  9990,2 25981 045.0261 333.4981 0005729 308.7232 051.3102 14.32174931843354
1 25981U 99065B   16036.18272693  .00000301  00000-0  16249-3 0  9997,2 25981  45.0261 332.1883 0005710 309.9701  50.0644 14.32175256844264
1 25981U 99065B   16036.88029323 +.00000319 +00000-0 +16914-3 0  9992,2 25981 045.0260 328.9135 0005670 313.1604 046.8768 14.32176155843493
1 25981U 99065B   16037.22907619  .00000365  00000-0  18612-3 0  9992,2 25981  45.0260 327.2762 0005645 314.7997  45.2389 14.32176825844414
1 25981U 99065B   16037.85688546 +.00000362 +00000-0 +18490-3 0  9997,2 25981 045.0259 324.3288 0005606 317.6366 042.4047 14.32177476843638
1 25981U 99065B   16038.83347693  .00000419  00000-0  20578-3 0  9994,2 25981  45.0258 319.7441 0005534 322.1769  37.8687 14.32178856844647
1 25981U 99065B   16039.18225937 +.00000433 +00000-0 +21116-3 0  9994,2 25981 045.0257 318.1068 0005504 323.8249 036.2224 14.32179338843827
1 25981U 99065B   16040.15884971  .00000436  00000-0  21212-3 0  9992,2 25981  45.0256 313.5221 0005425 328.5045  31.5476 14.32180468844839
1 25981U 99065B   16041.83300250  .00000463  00000-0  22226-3 0  9997,2 25981  45.0254 305.6625 0005281 336.4737  23.5867 14.32182686845079
1 25981U 99065B   16042.87934665 +.00000468 +00000-0 +22386-3 0  9997,2 25981 045.0253 300.7503 0005185 341.6590 018.4069 14.32184127844356
1 25981U 99065B   16043.15837160  .00000457  00000-0  22000-3 0  9992,2 25981  45.0252 299.4404 0005158 343.0322  17.0351 14.32184451845268
1 25981U 99065B   16043.85593363 +.00000435 +00000-0 +21194-3 0  9992,2 25981 045.0251 296.1655 0005089 346.4631 013.6078 14.32185299844495
1 25981U 99065B   16044.83251987  .00000394  00000-0  19652-3 0  9994,2 25981  45.0250 291.5807 0005001 351.3593   8.7167 14.32186389845506
1 25981U 99065B   16045.87886136 +.00000438 +00000-0 +21285-3 0  9993,2 25981 045.0248 286.6685 0004909 356.7070 003.3743 14.32187976844780
1 25981U 99065B   16046.08812956  .00000438  00000-0  21294-3 0  9996,2 25981  45.0247 285.6861 0004893 357.8256   2.2568 14.32188237845688
1 25981U 99065B   16046.85544609 +.00000422 +00000-0 +20696-3 0  9996,2 25981 045.0246 282.0837 0004817 001.7933 358.2929 14.32189013844928
1 25981U 99065B   16047.83202982  .00000497  00000-0  23468-3 0  9992,2 25981  45.0244 277.4988 0004731   6.9742 353.1169 14.32190544845934
1 25981U 99065B   16047.90178555 +.00000551 +00000-0 +25447-3 0  9998,2 25981 045.0244 277.1713 0004724 007.3140 352.7774 14.32190970845071
1 25981U 99065B   16048.87836852 +.00000465 +00000-0 +22292-3 0  9995,2 25981 045.0242 272.5863 0004641 012.4946 347.6015 14.32191585845213
1 25981U 99065B   16049.08763617  .00000462  00000-0  22178-3 0  9997,2 25981  45.0242 271.6039 0004628  13.6451 346.4520 14.32191809846114
1 25981U 99065B   16049.85495052 +.00000496 +00000-0 +23435-3 0  9991,2 25981 045.0241 268.0013 0004556 017.8319 342.2686 14.32192873845358
1 25981U 99065B   16050.41299707  .00000474  00000-0  22628-3 0  9993,2 25981  45.0240 265.3814 0004513  20.8251 339.2778 14.32193388846304
1 25981U 99065B   16050.90128770 +.00000378 +00000-0 +19085-3 0  9994,2 25981 045.0239 263.0889 0004465 023.6551 336.4500 14.32193416845504
1 25981U 99065B   16051.80811268  .00000311  00000-0  16600-3 0  9992,2 25981  45.0239 258.8313 0004389  28.7500 331.3588 14.32194049846507
1 25981U 99065B   16051.87786837 +.00000280 +00000-0 +15462-3 0  9992,2 25981 045.0239 258.5039 0004385 029.1836 330.9255 14.32193984845649
1 25981U 99065B   16052.92420408  .00000225  00000-0  13458-3 0  9990,2 25981  45.0238 253.5915 0004297  35.2925 324.8205 14.32194831846667
1 25981U 99065B   16052.92420408 +.00000225 +00000-0 +13458-3 0  9990,2 25981 045.0238 253.5915 0004297 035.2925 324.8205 14.32194831845790
1 25981U 99065B   16054.52858434  .00000204  00000-0  12665-3 0  9998,2 25981  45.0238 246.0589 0004169  44.6178 315.5003 14.32196184846894
1 25981U 99065B   16054.66809577 +.00000194 +00000-0 +12304-3 0  9995,2 25981 045.0237 245.4039 0004161 045.4538 314.6648 14.32196204846042
1 25981U 99065B   16055.64467460  .00000179  00000-0  11765-3 0  9998,2 25981  45.0237 240.8190 0004083  51.3824 308.7388 14.32196754847053
1 25981U 99065B   16056.69100848  .00000205  00000-0  12708-3 0  9996,2 25981  45.0236 235.9065 0004016  57.7410 302.3825 14.32197484847209
1 25981U 99065B   16056.83051966 +.00000169 +00000-0 +11385-3 0  9997,2 25981 045.0236 235.2515 0004010 058.6130 301.5108 14.32197359846356
1 25981U 99065B   16057.80709745  .00000191  00000-0  12211-3 0  9994,2 25981  45.0236 230.6664 0003963  64.6079 295.5177 14.32197979847363
1 25981U 99065B   16057.87685298 +.00000192 +00000-0 +12242-3 0  9992,2 25981 045.0235 230.3390 0003957 065.0741 295.0516 14.32198022846506
1 25981U 99065B   16058.85343004  .00000216  00000-0  13110-3 0  9999,2 25981  45.0236 225.7539 0003908  71.2370 288.8900 14.32198727847514
1 25981U 99065B   16059.83000657 +.00000221 +00000-0 +13296-3 0  9993,2 25981 045.0236 221.1688 0003863 077.5292 282.5986 14.32199402846785
1 25981U 99065B   16060.45780538  .00000231  00000-0  13655-3 0  9996,2 25981  45.0236 218.2212 0003829  81.5388 278.5892 14.32199932847744
1 25981U 99065B   16060.80658252 +.00000193 +00000-0 +12276-3 0  9997,2 25981 045.0237 216.5838 0003825 083.6569 276.4712 14.32199994846925
1 25981U 99065B   16061.50413621  .00000251  00000-0  14393-3 0  9991,2 25981  45.0238 213.3088 0003805  87.8882 272.2400 14.32200911847897
1 25981U 99065B   16061.85291302 +.00000223 +00000-0 +13384-3 0  9997,2 25981 045.0238 211.6715 0003811 090.0024 270.1259 14.32201069847070
1 25981U 99065B   16062.75973229  .00000271  00000-0  15156-3 0  9994,2 25981  45.0240 207.4141 0003790  95.8048 264.3231 14.32202073848076
1 25981U 99065B   16062.82948758 +.00000274 +00000-0 +15235-3 0  9992,2 25981 045.0240 207.0866 0003792 096.2471 263.8807 14.32202148847214
1 25981U 99065B   16063.87581637  .00000305  00000-0  16374-3 0  9997,2 25981  45.0241 202.1741 0003784 103.0729 257.0540 14.32203288848235
1 25981U 99065B   16063.87581637 +.00000305 +00000-0 +16374-3 0  9997,2 25981 045.0241 202.1741 0003784 103.0729 257.0540 14.32203288847368
1 25981U 99065B   16064.78263421 +.00000358 +00000-0 +18356-3 0  9996,2 25981 045.0242 197.9168 0003775 108.8460 251.2795 14.32204357847498
1 25981U 99065B   16065.48018591  .00000386  00000-0  19381-3 0  9990,2 25981  45.0242 194.6417 0003779 113.3346 246.7898 14.32205127848464
1 25981U 99065B   16065.82896149 +.00000422 +00000-0 +20682-3 0  9998,2 25981 045.0242 193.0044 0003781 115.4334 244.6904 14.32205674847647
1 25981U 99065B   16066.59626754  .00000436  00000-0  21198-3 0  9994,2 25981  45.0242 189.4019 0003787 120.3702 239.7519 14.32206507848620
1 25981U 99065B   16067.57283762 +.00000487 +00000-0 +23067-3 0  9994,2 25981 045.0242 184.8170 0003809 126.4742 233.6455 14.32207962847899
1 25981U 99065B   16068.40989688  .00000471  00000-0  22498-3 0  9997,2 25981  45.0241 180.8870 0003838 131.5943 228.5233 14.32208998848880
1 25981U 99065B   16068.47965174 +.00000471 +00000-0 +22505-3 0  9997,2 25981 045.0242 180.5594 0003854 132.1367 227.9808 14.32209094848021
1 25981U 99065B   16069.45622014  .00000444  00000-0  21505-3 0  9998,2 25981  45.0242 175.9744 0003891 138.0778 222.0367 14.32210250849032
1 25981U 99065B   16070.57229718  .00000425  00000-0  20795-3 0  9996,2 25981  45.0242 170.7344 0003945 144.6830 215.4278 14.32211675849199
1 25981U 99065B   16071.68837293  .00000441  00000-0  21375-3 0  9995,2 25981  45.0243 165.4946 0003993 151.2115 208.8952 14.32213310849353
1 25981U 99065B   16072.66493815 +.00000448 +00000-0 +21632-3 0  9995,2 25981 045.0244 160.9098 0004029 156.8595 203.2434 14.32214695848626
1 25981U 99065B   16073.15322048  .00000422  00000-0  20703-3 0  9999,2 25981  45.0245 158.6173 0004051 159.7565 200.3442 14.32215178849567
1 25981U 99065B   16073.64150272 +.00000442 +00000-0 +21431-3 0  9992,2 25981 045.0245 156.3249 0004081 162.4116 197.6872 14.32215865848761
1 25981U 99065B   16074.47855736  .00000383  00000-0  19255-3 0  9996,2 25981  45.0245 152.3950 0004136 167.1718 192.9234 14.32216539849756
1 25981U 99065B   16074.68782095 +.00000394 +00000-0 +19640-3 0  9996,2 25981 045.0245 151.4126 0004152 168.2576 191.8368 14.32216833848913
1 25981U 99065B   16075.66438359  .00000448  00000-0  21658-3 0  9998,2 25981  45.0244 146.8277 0004212 173.5771 186.5130 14.32218322849925
1 25981U 99065B   16076.64094547 +.00000444 +00000-0 +21502-3 0  9998,2 25981 045.0243 142.2428 0004270 178.8150 181.2707 14.32219509849194
1 25981U 99065B   16077.19898030  .00000457  00000-0  21986-3 0  9998,2 25981  45.0242 139.6227 0004306 181.8038 178.2793 14.32220315850144
1 25981U 99065B   16077.61750646 +.00000410 +00000-0 +20236-3 0  9991,2 25981 045.0242 137.6579 0004329 183.9557 176.1256 14.32220577849336
1 25981U 99065B   16078.52431259  .00000371  00000-0  18807-3 0  9995,2 25981  45.0241 133.4003 0004391 188.6387 171.4385 14.32221465850333
1 25981U 99065B   16078.59406684 +.00000369 +00000-0 +18745-3 0  9994,2 25981 045.0241 133.0727 0004402 188.9692 171.1076 14.32221549849477
1 25981U 99065B   16079.57062649  .00000329  00000-0  17279-3 0  9999,2 25981  45.0241 128.4877 0004463 193.9591 166.1132 14.32222498850486
1 25981U 99065B   16080.54718558 +.00000331 +00000-0 +17352-3 0  9990,2 25981 045.0241 123.9026 0004519 198.9033 161.1646 14.32223574849759
1 25981U 99065B   16081.17497320  .00000325  00000-0  17100-3 0  9995,2 25981  45.0241 120.9550 0004559 202.0765 157.9885 14.32224191850713
1 25981U 99065B   16081.52374397 +.00000332 +00000-0 +17355-3 0  9992,2 25981 045.0241 119.3175 0004577 203.7125 156.3511 14.32224596850769
1 25981U 99065B   16082.50030185 +.00000304 +00000-0 +16353-3 0  9991,2 25981 045.0241 114.7324 0004638 208.3839 151.6755 14.32225372850036
1 25981U 99065B   16083.12808870  .00000296  00000-0  16053-3 0  9991,2 25981  45.0241 111.7848 0004680 211.4181 148.6387 14.32225896850999
1 25981U 99065B   16084.45341578  .00000326  00000-0  17163-3 0  9992,2 25981  45.0241 105.5623 0004747 217.5044 142.5471 14.32227253851188
1 25981U 99065B   16084.52316987 +.00000299 +00000-0 +16151-3 0  9991,2 25981 045.0241 105.2348 0004750 217.8074 142.2440 14.32227156850329
1 25981U 99065B   16085.49972596  .00000263  00000-0  14848-3 0  9994,2 25981  45.0241 100.6497 0004795 222.2541 137.7936 14.32227877851332
