1 29499U 06044A   14365.72583840  .00000146  00000-0  86776-4 0  9992,2 29499 098.6995 062.7313 0000105 078.6780 029.7488 14.21506393425491
1 29499U 06044A   15001.83087338  .00000141  00000-0  64382-4 0  9997,2 29499 098.7005 063.8211 0000347 025.1946 334.9732 14.21507099425657
1 29499U 06044A   15001.98271890  .00000107  00000-0  68979-4 0  9999,2 29499 098.6991 063.9701 0000104 120.2483 296.5378 14.21506881425678
1 29499U 06044A   15003.18725100  .00000097  00000-0  64205-4 0  9997,2 29499 098.6988 065.1573 0000106 154.9415 302.4668 14.21507704425849
1 29499U 06044A   15004.67997541  .00000115  00000-0  72576-4 0  9993,2 29499 098.6985 066.6283 0000192 158.0820 013.9241 14.21508041426050
1 29499U 06044A   15005.84296559  .00000245  00000-0  11192-3 0  9994,2 29499 098.6997 067.7752 0000153 035.0954 325.0723 14.21508301426225
1 29499U 06044A   15005.99597944  .00000138  00000-0  83252-4 0  9990,2 29499 098.6983 067.9252 0000235 169.7652 252.9982 14.21508228426243
1 29499U 06044A   15006.82839137  .00000188  00000-0  85853-4 0  9990,2 29499 098.6989 068.7446 0000311 003.7682 356.3984 14.21508652426880
1 29499U 06044A   15007.70492226  .00000112  00000-0  71130-4 0  9992,2 29499 098.6983 069.6092 0000309 177.8309 345.3920 14.21509655426485
1 29499U 06044A   15009.03411236  .00000122  00000-0  75806-4 0  9997,2 29499 098.6983 070.9191 0000357 182.0838 299.3448 14.21510179426675
1 29499U 06044A   15010.15560073  .00000112  00000-0  71249-4 0  9992,2 29499 098.6981 072.0243 0000430 176.8564 280.4783 14.21510507426839
1 29499U 06044A   15011.20746602  .00000108  00000-0  69347-4 0  9994,2 29499 098.6980 073.0608 0000498 175.1127 262.0382 14.21510968426983
1 29499U 06044A   15012.55645352  .00000108  00000-0  69307-4 0  9999,2 29499 098.6978 074.3902 0000549 178.4404 318.1758 14.21511519427177
1 29499U 06044A   15013.82546323  .00000120  00000-0  74949-4 0  9990,2 29499 098.6975 075.6407 0000604 178.9619 328.0734 14.21511898427357
1 29499U 06044A   15014.67408484  .00000155  00000-0  90706-4 0  9996,2 29499 098.6973 076.4765 0000841 166.8365 000.4986 14.21470207427479
1 29499U 06044A   15016.07183113  .00000079  00000-0  56092-4 0  9996,2 29499 098.6970 077.8540 0000858 166.6852 309.3035 14.21473257427675
1 29499U 06044A   15017.19415811  .00000107  00000-0  68685-4 0  9996,2 29499 098.6967 078.9598 0000893 166.6006 289.4335 14.21473919427830
1 29499U 06044A   15019.67107720  .00000083  00000-0  57828-4 0  9998,2 29499 098.6961 081.4001 0000999 163.8530 000.1817 14.21474498428185
1 29499U 06044A   15020.84616501  .00000054  00000-0  44496-4 0  9996,2 29499 098.6959 082.5578 0001075 161.7236 252.2036 14.21474885428351
1 29499U 06044A   15021.98776830  .00000058  00000-0  46514-4 0  9991,2 29499 098.6959 083.6825 0001132 160.3429 332.2241 14.21475357428511
1 29499U 06044A   15023.04105594  .00000058  00000-0  46689-4 0  9996,2 29499 098.6958 084.7202 0001144 160.7639 318.7621 14.21475601428660
1 29499U 06044A   15024.16277348  .00000072  00000-0  52687-4 0  9998,2 29499 098.6957 085.8252 0001199 159.4026 297.0636 14.21475656428824
1 29499U 06044A   15025.50348384  .00000084  00000-0  58409-4 0  9997,2 29499 098.6956 087.1460 0001282 157.0622 316.3658 14.21475937429011
1 29499U 06044A   15026.77677630  .00000062  00000-0  48108-4 0  9997,2 29499 098.6953 088.4004 0001306 156.8204 348.7665 14.21476421429191
1 29499U 06044A   15028.03866010  .00000080  00000-0  56551-4 0  9991,2 29499 098.6950 089.6435 0001344 155.2583 324.1423 14.21476671429371
1 29499U 06044A   15029.22708477  .00000114  00000-0  71983-4 0  9999,2 29499 098.6947 090.8142 0001408 152.9119 284.6011 14.21477177429540
1 29499U 06044A   15030.50118588  .00000135  00000-0  81855-4 0  9992,2 29499 098.6943 092.0693 0001456 151.7988 322.0141 14.21477787429723
1 29499U 06044A   15030.50118588  .00000135  00000-0  81855-4 0  9992,2 29499 098.6943 092.0693 0001456 151.7988 322.0141 14.21477787429723
1 29499U 06044A   15031.69712535  .00000115  00000-0  72623-4 0  9996,2 29499 098.6939 093.2474 0001492 150.6738 319.6882 14.21478454429893
1 29499U 06044A   15032.75263503  .00000109  00000-0  69692-4 0  9995,2 29499 098.6936 094.2871 0001516 149.6041 319.0926 14.21479001430045
1 29499U 06044A   15034.08022359  .00000125  00000-0  77186-4 0  9990,2 29499 098.6933 095.5947 0001582 146.9675 271.5962 14.21479843430233
1 29499U 06044A   15035.20844427  .00000114  00000-0  72269-4 0  9998,2 29499 098.6932 096.7060 0001620 145.6617 283.1157 14.21480383430399
1 29499U 06044A   15036.69491756  .00000098  00000-0  64762-4 0  9995,2 29499 098.6931 098.1700 0001619 144.8206 326.4345 14.21481275430603
1 29499U 06044A   15037.96501537  .00000093  00000-0  62380-4 0  9994,2 29499 098.6930 099.4208 0001646 142.8014 344.2986 14.21481591430783
1 29499U 06044A   15039.02007126  .00000103  00000-0  67242-4 0  9992,2 29499 098.6928 100.4599 0001701 140.9741 342.1510 14.21482172430937
1 29499U 06044A   15040.57149199  .00000111  00000-0  70743-4 0  9990,2 29499 098.6926 101.9878 0001759 139.0468 358.7364 14.21482962431151
1 29499U 06044A   15041.70238554  .00000113  00000-0  71490-4 0  9992,2 29499 098.6925 103.1016 0001782 137.8229 023.8580 14.21483397431316
1 29499U 06044A   15043.23528691  .00000109  00000-0  69723-4 0  9997,2 29499 098.6921 104.6113 0001814 135.7893 305.8427 14.21483627431539
1 29499U 06044A   15049.48552109  .00000127  00000-0  78119-4 0  9990,2 29499 098.6904 110.7664 0001968 127.9946 240.1816 14.21486076432424
1 29499U 06044A   15050.89173163  .00000184  00000-0  83933-4 0  9999,2 29499 098.6906 112.1479 0001608 113.2563 246.9272 14.21486294433153
1 29499U 06044A   15051.19004282  .00000085  00000-0  58964-4 0  9994,2 29499 098.6902 112.4448 0001956 126.2961 319.5891 14.21486602432662
1 29499U 06044A   15052.67325425  .00000071  00000-0  52498-4 0  9994,2 29499 098.6901 113.9052 0001973 124.4508 347.2651 14.21486988432876
1 29499U 06044A   15053.72879515  .00000102  00000-0  66791-4 0  9991,2 29499 098.6901 114.9445 0001934 123.7781 346.4647 14.21487206433023
1 29499U 06044A   15054.92131347  .00000131  00000-0  79711-4 0  9996,2 29499 098.6898 116.1186 0001980 121.7334 327.6031 14.21487644433199
1 29499U 06044A   15056.10685258  .00000080  00000-0  56454-4 0  9995,2 29499 098.6897 117.2855 0002011 119.1693 273.5675 14.21488154433367
1 29499U 06044A   15057.17524843  .00000087  00000-0  59740-4 0  9993,2 29499 098.6895 118.3374 0001999 117.7542 339.2591 14.21488354433510
1 29499U 06044A   15058.39065972  .00000104  00000-0  67647-4 0  9996,2 29499 098.6901 119.5325 0001961 108.8566 084.3404 14.21488634433683
1 29499U 06044A   15059.65162933  .00000115  00000-0  72401-4 0  9997,2 29499 098.6899 120.7739 0001966 107.3163 055.0724 14.21489033433868
1 29499U 06044A   15060.69805454  .00000150  00000-0  88663-4 0  9991,2 29499 098.6897 121.8041 0001988 106.2125 008.0891 14.21489576434017
1 29499U 06044A   15060.69805454  .00000150  00000-0  88663-4 0  9991,2 29499 098.6897 121.8041 0001988 106.2125 008.0891 14.21489576434017
1 29499U 06044A   15061.96710738  .00000175  00000-0  99875-4 0  9996,2 29499 098.6894 123.0533 0002002 104.6263 020.2128 14.21490161434197
1 29499U 06044A   15063.08825587  .00000156  00000-0  91161-4 0  9999,2 29499 098.6892 124.1570 0001997 103.1399 355.7852 14.21490442434354
1 29499U 06044A   15064.48878657  .00000162  00000-0  93809-4 0  9998,2 29499 098.6889 125.5357 0002009 101.0886 320.8191 14.21491017434551
1 29499U 06044A   15065.63310400  .00000139  00000-0  83589-4 0  9991,2 29499 098.6887 126.6622 0002006 099.7405 054.7545 14.21491349434715
1 29499U 06044A   15066.69031236  .00000149  00000-0  88052-4 0  9996,2 29499 098.6885 127.7028 0001999 098.1904 063.3760 14.21491827434864
1 29499U 06044A   15067.80676106  .00000139  00000-0  83326-4 0  9999,2 29499 098.6882 128.8017 0002005 096.5619 015.0613 14.21492230435024
1 29499U 06044A   15069.20787382  .00000123  00000-0  76185-4 0  9992,2 29499 098.6879 130.1807 0002002 094.9307 342.6605 14.21492632435224
1 29499U 06044A   15070.55666039  .00000115  00000-0  72569-4 0  9990,2 29499 098.6878 131.5084 0002001 093.3831 042.5569 14.21493056435416
1 29499U 06044A   15071.95482045  .00000089  00000-0  60570-4 0  9997,2 29499 098.6875 132.8845 0001986 091.4758 355.3347 14.21493432435619
1 29499U 06044A   15073.21797088  .00000100  00000-0  65794-4 0  9991,2 29499 098.6873 134.1277 0001970 089.5811 337.5965 14.21493806435794
1 29499U 06044A   15074.49472486  .00000109  00000-0  69892-4 0  9996,2 29499 098.6870 135.3843 0001963 087.9853 029.1363 14.21494169435972
1 29499U 06044A   15075.68988358  .00000084  00000-0  58312-4 0  9995,2 29499 098.6868 136.5605 0001952 086.6097 023.1389 14.21494410436143
1 29499U 06044A   15076.82323225  .00000124  00000-0  76798-4 0  9991,2 29499 098.6865 137.6759 0001947 085.2322 061.0190 14.21494977436309
1 29499U 06044A   15078.14866105  .00000216  00000-0  11854-3 0  9990,2 29499 098.6862 138.9803 0001945 083.7853 001.3662 14.21496066436492
1 29499U 06044A   15079.20100520  .00000142  00000-0  84638-4 0  9999,2 29499 098.6860 140.0160 0001915 082.5045 344.8570 14.21496235436645
1 29499U 06044A   15080.47934250  .00000122  00000-0  75765-4 0  9994,2 29499 098.6858 141.2740 0001892 081.0799 044.3345 14.21496645436820
1 29499U 06044A   15081.81520127  .00000112  00000-0  70886-4 0  9995,2 29499 098.6856 142.5886 0001878 079.5703 038.0937 14.21497167437013
1 29499U 06044A   15083.14619846  .00000110  00000-0  70392-4 0  9990,2 29499 098.6853 143.8984 0001835 077.8189 007.2321 14.21497660437209
1 29499U 06044A   15084.19858352  .00000117  00000-0  73364-4 0  9992,2 29499 098.6852 144.9340 0001816 076.7445 350.7327 14.21498011437357
1 29499U 06044A   15085.54926262  .00000131  00000-0  79861-4 0  9992,2 29499 098.6850 146.2631 0001779 074.9253 060.6054 14.21498537437546
1 29499U 06044A   15087.02530247  .00000166  00000-0  95554-4 0  9996,2 29499 098.6847 147.7155 0001747 073.0045 051.7412 14.21499225437750
1 29499U 06044A   15088.14374503  .00000166  00000-0  95986-4 0  9990,2 29499 098.6845 148.8160 0001725 071.6364 013.3927 14.21499653437918
1 29499U 06044A   15089.19600307  .00000210  00000-0  11573-3 0  9999,2 29499 098.6843 149.8513 0001703 070.8372 355.9759 14.21500251438067
1 29499U 06044A   15090.54698387  .00000187  00000-0  10557-3 0  9999,2 29499 098.6841 151.1805 0001664 069.3507 067.0690 14.21500713438253
1 29499U 06044A   15091.80887828  .00000179  00000-0  10187-3 0  9999,2 29499 098.6839 152.4220 0001604 067.8759 042.5201 14.21501252438436
1 29499U 06044A   15093.14130071  .00000216  00000-0  11864-3 0  9994,2 29499 098.6836 153.7330 0001578 066.8101 018.2819 14.21502010438628
1 29499U 06044A   15094.19341061  .00000168  00000-0  96826-4 0  9991,2 29499 098.6834 154.7680 0001540 065.6642 000.4622 14.21502256438774
1 29499U 06044A   15095.47248400  .00000155  00000-0  90905-4 0  9994,2 29499 098.6832 156.0265 0001499 063.7491 064.2227 14.21502738438954
1 29499U 06044A   15096.53021837  .00000139  00000-0  83451-4 0  9995,2 29499 098.6831 157.0671 0001485 062.5042 075.2722 14.21503138439104
1 29499U 06044A   15097.77029597  .00000234  00000-0  10690-3 0  9993,2 29499 098.6821 158.2862 0001559 050.8794 309.3003 14.21503892440027
1 29499U 06044A   15098.20585549  .00000127  00000-0  77725-4 0  9990,2 29499 098.6828 158.7155 0001414 060.5692 007.2913 14.21503687439348
1 29499U 06044A   15098.75572464  .00000225  00000-0  10300-3 0  9996,2 29499 098.6819 159.2552 0001506 051.1472 309.0318 14.21504261440162
1 29499U 06044A   15099.48398932  .00000092  00000-0  61849-4 0  9990,2 29499 098.6826 159.9729 0001369 059.0069 065.8999 14.21503977439522
1 29499U 06044A   15100.68751492  .00000109  00000-0  69835-4 0  9991,2 29499 098.6824 161.1568 0001340 058.3378 102.0323 14.21504521439699
1 29499U 06044A   15101.81080546  .00000116  00000-0  72965-4 0  9998,2 29499 098.6822 162.2618 0001298 057.5574 087.9132 14.21504953439852
1 29499U 06044A   15103.13630968  .00000110  00000-0  70092-4 0  9997,2 29499 098.6820 163.5657 0001235 056.4013 028.3989 14.21505353440041
1 29499U 06044A   15104.18852384  .00000107  00000-0  68688-4 0  9995,2 29499 098.6819 164.6008 0001184 055.3748 011.0063 14.21505684440192
1 29499U 06044A   15105.47884259  .00000152  00000-0  89429-4 0  9990,2 29499 098.6817 165.8701 0001144 054.5846 131.1728 14.21506387440372
1 29499U 06044A   15106.51865899  .00000186  00000-0  10507-3 0  9992,2 29499 098.6815 166.8930 0001102 054.2088 049.7256 14.21506996440527
1 29499U 06044A   15106.77992324  .00000188  00000-0  85939-4 0  9998,2 29499 098.6807 167.1481 0001254 040.1945 319.9810 14.21506776441308
1 29499U 06044A   15108.77923929  .00000193  00000-0  10816-3 0  9992,2 29499 098.6812 169.1166 0001006 052.7298 093.0260 14.21507999440846
1 29499U 06044A   15109.83490656  .00000194  00000-0  10865-3 0  9991,2 29499 098.6811 170.1550 0000956 052.2152 092.7928 14.21508511440995
1 29499U 06044A   15111.16063105  .00000246  00000-0  13252-3 0  9996,2 29499 098.6810 171.4591 0000905 051.1726 034.3094 14.21509474441189
1 29499U 06044A   15112.50345610  .00000231  00000-0  12564-3 0  9998,2 29499 098.6808 172.7798 0000847 051.1861 062.2352 14.21510133441376
1 29499U 06044A   15113.74828818  .00000240  00000-0  10965-3 0  9994,2 29499 098.6798 174.0029 0000920 034.8331 325.3382 14.21510511442296
1 29499U 06044A   15113.76932394  .00000212  00000-0  11686-3 0  9991,2 29499 098.6806 174.0249 0000793 051.6728 056.0897 14.21510701441553
1 29499U 06044A   15114.83254024  .00000211  00000-0  11612-3 0  9995,2 29499 098.6804 175.0706 0000732 052.0249 093.6101 14.21511247441704
1 29499U 06044A   15116.15813101  .00000177  00000-0  10096-3 0  9995,2 29499 098.6802 176.3744 0000662 052.7112 032.7260 14.21511742441896
1 29499U 06044A   15117.50101541  .00000121  00000-0  75077-4 0  9993,2 29499 098.6801 177.6951 0000620 054.1879 059.5028 14.21512056442089
1 29499U 06044A   15118.82667766  .00000116  00000-0  72816-4 0  9997,2 29499 098.6798 178.9989 0000519 064.9600 348.8804 14.21493028442271
1 29499U 06044A   15120.16485419  .00000224  00000-0  12240-3 0  9994,2 29499 098.6798 180.3147 0000471 069.9798 347.9480 14.21493949442467
1 29499U 06044A   15120.16485419  .00000224  00000-0  12240-3 0  9994,2 29499 098.6798 180.3147 0000471 069.9798 347.9480 14.21493949442467
1 29499U 06044A   15121.49194939  .00000211  00000-0  11626-3 0  9998,2 29499 098.6797 181.6198 0000452 074.8821 290.4594 14.21494477442653
1 29499U 06044A   15122.78637940  .00000083  00000-0  57984-4 0  9990,2 29499 098.6795 182.8928 0000413 080.0401 065.6502 14.21494546442833
1 29499U 06044A   15123.83495631  .00000082  00000-0  57166-4 0  9997,2 29499 098.6794 183.9240 0000395 084.7307 023.8968 14.21494836442986
1 29499U 06044A   15125.16652293  .00000094  00000-0  62669-4 0  9991,2 29499 098.6793 185.2334 0000380 091.9115 347.0034 14.21495286443172
1 29499U 06044A   15126.48872571  .00000101  00000-0  66040-4 0  9996,2 29499 098.6792 186.5337 0000379 098.8783 262.4346 14.21495727443360
1 29499U 06044A   15127.70411368  .00000113  00000-0  71589-4 0  9992,2 29499 098.6790 187.7288 0000392 105.5683 351.8409 14.21496163443533
1 29499U 06044A   15128.82364760  .00000117  00000-0  73314-4 0  9991,2 29499 098.6789 188.8298 0000402 112.7270 310.5351 14.21496548443690
1 29499U 06044A   15129.82523961  .00000120  00000-0  74731-4 0  9990,2 29499 098.6788 189.8147 0000410 117.9614 027.9412 14.21496928443836
1 29499U 06044A   15131.15074484  .00000151  00000-0  88791-4 0  9995,2 29499 098.6787 191.1181 0000434 123.8305 321.3684 14.21497560444025
1 29499U 06044A   15132.49434587  .00000213  00000-0  11724-3 0  9997,2 29499 098.6786 192.4393 0000485 127.1141 349.9353 14.21498385444210
1 29499U 06044A   15133.83047506  .00000204  00000-0  11312-3 0  9990,2 29499 098.6784 193.7531 0000530 130.9109 339.7774 14.21498944444409
1 29499U 06044A   15135.16196633  .00000220  00000-0  12028-3 0  9997,2 29499 098.6783 195.0624 0000579 135.3434 305.2670 14.21499692444593
1 29499U 06044A   15136.49465579  .00000195  00000-0  10888-3 0  9995,2 29499 098.6782 196.3728 0000623 137.0312 279.6312 14.21500164444780
1 29499U 06044A   15137.56591444  .00000178  00000-0  10121-3 0  9996,2 29499 098.6781 197.4262 0000671 138.1616 357.4655 14.21500560444938
1 29499U 06044A   15138.82437128  .00000144  00000-0  85819-4 0  9994,2 29499 098.6780 198.6636 0000728 140.1682 311.8527 14.21501002445119
1 29499U 06044A   15140.15433590  .00000135  00000-0  81557-4 0  9997,2 29499 098.6778 199.9712 0000788 140.3040 273.8408 14.21501546445300
1 29499U 06044A   15141.40909049  .00000110  00000-0  70215-4 0  9995,2 29499 098.6777 201.2050 0000842 140.1634 211.4443 14.21501894445470
1 29499U 06044A   15142.46593744  .00000098  00000-0  64481-4 0  9996,2 29499 098.6776 202.2440 0000885 140.6259 216.2443 14.21502204445624
1 29499U 06044A   15143.83243421  .00000063  00000-0  48681-4 0  9998,2 29499 098.6775 203.5876 0000942 140.5257 005.3176 14.21502493445823
1 29499U 06044A   15145.15189451  .00000054  00000-0  44471-4 0  9990,2 29499 098.6773 204.8849 0000995 140.4280 273.8212 14.21502825446012
1 29499U 06044A   15146.49085747  .00000036  00000-0  36535-4 0  9993,2 29499 098.6773 206.2013 0001056 139.4205 282.9822 14.21503014446205
1 29499U 06044A   15147.84332646  .00000054  00000-0  44496-4 0  9991,2 29499 098.6771 207.5309 0001123 138.7408 000.8936 14.21503355446398
1 29499U 06044A   15148.80148825  .00000097  00000-0  44217-4 0  9990,2 29499 098.6771 208.4752 0001089 135.7321 224.4424 14.21503581446535
1 29499U 06044A   15149.02216694  .00000052  00000-0  43777-4 0  9996,2 29499 098.6771 208.6899 0001174 138.2542 270.5861 14.21503608446567
1 29499U 06044A   15150.14941519  .00000049  00000-0  42052-4 0  9993,2 29499 098.6770 209.7981 0001217 137.4714 276.7059 14.21503798446725
1 29499U 06044A   15150.14941519  .00000049  00000-0  42052-4 0  9993,2 29499 098.6770 209.7981 0001217 137.4714 276.7059 14.21503798446725
1 29499U 06044A   15151.48846279  .00000118  00000-0  73868-4 0  9994,2 29499 098.6769 211.1146 0001269 136.3732 286.3949 14.21504381446913
1 29499U 06044A   15153.82758200  .00000058  00000-0  46226-4 0  9991,2 29499 098.6767 213.4142 0001357 134.5906 011.6610 14.21504509447246
1 29499U 06044A   15155.15223639  .00000070  00000-0  51745-4 0  9998,2 29499 098.6766 214.7165 0001405 133.3810 307.8507 14.21504863447438
1 29499U 06044A   15156.48613611  .00000077  00000-0  55113-4 0  9998,2 29499 098.6766 216.0279 0001450 132.0828 291.4157 14.21505150447624
1 29499U 06044A   15157.83854388  .00000095  00000-0  63069-4 0  9995,2 29499 098.6765 217.3574 0001499 131.1131 009.3139 14.21505570447818
1 29499U 06044A   15158.89378959  .00000092  00000-0  61928-4 0  9996,2 29499 098.6763 218.3948 0001538 130.0396 007.4732 14.21505848447969
1 29499U 06044A   15159.94721329 +.00000118 +00000-0 +73865-4 0  9998,2 29499 098.6762 219.4304 0001582 128.6793 356.6022 14.21506263447939
1 29499U 06044A   15160.13946611  .00000117  00000-0  73442-4 0  9994,2 29499 098.6762 219.6194 0001588 128.4690 260.0957 14.21506323448144
1 29499U 06044A   15160.93100990 +.00000120 +00000-0 +74718-4 0  9995,2 29499 098.6762 220.3975 0001612 127.9313 349.0096 14.21506524448071
1 29499U 06044A   15161.20307024  .00000121  00000-0  75309-4 0  9991,2 29499 098.6761 220.6650 0001617 127.5998 300.8029 14.21506625448290
1 29499U 06044A   15161.91053955 +.00000117 +00000-0 +73324-4 0  9990,2 29499 098.6761 221.3605 0001637 127.0915 319.6862 14.21506789448210
1 29499U 06044A   15162.88976367 +.00000109 +00000-0 +69851-4 0  9999,2 29499 098.6760 222.3231 0001664 126.1141 288.9390 14.21507066448354
1 29499U 06044A   15163.95959581 +.00000136 +00000-0 +81799-4 0  9992,2 29499 098.6760 223.3748 0001692 124.7116 002.0360 14.21507517448505
1 29499U 06044A   15164.94465484 +.00000140 +00000-0 +84015-4 0  9995,2 29499 098.6760 224.3431 0001718 123.6582 001.2100 14.21507828448642
1 29499U 06044A   15165.92822191 +.00000123 +00000-0 +76021-4 0  9995,2 29499 098.6759 225.3100 0001748 122.6231 352.7363 14.21508044448788
1 29499U 06044A   15166.39923363 +.00000124 +00000-0 +76553-4 0  9991,2 29499 098.6759 225.7730 0001761 122.0559 242.3113 14.21508202448854
1 29499U 06044A   15167.88728307  .00000102  00000-0  66306-4 0  9998,2 29499 098.6757 227.2357 0001805 120.7910 294.2643 14.21508603449242
1 29499U 06044A   15168.95691149 +.00000096 +00000-0 +63888-4 0  9994,2 29499 098.6756 228.2871 0001834 119.4136 006.3005 14.21508913449215
1 29499U 06044A   15169.15407471  .00000099  00000-0  64996-4 0  9994,2 29499 098.6756 228.4809 0001839 119.2155 294.8982 14.21508991449429
1 29499U 06044A   15169.92807139 +.00000081 +00000-0 +56726-4 0  9997,2 29499 098.6756 229.2418 0001856 118.1909 294.5617 14.21509106449351
1 29499U 06044A   15170.21262843  .00000081  00000-0  56898-4 0  9998,2 29499 098.6755 229.5215 0001862 118.2310 309.9008 14.21509216449573
1 29499U 06044A   15171.56327069  .00000069  00000-0  51453-4 0  9997,2 29499 098.6754 230.8491 0001890 116.5494 019.5011 14.21509526449761
1 29499U 06044A   15172.82178502  .00000054  00000-0  44548-4 0  9994,2 29499 098.6753 232.0862 0001917 115.2782 337.5001 14.21509801449940
1 29499U 06044A   15174.15162022  .00000054  00000-0  44360-4 0  9994,2 29499 098.6752 233.3933 0001943 113.7039 300.5774 14.21510146450133
1 29499U 06044A   15175.49018733  .00000069  00000-0  51252-4 0  9995,2 29499 098.6751 234.7090 0001972 111.8934 308.5530 14.21510553450327
1 29499U 06044A   15176.55501414  .00000058  00000-0  46293-4 0  9993,2 29499 098.6751 235.7556 0001986 110.8501 355.7039 14.21510728450477
1 29499U 06044A   15177.81922507  .00000049  00000-0  42427-4 0  9998,2 29499 098.6750 236.9982 0002005 109.4995 342.9231 14.21510995450654
1 29499U 06044A   15179.14909889  .00000033  00000-0  34736-4 0  9991,2 29499 098.6749 238.3054 0002019 107.8384 306.2896 14.21511196450842
1 29499U 06044A   15180.48819660  .00000031  00000-0  34148-4 0  9992,2 29499 098.6749 239.6215 0002034 106.3981 316.6125 14.21511377451032
1 29499U 06044A   15181.76303669  .00000029  00000-0  33304-4 0  9991,2 29499 098.6748 240.8746 0002047 104.9651 358.2799 14.21511590451212
1 29499U 06044A   15182.82717008  .00000038  00000-0  37448-4 0  9998,2 29499 098.6747 241.9205 0002061 103.7033 042.1663 14.21511815451365
1 29499U 06044A   15184.14661067  .00000037  00000-0  36679-4 0  9992,2 29499 098.6746 243.2174 0002067 102.1315 312.0865 14.21512050451552
1 29499U 06044A   15185.20500800  .00000063  00000-0  48468-4 0  9995,2 29499 098.6745 244.2576 0002062 101.0812 326.3663 14.21512335451700
1 29499U 06044A   15186.55584697  .00000088  00000-0  60108-4 0  9992,2 29499 098.6744 245.5852 0002073 099.4004 036.9866 14.21512775451892
1 29499U 06044A   15187.81855400  .00000071  00000-0  52388-4 0  9998,2 29499 098.6743 246.8263 0002081 097.8154 016.7571 14.21512981452077
1 29499U 06044A   15189.15016086  .00000064  00000-0  48994-4 0  9996,2 29499 098.6742 248.1350 0002069 096.1669 348.9843 14.21513284452267
1 29499U 06044A   15190.20261031  .00000097  00000-0  64014-4 0  9993,2 29499 098.6741 249.1694 0002064 094.8453 333.1193 14.21513653452410
1 29499U 06044A   15191.55324135  .00000055  00000-0  45099-4 0  9993,2 29499 098.6741 250.4968 0002072 092.9548 042.8912 14.21513759452603
1 29499U 06044A   15192.81560574  .00000075  00000-0  54172-4 0  9996,2 29499 098.6740 251.7375 0002061 091.6624 020.6221 14.21514194452787
1 29499U 06044A   15194.13681668  .00000077  00000-0  54884-4 0  9993,2 29499 098.6739 253.0360 0002051 090.2606 299.4374 14.21514469452979
1 29499U 06044A   15195.19986541  .00000077  00000-0  54969-4 0  9992,2 29499 098.6738 254.0807 0002050 088.9764 337.7502 14.21514704453122
1 29499U 06044A   15196.55091640  .00000079  00000-0  55814-4 0  9992,2 29499 098.6737 255.4084 0002038 087.4011 049.3607 14.21515030453314
1 29499U 06044A   15196.82371706  .00000071  00000-0  52463-4 0  9995,2 29499 098.6737 255.6769 0001943 087.4631 004.5294 14.21492731453359
1 29499U 06044A   15198.15895634  .00000067  00000-0  50456-4 0  9999,2 29499 098.6736 256.9888 0001918 086.2713 354.7821 14.21493139453544
1 29499U 06044A   15199.21224616  .00000060  00000-0  47309-4 0  9999,2 29499 098.6735 258.0238 0001908 085.1239 342.9649 14.21493361453695
1 29499U 06044A   15200.48846817  .00000041  00000-0  38698-4 0  9994,2 29499 098.6734 259.2780 0001887 083.8044 031.5043 14.21493561453875
1 29499U 06044A   15201.54824137  .00000026  00000-0  31546-4 0  9991,2 29499 098.6732 260.3193 0001870 082.8176 052.6871 14.21493705454022
1 29499U 06044A   15203.86192726  .00000017  00000-0  27657-4 0  9998,2 29499 098.6730 262.5928 0001832 080.5105 008.3123 14.21494052454355
1 29499U 06044A   15205.19535328  .00000011  00000-0  24940-4 0  9991,2 29499 098.6729 263.9030 0001814 079.0989 349.5158 14.21494201454540
1 29499U 06044A   15206.54577890  .00000013  00000-0  25797-4 0  9994,2 29499 098.6728 265.2300 0001791 077.5990 057.7525 14.21494391454730
1 29499U 06044A   15207.60649706  .00000008  00000-0  23613-4 0  9997,2 29499 098.6728 266.2723 0001764 076.4947 083.8886 14.21494514454883
1 29499U 06044A   15208.80013016  .00000018  00000-0  27939-4 0  9995,2 29499 098.6727 267.4451 0001741 075.1577 070.0501 14.21494668455055
1 29499U 06044A   15209.84529473  .00000030  00000-0  33580-4 0  9992,2 29499 098.6726 268.4721 0001712 074.0883 016.6037 14.21494837455206
1 29499U 06044A   15211.17711296  .00000030  00000-0  33748-4 0  9993,2 29499 098.6725 269.7807 0001675 072.8154 349.4488 14.21495044455397
1 29499U 06044A   15212.52918078  .00000056  00000-0  45542-4 0  9993,2 29499 098.6724 271.1091 0001645 071.5563 065.8480 14.21495379455588
1 29499U 06044A   15213.85715628  .00000054  00000-0  44422-4 0  9990,2 29499 098.6722 272.4139 0001608 070.2989 019.0267 14.21495578455776
1 29499U 06044A   15215.18983258  .00000049  00000-0  42458-4 0  9995,2 29499 098.6720 273.7232 0001567 068.9148 356.3754 14.21495811455966
1 29499U 06044A   15216.54110012  .00000045  00000-0  40289-4 0  9992,2 29499 098.6719 275.0509 0001523 067.7360 068.6049 14.21496058456157
1 29499U 06044A   15218.78814450  .00000030  00000-0  33519-4 0  9999,2 29499 098.6717 277.2586 0001456 065.5228 043.3174 14.21496401456474
1 29499U 06044A   15219.84039966  .00000039  00000-0  37843-4 0  9991,2 29499 098.6715 278.2924 0001431 064.7891 025.8069 14.21496627456624
1 29499U 06044A   15221.17170303  .00000034  00000-0  35452-4 0  9990,2 29499 098.6714 279.6003 0001389 063.6827 355.8607 14.21496859456817
1 29499U 06044A   15222.23051787  .00000046  00000-0  41078-4 0  9996,2 29499 098.6714 280.6405 0001350 062.8655 011.9845 14.21497056456963
1 29499U 06044A   15223.49453802  .00000034  00000-0  35414-4 0  9993,2 29499 098.6713 281.8823 0001308 061.9700 357.7093 14.21497162457148
1 29499U 06044A   15224.56533007  .00000034  00000-0  35384-4 0  9994,2 29499 098.6712 282.9342 0001269 061.3615 074.8830 14.21497318457295
1 29499U 06044A   15225.76586800  .00000033  00000-0  35005-4 0  9995,2 29499 098.6710 284.1135 0001225 060.6610 095.7347 14.21497512457466
1 29499U 06044A   15226.88222444  .00000029  00000-0  33080-4 0  9996,2 29499 098.6709 285.2102 0001183 059.9126 046.0888 14.21497676457624
1 29499U 06044A   15228.21214933  .00000050  00000-0  42789-4 0  9999,2 29499 098.6706 286.5166 0001132 058.9868 008.9175 14.21498032457815
1 29499U 06044A   15229.56308789  .00000049  00000-0  42323-4 0  9993,2 29499 098.6704 287.8437 0001086 058.6288 078.6540 14.21498242458004
1 29499U 06044A   15229.90522558 +.00000046 +00000-0 +40896-4 0  9993,2 29499 098.6703 288.1798 0001073 058.5012 028.6457 14.21498272457876
1 29499U 06044A   15230.82125067  .00000035  00000-0  35792-4 0  9997,2 29499 098.6702 289.0796 0001039 058.3427 033.8175 14.21498412458189
1 29499U 06044A   15230.89088936 +.00000032 +00000-0 +34288-4 0  9993,2 29499 098.6702 289.1480 0001037 058.3174 030.0101 14.21498401458015
1 29499U 06044A   15231.87655170 +.00000026 +00000-0 +31895-4 0  9996,2 29499 098.6700 290.1161 0001000 058.0969 031.4045 14.21498546458157
1 29499U 06044A   15232.15123512  .00000018  00000-0  28271-4 0  9993,2 29499 098.6700 290.3859 0000989 057.7888 356.5819 14.21498575458370
1 29499U 06044A   15233.20982259  .00000021  00000-0  29494-4 0  9993,2 29499 098.6699 291.4257 0000945 057.8422 010.6791 14.21498735458520
1 29499U 06044A   15234.91847843 +.00000011 +00000-0 +24779-4 0  9991,2 29499 098.6698 293.1040 0000874 057.9639 109.4862 14.21498911458588
1 29499U 06044A   15235.96644941 +.00000010 +00000-0 +24289-4 0  9996,2 29499 098.6697 294.1333 0000838 058.2217 069.0819 14.21499072458738
1 29499U 06044A   15236.95161144 +.00000017 +00000-0 +27665-4 0  9993,2 29499 098.6696 295.1010 0000803 058.5427 067.3781 14.21499222458879
1 29499U 06044A   15238.57261008  .00000023  00000-0  30154-4 0  9997,2 29499 098.6694 296.6931 0000741 059.5565 076.9723 14.21499425459283
1 29499U 06044A   15239.82558080 +.00000030 +00000-0 +33399-4 0  9997,2 29499 098.6692 297.9236 0000699 060.9874 003.8693 14.21499627459283
1 29499U 06044A   15240.88605458 +.00000046 +00000-0 +40930-4 0  9993,2 29499 098.6691 298.9651 0000670 062.3384 026.3205 14.21499899459432
1 29499U 06044A   15241.15526054  .00000053  00000-0  44249-4 0  9993,2 29499 098.6690 299.2295 0000660 062.5148 323.0004 14.21499991459659
1 29499U 06044A   15241.94920404 +.00000055 +00000-0 +44908-4 0  9991,2 29499 098.6689 300.0093 0000626 063.4458 062.7008 14.21500133459584
1 29499U 06044A   15242.50966328  .00000041  00000-0  38820-4 0  9990,2 29499 098.6689 300.5597 0000610 064.1644 048.4563 14.21500182459846
1 29499U 06044A   15242.94009383 +.00000041 +00000-0 +38670-4 0  9990,2 29499 098.6688 300.9825 0000591 065.0810 088.9811 14.21500239459721
1 29499U 06044A   15243.57046196  .00000040  00000-0  37980-4 0  9995,2 29499 098.6687 301.6015 0000570 066.3899 071.6965 14.21500366459996
1 29499U 06044A   15243.91732793 +.00000042 +00000-0 +39049-4 0  9998,2 29499 098.6686 301.9422 0000557 067.2099 044.9263 14.21500421459869
1 29499U 06044A   15244.82280657  .00000037  00000-0  36996-4 0  9998,2 29499  98.6685 302.8314 0000531  69.7995 353.4173 14.21500600460175
1 29499U 06044A   15244.89798619 +.00000036 +00000-0 +36307-4 0  9992,2 29499 098.6685 302.9053 0000529 070.0362 017.6876 14.21500602460009
1 29499U 06044A   15245.96147139 +.00000032 +00000-0 +34357-4 0  9995,2 29499 098.6683 303.9496 0000501 073.3729 053.5585 14.21500804460158
1 29499U 06044A   15246.15938334  .00000031  00000-0  34195-4 0  9991,2 29499  98.6683 304.1440 0000495  73.9577 345.1968 14.21500857460365
1 29499U 06044A   15246.94654025 +.00000017 +00000-0 +27711-4 0  9990,2 29499 098.6682 304.9170 0000479 076.6639 048.4143 14.21500908460290
1 29499U 06044A   15247.50731815  .00000009  00000-0  23781-4 0  9990,2 29499  98.6681 305.4677 0000471  79.0433  34.1404 14.21500963460550
1 29499U 06044A   15247.93036147 +.00000011 +00000-0 +24799-4 0  9996,2 29499 098.6680 305.8832 0000465 080.9436 035.9006 14.21501004460434
1 29499U 06044A   15248.56795821  .00000015  00000-0  26510-4 0  9994,2 29499  98.6680 306.5093 0000456  83.3738  54.4672 14.21501120460707
1 29499U 06044A   15248.92593704 +.00000014 +00000-0 +26236-4 0  9994,2 29499 098.6679 306.8608 0000451 085.0439 083.6844 14.21501141460575
1 29499U 06044A   15249.82593477  .00000008  00000-0  23627-4 0  9995,2 29499  98.6678 307.7445 0000442  89.3857   2.3930 14.21501255460888
1 29499U 06044A   15249.89556480 +.00000005 +00000-0 +22298-4 0  9995,2 29499 098.6678 307.8129 0000441 089.5588 358.3436 14.21501250460712
1 29499U 06044A   15250.88121620 +.00000016 +00000-0 +27285-4 0  9993,2 29499 098.6677 308.7808 0000434 094.0299 355.0003 14.21501431460857
1 29499U 06044A   15251.15592106  .00000020  00000-0  29188-4 0  9994,2 29499  98.6677 309.0505 0000432  95.3923 318.6199 14.21501496461078
1 29499U 06044A   15251.94409784 +.00000025 +00000-0 +31339-4 0  9996,2 29499 098.6676 309.8245 0000431 099.3513 025.8024 14.21501601461009
1 29499U 06044A   15252.21440935  .00000025  00000-0  31095-4 0  9999,2 29499  98.6676 310.0899 0000430 100.6366 327.0293 14.21501650461222
1 29499U 06044A   15252.92777929 +.00000027 +00000-0 +32237-4 0  9994,2 29499 098.6675 310.7904 0000438 104.2391 011.9681 14.21501720461140
1 29499U 06044A   15253.56567194  .00000039  00000-0  37618-4 0  9997,2 29499  98.6674 311.4167 0000443 107.6274  31.0916 14.21501876461417
1 29499U 06044A   15253.90749564 +.00000034 +00000-0 +35230-4 0  9991,2 29499 098.6674 311.7524 0000444 109.6985 337.2832 14.21501893461281
1 29499U 06044A   15254.82734006  .00000043  00000-0  39301-4 0  9991,2 29499  98.6672 312.6556 0000458 114.1001 357.4406 14.21502106461592
1 29499U 06044A   15254.97128766 +.00000041 +00000-0 +38623-4 0  9991,2 29499 098.6672 312.7969 0000461 114.6254 013.1377 14.21502120461432
1 29499U 06044A   15255.89189640  .00000032  00000-0  34621-4 0  9995,2 29499  98.6671 313.7009 0000475 118.0825  38.1494 14.21502248461746
1 29499U 06044A   15255.96555144 +.00000038 +00000-0 +37165-4 0  9991,2 29499 098.6670 313.7732 0000482 118.4142 054.5277 14.21502279461578
1 29499U 06044A   15256.94972815 +.00000030 +00000-0 +33711-4 0  9993,2 29499 098.6668 314.7395 0000502 121.6106 044.9201 14.21502405461717
1 29499U 06044A   15257.21203221  .00000031  00000-0  33987-4 0  9998,2 29499  98.6668 314.9970 0000503 122.5267 305.5628 14.21502460461931
1 29499U 06044A   15257.92533657 +.00000035 +00000-0 +35812-4 0  9998,2 29499 098.6666 315.6974 0000523 124.6397 351.6578 14.21502563461851
1 29499U 06044A   15258.56323757  .00000041  00000-0  38757-4 0  9995,2 29499  98.6665 316.3236 0000543 126.1501  12.7038 14.21502712462128
1 29499U 06044A   15258.90507530 +.00000040 +00000-0 +38301-4 0  9990,2 29499 098.6664 316.6593 0000553 127.0938 320.0956 14.21502757461998
1 29499U 06044A   15259.82109559  .00000024  00000-0  31032-4 0  9997,2 29499  98.6663 317.5586 0000579 128.9562 323.2363 14.21502871462300
1 29499U 06044A   15259.96855502 +.00000025 +00000-0 +31391-4 0  9997,2 29499 098.6662 317.7034 0000583 129.3138 357.0628 14.21502894462144
1 29499U 06044A   15260.88206567  .00000023  00000-0  30193-4 0  9998,2 29499  98.6661 318.6003 0000611 131.0692 347.4758 14.21503043462454
1 29499U 06044A   15260.94817509 +.00000023 +00000-0 +30186-4 0  9991,2 29499 098.6661 318.6652 0000612 131.1573 325.5055 14.21503052462282
1 29499U 06044A   15261.93838229 +.00000024 +00000-0 +30769-4 0  9991,2 29499 098.6659 319.6373 0000644 132.8870 348.2106 14.21503189462429
1 29499U 06044A   15262.20963911  .00000026  00000-0  31679-4 0  9992,2 29499  98.6659 319.9036 0000651 133.4088 295.0373 14.21503254462646
1 29499U 06044A   15262.93223990 +.00000016 +00000-0 +27125-4 0  9998,2 29499 098.6658 320.6130 0000679 133.7291 030.4735 14.21503293462565
1 29499U 06044A   15263.56037883  .00000031  00000-0  33917-4 0  9995,2 29499  98.6657 321.2297 0000703 134.4351   2.3974 14.21503468462835
1 29499U 06044A   15263.91706328 +.00000025 +00000-0 +31085-4 0  9998,2 29499 098.6657 321.5798 0000713 134.8390 026.2637 14.21503479462701
1 29499U 06044A   15264.82932395  .00000027  00000-0  32296-4 0  9991,2 29499  98.6656 322.4754 0000746 135.8138  11.0659 14.21503652463013
1 29499U 06044A   15264.96609060 +.00000026 +00000-0 +31945-4 0  9995,2 29499 098.6656 322.6097 0000749 136.0794 350.2965 14.21503669462856
1 29499U 06044A   15265.86806351  .00000020  00000-0  29093-4 0  9992,2 29499  98.6655 323.4951 0000782 136.2474 283.2887 14.21503776463169
1 29499U 06044A   15265.95155241 +.00000021 +00000-0 +29658-4 0  9995,2 29499 098.6655 323.5771 0000785 136.2744 350.2675 14.21503789462997
1 29499U 06044A   15266.93562881 +.00000021 +00000-0 +29299-4 0  9997,2 29499 098.6653 324.5431 0000824 136.6954 342.9275 14.21503901463137
1 29499U 06044A   15267.20718758  .00000026  00000-0  31819-4 0  9990,2 29499  98.6653 324.8097 0000832 136.8316 291.6848 14.21503972463359
1 29499U 06044A   15267.91951572 +.00000031 +00000-0 +33906-4 0  9996,2 29499 098.6652 325.5089 0000862 136.9193 334.8158 14.21504061463279
1 29499U 06044A   15268.48513568  .00000037  00000-0  36732-4 0  9994,2 29499  98.6651 326.0641 0000880 136.9990 347.6126 14.21504180463531
1 29499U 06044A   15268.90020918 +.00000044 +00000-0 +40066-4 0  9996,2 29499 098.6650 326.4716 0000893 137.1515 310.3635 14.21504281463418
1 29499U 06044A   15269.53770525  .00000045  00000-0  40248-4 0  9995,2 29499  98.6650 327.0974 0000921 137.1071 330.8969 14.21504395463682
1 29499U 06044A   15269.96402985 +.00000048 +00000-0 +41599-4 0  9997,2 29499 098.6649 327.5158 0000932 137.1780 351.2736 14.21504478463566
1 29499U 06044A   15270.87750068  .00000050  00000-0  42801-4 0  9997,2 29499  98.6647 328.4125 0000964 137.0153 343.4056 14.21504644463873
1 29499U 06044A   15270.94476262 +.00000052 +00000-0 +43479-4 0  9990,2 29499 098.6647 328.4785 0000966 136.9686 327.4652 14.21504661463701
1 29499U 06044A   15270.94476262 +.00000052 +00000-0 +43479-4 0  9990,2 29499 098.6647 328.4785 0000966 136.9686 327.4652 14.21504661463701
1 29499U 06044A   15271.93283716 +.00000060 +00000-0 +47296-4 0  9990,2 29499 098.6645 329.4484 0000999 136.6296 341.3368 14.21504847463846
1 29499U 06044A   15272.20485627  .00000065  00000-0  49519-4 0  9991,2 29499  98.6645 329.7154 0001005 136.7222 292.4931 14.21504922464063
1 29499U 06044A   15272.90552184 +.00000051 +00000-0 +43116-4 0  9993,2 29499 098.6644 330.4031 0001031 136.2651 276.5226 14.21504987463986
1 29499U 06044A   15273.48272602  .00000048  00000-0  41647-4 0  9994,2 29499  98.6643 330.9697 0001053 136.0384 348.8755 14.21505104464245
1 29499U 06044A   15273.89136287 +.00000048 +00000-0 +41662-4 0  9994,2 29499 098.6642 331.3707 0001069 135.8589 279.0394 14.21505188464125
1 29499U 06044A   15274.53521442  .00000050  00000-0  42587-4 0  9997,2 29499  98.6641 332.0027 0001089 135.6814 332.2135 14.21505345464397
1 29499U 06044A   15274.96128564 +.00000065 +00000-0 +49598-4 0  9997,2 29499 098.6640 332.4209 0001108 135.2973 351.7511 14.21505500464270
1 29499U 06044A   15275.86872808  .00000050  00000-0  42813-4 0  9991,2 29499  98.6638 333.3115 0001148 134.5951 313.5937 14.21505645464587
1 29499U 06044A   15275.94631080 +.00000048 +00000-0 +41905-4 0  9993,2 29499 098.6638 333.3877 0001150 134.5392 350.4486 14.21505649464419
1 29499U 06044A   15276.93827041 +.00000045 +00000-0 +40209-4 0  9990,2 29499 098.6637 334.3612 0001179 134.0064 024.3879 14.21505808464553
1 29499U 06044A   15277.20221856  .00000046  00000-0  40885-4 0  9994,2 29499  98.6636 334.6203 0001185 133.9409 294.4241 14.21505866464770
1 29499U 06044A   15277.92545352 +.00000035 +00000-0 +35719-4 0  9991,2 29499 098.6635 335.3301 0001210 133.4178 033.9539 14.21505937464699
1 29499U 06044A   15278.46768616  .00000032  00000-0  34446-4 0  9994,2 29499  98.6635 335.8623 0001231 133.0860 287.5509 14.21506037464953
1 29499U 06044A   15278.89534252 +.00000027 +00000-0 +32121-4 0  9990,2 29499 098.6634 336.2820 0001244 132.7150 315.1834 14.21506081464833
1 29499U 06044A   15279.53273535  .00000025  00000-0  31360-4 0  9998,2 29499  98.6634 336.9075 0001268 132.2100 335.6536 14.21506196465102
1 29499U 06044A   15279.95885565 +.00000025 +00000-0 +31423-4 0  9996,2 29499 098.6633 337.3257 0001279 131.7928 355.4762 14.21506251464980
1 29499U 06044A   15280.86629575  .00000036  00000-0  36375-4 0  9998,2 29499  98.6632 338.2163 0001310 131.1752 317.2250 14.21506454465298
1 29499U 06044A   15280.94380946 +.00000037 +00000-0 +36689-4 0  9992,2 29499 098.6632 338.2924 0001311 131.1488 353.6976 14.21506461465129
1 29499U 06044A   15281.92776713 +.00000033 +00000-0 +34812-4 0  9994,2 29499 098.6631 339.2580 0001349 130.5554 346.7741 14.21506584465269
1 29499U 06044A   15282.20075723  .00000030  00000-0  33481-4 0  9997,2 29499  98.6631 339.5259 0001354 130.3643 303.1818 14.21506620465485
1 29499U 06044A   15282.91124381 +.00000032 +00000-0 +34380-4 0  9991,2 29499 098.6630 340.2232 0001376 129.7971 337.5557 14.21506711465408
1 29499U 06044A   15283.55060546  .00000033  00000-0  35101-4 0  9997,2 29499  98.6629 340.8506 0001398 129.3970   7.9920 14.21506834465672
1 29499U 06044A   15283.91037073 +.00000034 +00000-0 +35293-4 0  9999,2 29499 098.6628 341.2037 0001406 129.0904 048.3300 14.21506883465540
1 29499U 06044A   15284.88220446  .00000037  00000-0  36843-4 0  9999,2 29499  98.6626 342.1574 0001427 128.1480 339.7486 14.21507067465868
1 29499U 06044A   15284.95638980 +.00000039 +00000-0 +37470-4 0  9992,2 29499 098.6626 342.2302 0001429 128.0776 359.2424 14.21507084465696
1 29499U 06044A   15285.92722670 +.00000038 +00000-0 +37003-4 0  9991,2 29499 098.6624 343.1829 0001458 127.0803 285.6184 14.21507242465837
1 29499U 06044A   15286.21178361  .00000038  00000-0  37356-4 0  9997,2 29499  98.6623 343.4621 0001465 126.9109 301.1639 14.21507298466059
1 29499U 06044A   15286.91918649 +.00000039 +00000-0 +37571-4 0  9995,2 29499 098.6621 344.1563 0001489 126.2261 319.8855 14.21507392465979
1 29499U 06044A   15287.56255920  .00000054  00000-0  44589-4 0  9997,2 29499  98.6620 344.7876 0001507 125.6580  11.0061 14.21507596466246
1 29499U 06044A   15287.83507428  .00000053  00000-0  44299-4 0  9997,2 29499  98.6995 345.0596 0001747 119.8443 330.6217 14.21515480466281
1 29499U 06044A   15287.90470510 +.00000053 +00000-0 +44230-4 0  9991,2 29499 098.6994 345.1283 0001745 119.0969 327.5006 14.21515792466116
1 29499U 06044A   15288.96827811 -.00000030 +00000-0 +62317-5 0  9991,2 29499 098.6991 346.1763 0001762 118.0024 008.3122 14.21515890466265
1 29499U 06044A   15289.16621626 -.00000031  00000-0  58606-5 0  9997,2 29499  98.6991 346.3714 0001761 117.7571 300.9259 14.21515937466472
1 29499U 06044A   15289.87609594 -.00000033 +00000-0 +49871-5 0  9991,2 29499 098.6990 347.0709 0001774 116.9948 332.4171 14.21516008466390
1 29499U 06044A   15290.51394203 -.00000035  00000-0  39016-5 0  9994,2 29499  98.6989 347.6995 0001778 116.1565 355.5639 14.21516088466665
1 29499U 06044A   15290.94379141 +.00000057 +00000-0 +46042-4 0  9994,2 29499 098.6988 348.1231 0001791 115.7508 034.4653 14.21516447466545
1 29499U 06044A   15291.57456571  .00000057  00000-0  46145-4 0  9991,2 29499  98.6987 348.7446 0001801 115.0428  21.3132 14.21516595466815
1 29499U 06044A   15291.92218932 +.00000065 +00000-0 +49549-4 0  9997,2 29499 098.6987 349.0871 0001808 114.5930 359.7091 14.21516699466682
1 29499U 06044A   15292.84200105  .00000068  00000-0  50810-4 0  9998,2 29499  98.6986 349.9935 0001824 113.5625  25.1830 14.21516936466992
1 29499U 06044A   15292.96686209 +.00000069 +00000-0 +51707-4 0  9991,2 29499 098.6985 350.1166 0001825 113.3761 303.9803 14.21516977466836
1 29499U 06044A   15293.96606775 +.00000075 +00000-0 +54298-4 0  9997,2 29499 098.6984 351.1012 0001833 112.1880 015.6789 14.21517268466973
1 29499U 06044A   15294.15693868  .00000073  00000-0  53409-4 0  9999,2 29499  98.6984 351.2893 0001835 112.0116 272.0787 14.21517322467186
1 29499U 06044A   15294.86774834 +.00000074 +00000-0 +53641-4 0  9999,2 29499 098.6983 351.9897 0001846 111.1640 308.4150 14.21517498467104
1 29499U 06044A   15295.21597036  .00000071  00000-0  52489-4 0  9992,2 29499  98.6983 352.3328 0001850 110.8678 289.7186 14.21517575467331
1 29499U 06044A   15295.93538459 +.00000083 +00000-0 +57890-4 0  9999,2 29499 098.6982 353.0417 0001859 109.9597 010.1248 14.21517774467252
1 29499U 06044A   15296.57261789  .00000088  00000-0  60111-4 0  9994,2 29499  98.6981 353.6695 0001866 109.1373  30.1250 14.21517941467528
1 29499U 06044A   15296.91946941 +.00000094 +00000-0 +63048-4 0  9991,2 29499 098.6980 354.0113 0001866 108.7503 004.5105 14.21518041467398
1 29499U 06044A   15297.83386255  .00000099  00000-0  65389-4 0  9994,2 29499  98.6979 354.9122 0001875 107.5669   2.4278 14.21518343467703
1 29499U 06044A   15297.89986105 +.00000096 +00000-0 +63679-4 0  9997,2 29499 098.6979 354.9772 0001875 107.4963 340.0528 14.21518330467536
1 29499U 06044A   15298.82081619 +.00000097 +00000-0 +64084-4 0  9999,2 29499 098.6977 355.8846 0001880 106.3136 011.5322 14.21518607467665
1 29499U 06044A   15299.16111706  .00000097  00000-0  64351-4 0  9995,2 29499  98.6977 356.2199 0001884 105.9381 312.4032 14.21518716467899
1 29499U 06044A   15299.94863516 +.00000090 +00000-0 +60905-4 0  9998,2 29499 098.6975 356.9958 0001894 104.9484 021.2162 14.21518856467828
1 29499U 06044A   15300.22062571  .00000084  00000-0  58206-4 0  9998,2 29499  98.6975 357.2637 0001895 104.5699 332.7119 14.21518915468044
1 29499U 06044A   15300.93248993 +.00000094 +00000-0 +62719-4 0  9995,2 29499 098.6973 357.9651 0001899 103.6857 014.4825 14.21519102467962
1 29499U 06044A   15301.56976539  .00000080  00000-0  56704-4 0  9991,2 29499  98.6972 358.5929 0001910 103.0075  34.5573 14.21519236468238
1 29499U 06044A   15301.90511987 +.00000073 +00000-0 +53354-4 0  9991,2 29499 098.6971 358.9233 0001906 102.5515 310.2107 14.21519273468101
1 29499U 06044A   15302.82775131  .00000073  00000-0  53187-4 0  9990,2 29499  98.6970 359.8323 0001902 101.4005 350.2352 14.21519525468418
1 29499U 06044A   15302.89736944 +.00000076 +00000-0 +54514-4 0  9994,2 29499 098.6970 359.9009 0001902 101.3068 346.3967 14.21519553468248
1 29499U 06044A   15303.88301523 +.00000093 +00000-0 +62580-4 0  9996,2 29499 098.6968 000.8720 0001897 100.1167 348.7537 14.21519912468380
1 29499U 06044A   15304.15864683  .00000092  00000-0  61870-4 0  9998,2 29499  98.6968   1.1435 0001900  99.8052 318.8058 14.21519994468600
1 29499U 06044A   15304.86833600 +.00000063 +00000-0 +48944-4 0  9996,2 29499 098.6967 001.8427 0001907 098.8658 349.5093 14.21520043468523
1 29499U 06044A   15305.50663421  .00000070  00000-0  52071-4 0  9994,2 29499  98.6966   2.4715 0001908  98.1010  14.9038 14.21520230468794
1 29499U 06044A   15305.93716245 +.00000064 +00000-0 +49180-4 0  9994,2 29499 098.6965 002.8956 0001911 097.4718 057.5061 14.21520282468678
1 29499U 06044A   15306.56738539  .00000087  00000-0  59706-4 0  9994,2 29499  98.6964   3.5165 0001912  96.9723  41.3342 14.21520539468946
1 29499U 06044A   15306.84785610 +.00000082 +00000-0 +57391-4 0  9990,2 29499 098.6964 003.7928 0001910 096.5868 036.2110 14.21520573468808
1 29499U 06044A   15307.82526117  .00000062  00000-0  48482-4 0  9993,2 29499  98.6963   4.7556 0001905  95.3470 356.4724 14.21520721469124
1 29499U 06044A   15307.89488332 +.00000063 +00000-0 +48511-4 0  9990,2 29499 098.6963 004.8242 0001905 095.2638 352.6441 14.21520729468954
1 29499U 06044A   15308.81509331  .00000074  00000-0  53983-4 0  9997,2 29499  98.7299   5.7407 0002227  88.3272  26.0264 14.21471386469269
1 29499U 06044A   15308.95843898 +.00000075 +00000-0 +54368-4 0  9990,2 29499 098.7299 005.8824 0002230 087.3225 040.1590 14.21471124469106
1 29499U 06044A   15309.86587220  .00000107  00000-0  69048-4 0  9992,2 29499  98.7298   6.7797 0002209  86.5386   1.9296 14.21471392469418
1 29499U 06044A   15309.94328998 +.00000093 +00000-0 +62848-4 0  9991,2 29499 098.7298 006.8563 0002205 086.3304 038.0840 14.21471388469246
1 29499U 06044A   15310.92713113 +.00000081 +00000-0 +57017-4 0  9997,2 29499 098.7297 007.8291 0002197 084.8989 031.2841 14.21471592469384
1 29499U 06044A   15311.19919338  .00000086  00000-0  59230-4 0  9998,2 29499  98.7297   8.0981 0002191  84.5261 343.0953 14.21471687469605
1 29499U 06044A   15311.90692758 +.00000090 +00000-0 +61025-4 0  9991,2 29499 098.7296 008.7979 0002185 083.3986 003.8680 14.21471925469526
1 29499U 06044A   15312.55030260  .00000084  00000-0  58332-4 0  9997,2 29499  98.7295   9.4341 0002178  82.5075  55.2449 14.21472092469797
1 29499U 06044A   15312.91280440 +.00000084 +00000-0 +58319-4 0  9999,2 29499 098.7294 009.7925 0002166 081.6792 110.0573 14.21472160469660
1 29499U 06044A   15313.80860091  .00000090  00000-0  61074-4 0  9993,2 29499  98.7293  10.6782 0002151  80.0503  13.1612 14.21472482469976
1 29499U 06044A   15313.87823558 +.00000092 +00000-0 +62326-4 0  9990,2 29499 098.7292 010.7470 0002150 079.9518 009.4003 14.21472501469808
1 29499U 06044A   15314.86355088  .00000095  00000-0  63558-4 0  9999,2 29499  98.7290  11.7212 0002134  78.4194  10.2448 14.21472767470121
1 29499U 06044A   15314.94029200 +.00000100 +00000-0 +65954-4 0  9991,2 29499 098.7290 011.7971 0002132 078.2172 042.9331 14.21472834469952
1 29499U 06044A   15315.92436494 +.00000094 +00000-0 +63060-4 0  9995,2 29499 098.7288 012.7701 0002114 076.7422 037.3673 14.21473055470092
1 29499U 06044A   15316.19697240  .00000095  00000-0  63408-4 0  9990,2 29499  98.7287  13.0396 0002107  76.3203 352.0175 14.21473147470311
1 29499U 06044A   15316.90455341 +.00000082 +00000-0 +57575-4 0  9997,2 29499 098.7286 013.7392 0002090 075.2855 011.9172 14.21473260470230
1 29499U 06044A   15317.47519006  .00000088  00000-0  60156-4 0  9994,2 29499  98.7285  14.3034 0002078  74.5703  51.1071 14.21473468470491
1 29499U 06044A   15317.96811521 +.00000088 +00000-0 +60320-4 0  9998,2 29499 098.7284 014.7907 0002066 073.7139 052.9895 14.21473629470384
1 29499U 06044A   15318.52751769  .00000089  00000-0  60662-4 0  9998,2 29499  98.7283  15.3437 0002052  72.8669  34.8556 14.21473813470648
1 29499U 06044A   15318.96290709 +.00000082 +00000-0 +57666-4 0  9991,2 29499 098.7282 015.7742 0002043 072.1589 102.3280 14.21473895470526
1 29499U 06044A   15319.87613655  .00000079  00000-0  56283-4 0  9991,2 29499  98.7281  16.6770 0002020  70.5873  94.5395 14.21474124470838
1 29499U 06044A   15319.93791816 +.00000075 +00000-0 +54572-4 0  9999,2 29499 098.7280 016.7381 0002020 070.6945 050.4095 14.21474124470666
1 29499U 06044A   15320.92192225 +.00000089 +00000-0 +60854-4 0  9994,2 29499 098.7279 017.7109 0001996 068.9913 044.7251 14.21474496470807
1 29499U 06044A   15321.76567428  .00000082  00000-0  57779-4 0  9993,2 29499  98.7278  18.5450 0001974  67.8705  41.1506 14.21474717471101
1 29499U 06044A   15322.82306581  .00000084  00000-0  58516-4 0  9994,2 29499  98.7277  19.5903 0001941  66.3605  50.6092 14.21475050471253
1 29499U 06044A   15322.96574251 +.00000080 +00000-0 +56665-4 0  9999,2 29499 098.7277 019.7314 0001937 065.8880 060.7908 14.21475070471097
1 29499U 06044A   15323.86768193 +.00000076 +00000-0 +54819-4 0  9993,2 29499 098.7276 020.6229 0001910 064.6810 354.8995 14.21475310471228
1 29499U 06044A   15324.22324383  .00000073  00000-0  53460-4 0  9991,2 29499  98.7275  20.9744 0001895  64.1464  13.9290 14.21475380471457
1 29499U 06044A   15324.93536175 +.00000075 +00000-0 +54600-4 0  9992,2 29499 098.7274 021.6784 0001876 063.1666 056.9833 14.21475559471379
1 29499U 06044A   15325.48717749  .00000083  00000-0  57944-4 0  9994,2 29499  98.7274  22.2238 0001860  62.2973   0.0737 14.21475754471633
1 29499U 06044A   15325.91934209 +.00000074 +00000-0 +53713-4 0  9994,2 29499 098.7273 022.6510 0001845 061.6031 051.0421 14.21475809471514
1 29499U 06044A   15326.83970477  .00000083  00000-0  58128-4 0  9998,2 29499  98.7272  23.5608 0001813  60.1221  79.6514 14.21476110471820
1 29499U 06044A   15326.89987334 +.00000076 +00000-0 +54818-4 0  9998,2 29499 098.7271 023.6203 0001811 060.0381 027.4633 14.21476084471659
1 29499U 06044A   15327.96355588 +.00000088 +00000-0 +60383-4 0  9994,2 29499 098.7270 024.6717 0001776 058.0802 069.5495 14.21476422471800
1 29499U 06044A   15328.94853186 +.00000078 +00000-0 +55652-4 0  9992,2 29499 098.7268 025.6453 0001743 056.7424 068.4776 14.21476628471947
1 29499U 06044A   15329.93256111 +.00000077 +00000-0 +55298-4 0  9992,2 29499 098.7266 026.6180 0001706 055.3319 062.6372 14.21476848472088
1 29499U 06044A   15330.20458980  .00000081  00000-0  57138-4 0  9992,2 29499  98.7266  26.8869 0001695  54.8030  14.4380 14.21476936472302
1 29499U 06044A   15330.91687653 +.00000077 +00000-0 +55359-4 0  9999,2 29499 098.7264 027.5909 0001669 053.8219 058.3607 14.21477079472221
1 29499U 06044A   15330.91687653 +.00000077 +00000-0 +55359-4 0  9999,2 29499 098.7264 027.5909 0001669 053.8219 058.3607 14.21477079472221
1 29499U 06044A   15331.55490258  .00000082  00000-0  57769-4 0  9996,2 29499  98.7263  28.2216 0001643  52.9679  82.3557 14.21477307472495
1 29499U 06044A   15331.89754028 +.00000072 +00000-0 +52881-4 0  9990,2 29499 098.7263 028.5602 0001629 052.4166 035.3043 14.21477335472362
1 29499U 06044A   15332.81789005  .00000070  00000-0  52016-4 0  9994,2 29499  98.7261  29.4699 0001590  50.9020  63.8862 14.21477589472675
1 29499U 06044A   15332.96115918 +.00000067 +00000-0 +50841-4 0  9996,2 29499 098.7261 029.6115 0001584 050.5803 076.9483 14.21477608472517
1 29499U 06044A   15333.86364446  .00000069  00000-0  51805-4 0  9991,2 29499  98.7259  30.5035 0001548  49.1281  14.1020 14.21477839472821
1 29499U 06044A   15333.94603100 +.00000067 +00000-0 +50509-4 0  9991,2 29499 098.7259 030.5849 0001544 048.9686 075.6220 14.21477842472655
1 29499U 06044A   15334.92990921 +.00000068 +00000-0 +50953-4 0  9994,2 29499 098.7258 031.5573 0001505 047.3789 069.1929 14.21478084472791
1 29499U 06044A   15335.20427321  .00000063  00000-0  48975-4 0  9991,2 29499  98.7257  31.8285 0001493  46.8811  32.9075 14.21478149473017
1 29499U 06044A   15335.90954133 +.00000056 +00000-0 +45790-4 0  9998,2 29499 098.7256 032.5255 0001464 045.8849 040.9522 14.21478269472938
1 29499U 06044A   15336.46757100  .00000049  00000-0  42274-4 0  9991,2 29499  98.7256  33.0771 0001440  45.0313  15.8127 14.21478369473191
1 29499U 06044A   15336.89519324 +.00000042 +00000-0 +39090-4 0  9997,2 29499 098.7256 033.4997 0001424 044.2395 043.6512 14.21478426473076
1 29499U 06044A   15337.82181700  .00000048  00000-0  41865-4 0  9993,2 29499  98.7255  34.4155 0001385  42.6736 104.3758 14.21478650473389
1 29499U 06044A   15337.95870490 +.00000040 +00000-0 +38328-4 0  9990,2 29499 098.7255 034.5508 0001376 042.4477 084.7063 14.21478634473227
1 29499U 06044A   15338.87065005  .00000044  00000-0  40421-4 0  9991,2 29499  98.7254  35.4521 0001334  41.1171  70.1233 14.21478827473538
1 29499U 06044A   15338.94371676 +.00000039 +00000-0 +37719-4 0  9993,2 29499 098.7254 035.5243 0001331 040.9462 083.9893 14.21478802473365
1 29499U 06044A   15339.93879001 +.00000052 +00000-0 +43768-4 0  9994,2 29499 098.7253 036.5077 0001286 039.2619 134.9142 14.21479038473506
1 29499U 06044A   15340.19930800  .00000053  00000-0  44346-4 0  9993,2 29499  98.7252  36.7652 0001274  38.6874  27.8919 14.21479109473724
1 29499U 06044A   15340.99294480 +.00000071 +00000-0 +52733-4 0  9997,2 29499 098.7251 037.5496 0001236 037.2816 128.3048 14.21479333473658
1 29499U 06044A   15341.55054823  .00000070  00000-0  52042-4 0  9997,2 29499  98.7251  38.1006 0001211  36.4118 101.0034 14.21479456473919
1 29499U 06044A   15341.89286481 +.00000067 +00000-0 +50494-4 0  9996,2 29499 098.7250 038.4389 0001196 035.7136 052.4591 14.21479516473788
1 29499U 06044A   15342.81935078  .00000066  00000-0  50154-4 0  9994,2 29499  98.7248  39.3545 0001152  34.2454 112.3843 14.21479704474098
1 29499U 06044A   15342.87852891 +.00000056 +00000-0 +45536-4 0  9998,2 29499 098.7248 039.4130 0001150 034.1593 055.1335 14.21479655473926
1 29499U 06044A   15343.86384244  .00000067  00000-0  50944-4 0  9991,2 29499  98.7246  40.3867 0001105  32.5521  56.0685 14.21479900474242
1 29499U 06044A   15343.94060363 +.00000060 +00000-0 +47305-4 0  9993,2 29499 098.7246 040.4626 0001101 032.3883 088.8229 14.21479866474070
1 29499U 06044A   15344.92526713 +.00000081 +00000-0 +57156-4 0  9996,2 29499 098.7244 041.4356 0001053 030.1819 087.0338 14.21480164474211
1 29499U 06044A   15345.19703939  .00000082  00000-0  57425-4 0  9993,2 29499  98.7243  41.7042 0001034  29.6912  37.4881 14.21480247474439
1 29499U 06044A   15345.90483359 +.00000086 +00000-0 +59390-4 0  9990,2 29499 098.7242 042.4036 0001003 028.5714 058.5811 14.21480456474353
1 29499U 06044A   15346.54810981  .00000078  00000-0  55594-4 0  9999,2 29499  98.7241  43.0393 0000969  27.4149 109.7376 14.21480616474628
1 29499U 06044A   15346.96826567 +.00000065 +00000-0 +49661-4 0  9996,2 29499 098.7240 043.4544 0000945 026.6557 099.3604 14.21480657474507
1 29499U 06044A   15347.87031525  .00000073  00000-0  53475-4 0  9996,2 29499  98.7238  44.3458 0000901  24.9060  34.5932 14.21480930474813
1 29499U 06044A   15347.96453581 +.00000071 +00000-0 +52626-4 0  9991,2 29499 098.7238 044.4389 0000896 024.6366 156.7485 14.21480934474641
1 29499U 06044A   15348.93831196 +.00000087 +00000-0 +59947-4 0  9991,2 29499 098.7237 045.4012 0000845 022.5879 099.1228 14.21481267474784
1 29499U 06044A   15349.20945983  .00000089  00000-0  60640-4 0  9996,2 29499  98.7236  45.6691 0000833  21.7219  46.7602 14.21481361475009
1 29499U 06044A   15349.92198098 +.00000079 +00000-0 +56139-4 0  9999,2 29499 098.7235 046.3732 0000795 020.4287 092.2051 14.21481509474928
1 29499U 06044A   15350.47584590  .00000078  00000-0  55812-4 0  9993,2 29499  98.7235  46.9205 0000765  19.1064  46.2406 14.21481660475184
1 29499U 06044A   15350.91788831 +.00000062 +00000-0 +48327-4 0  9992,2 29499 098.7234 047.3572 0000742 018.1027 148.0471 14.21481690475061
1 29499U 06044A   15351.54580391  .00000059  00000-0  47235-4 0  9996,2 29499  98.7233  47.9777 0000706  16.9035 120.6884 14.21481871475333
1 29499U 06044A   15351.96599627 +.00000064 +00000-0 +49269-4 0  9999,2 29499 098.7233 048.3928 0000687 015.9532 110.6911 14.21481995475219
1 29499U 06044A   15352.87957258  .00000064  00000-0  49549-4 0  9999,2 29499  98.7231  49.2955 0000638  13.9788 105.1055 14.21482255475526
1 29499U 06044A   15352.95142567 +.00000047 +00000-0 +41400-4 0  9996,2 29499 098.7231 049.3665 0000634 013.8354 112.7377 14.21482178475355
1 29499U 06044A   15353.94589505 +.00000049 +00000-0 +42449-4 0  9999,2 29499 098.7230 050.3491 0000585 011.3882 161.3491 14.21482397475492
1 29499U 06044A   15354.20713979  .00000052  00000-0  43694-4 0  9990,2 29499  98.7229  50.6072 0000572  10.3226  58.5381 14.21482473475710
1 29499U 06044A   15354.96563657 +.00000085 +00000-0 +58747-4 0  9990,2 29499 098.7228 051.3567 0000527 008.0148 340.1411 14.21482811475634
1 29499U 06044A   15355.55779166  .00000094  00000-0  63087-4 0  9993,2 29499  98.7228  51.9418 0000491   6.4301 130.2752 14.21483067475908
1 29499U 06044A   15355.90012381 +.00000086 +00000-0 +59206-4 0  9990,2 29499 098.7227 052.2800 0000472 005.6823 081.8644 14.21483090475777
1 29499U 06044A   15356.82059196  .00000087  00000-0  59650-4 0  9991,2 29499  98.7225  53.1894 0000421   3.4775 111.7607 14.21483382476085
1 29499U 06044A   15356.96386722 +.00000083 +00000-0 +57913-4 0  9990,2 29499 098.7225 053.3310 0000414 002.9245 125.0883 14.21483389475921
1 29499U 06044A   15357.37485251 +.00000089 +00000-0 +60893-4 0  9990,2 29499 098.7225 053.7371 0000393 001.4288 068.5494 14.21483529475980
1 29499U 06044A   15358.13942939  .00000088  00000-0  60408-4 0  9997,2 29499  98.7223  54.4924 0000355 357.8109  22.5612 14.21483724476270
1 29499U 06044A   15358.94238093 +.00000100 +00000-0 +65765-4 0  9991,2 29499 098.7222 055.2857 0000325 353.9571 173.0751 14.21483976476208
1 29499U 06044A   15359.20473741  .00000094  00000-0  63240-4 0  9990,2 29499  98.7221  55.5449 0000309 352.3789  76.4641 14.21484052476427
1 29499U 06044A   15359.90547498 +.00000076 +00000-0 +54852-4 0  9997,2 29499 098.7220 056.2372 0000273 347.9544 064.7804 14.21484164476344
1 29499U 06044A   15360.55558291  .00000079  00000-0  56137-4 0  9994,2 29499  98.7219  56.8795 0000237 342.9404 154.7436 14.21484383476611
1 29499U 06044A   15360.91616013 +.00000069 +00000-0 +51660-4 0  9996,2 29499 098.7218 057.2357 0000222 339.4158 202.4252 14.21484431476486
1 29499U 06044A   15361.81786304  .00000071  00000-0  52542-4 0  9990,2 29499  98.7216  58.1266 0000182 329.2243 144.3387 14.21484698476792
1 29499U 06044A   15361.96872191 +.00000066 +00000-0 +50173-4 0  9998,2 29499 098.7216 058.2756 0000176 327.0416 198.0828 14.21484695476634
1 29499U 06044A   15362.94630994 +.00000049 +00000-0 +42431-4 0  9999,2 29499 098.7214 059.2413 0000136 309.6488 175.3096 14.21484864476772
1 29499U 06044A   15363.14363082  .00000046  00000-0  40950-4 0  9994,2 29499  98.7214  59.4363 0000130 304.6897 109.4584 14.21484908476983
1 29499U 06044A   15363.93022286 +.00000042 +00000-0 +39330-4 0  9995,2 29499 098.7213 060.2133 0000116 284.7136 192.4278 14.21485035476912
1 29499U 06044A   15364.20197764  .00000042  00000-0  39349-4 0  9990,2 29499  98.7212  60.4818 0000119 276.4962 150.5242 14.21485103477138
1 29499U 06044A   15364.90972522 +.00000031 +00000-0 +34089-4 0  9994,2 29499 098.7211 061.1809 0000125 257.3296 189.4377 14.21485180477056
1 29499U 06044A   15365.55302199  .00000050  00000-0  42747-4 0  9994,2 29499  98.7211  61.8164 0000144 241.3437 255.5398 14.21485425477328
1 29499U 06044A   15365.91336998 +.00000044 +00000-0 +40310-4 0  9995,2 29499 098.7210 062.1724 0000156 235.6789 304.1904 14.21485477477198
1 29499U 06044A   16001.81525084  .00000043  00000-0  39721-4 0  9991,2 29499  98.7209  63.0634 0000194 223.3582 249.1464 14.21485663477504
1 29499U 06044A   16001.95890369 +.00000031 +00000-0 +34332-4 0  9997,2 29499 098.7209 063.2053 0000201 221.5027 265.7088 14.21485622477347
1 29499U 06044A   16002.94382237 +.00000028 +00000-0 +32822-4 0  9995,2 29499 098.7208 064.1782 0000250 211.0542 273.4868 14.21485782477489
1 29499U 06044A   16003.21425012  .00000024  00000-0  31157-4 0  9991,2 29499  98.7207  64.4453 0000264 208.9388 218.6947 14.21485823477704
1 29499U 06044A   16003.93815652 +.00000025 +00000-0 +31443-4 0  9992,2 29499 098.7206 065.1604 0000300 204.5863 325.4395 14.21485913477625
1 29499U 06044A   16004.56495257  .00000042  00000-0  39261-4 0  9992,2 29499  98.7206  65.7796 0000333 201.9445 293.8068 14.21486084477890
1 29499U 06044A   16004.90736137 +.00000040 +00000-0 +38248-4 0  9997,2 29499 098.7205 066.1178 0000352 199.8677 247.1209 14.21486130477768
1 29499U 06044A   16005.82340123  .00000042  00000-0  39170-4 0  9992,2 29499  98.7204  67.0227 0000401 196.2043 255.8369 14.21486314478077
1 29499U 06044A   16005.88655456 +.00000036 +00000-0 +36703-4 0  9998,2 29499 098.7204 067.0851 0000404 195.8380 219.1986 14.21486294477908
1 29499U 06044A   16006.95641294 +.00000041 +00000-0 +38671-4 0  9994,2 29499 098.7202 068.1418 0000458 192.1746 294.6148 14.21486522478051
1 29499U 06044A   16007.15338130  .00000042  00000-0  39098-4 0  9994,2 29499  98.7201  68.3364 0000467 191.6454 222.5318 14.21486571478268
1 29499U 06044A   16007.94088054 +.00000051 +00000-0 +43176-4 0  9990,2 29499 098.7200 069.1143 0000512 189.7452 292.0696 14.21486713478199
1 29499U 06044A   16008.21193238  .00000045  00000-0  40753-4 0  9993,2 29499  98.7199  69.3820 0000526 189.1845 238.9155 14.21486751478411
1 29499U 06044A   16008.90203704 +.00000045 +00000-0 +40772-4 0  9990,2 29499 098.7198 070.0636 0000561 186.3455 171.2712 14.21486846478322
1 29499U 06044A   16009.48813104  .00000050  00000-0  42795-4 0  9998,2 29499  98.7197  70.6425 0000593 184.6850 290.4896 14.21486975478597
1 29499U 06044A   16009.92384865 +.00000049 +00000-0 +42629-4 0  9998,2 29499 098.7195 071.0729 0000618 183.5176 000.1203 14.21487056478470
1 29499U 06044A   16010.54803138  .00000054  00000-0  44612-4 0  9997,2 29499  98.7194  71.6894 0000650 181.9939 314.0061 14.21487214478748
1 29499U 06044A   16010.94346065 +.00000047 +00000-0 +41437-4 0  9996,2 29499 098.7194 072.0799 0000666 181.2548 177.1554 14.21487277478613
1 29499U 06044A   16011.80671571  .00000052  00000-0  43893-4 0  9999,2 29499  98.7192  72.9326 0000709 179.5114 273.9893 14.21487487478921
1 29499U 06044A   16011.95373991 +.00000055 +00000-0 +45407-4 0  9996,2 29499 098.7192 073.0778 0000717 179.2118 306.2397 14.21487525478768
1 29499U 06044A   16012.86163404  .00000065  00000-0  49570-4 0  9999,2 29499  98.7190  73.9745 0000765 177.2300 271.6180 14.21487777479072
1 29499U 06044A   16012.93826480 +.00000059 +00000-0 +47191-4 0  9997,2 29499 098.7190 074.0502 0000769 177.0613 303.7123 14.21487754478904
1 29499U 06044A   16013.92321968 +.00000046 +00000-0 +41247-4 0  9990,2 29499 098.7189 075.0230 0000825 174.9402 303.3553 14.21487908479046
1 29499U 06044A   16014.19513546  .00000043  00000-0  39631-4 0  9996,2 29499  98.7188  75.2915 0000840 174.4896 254.5111 14.21487966479261
1 29499U 06044A   16015.48333333  .00000038  00000-0  37316-4 0  9995,2 29499  98.7186  76.5638 0000916 171.8133   5.6378 14.21488220479448
1 29499U 06044A   16015.62003459 +.00000040 +00000-0 +38118-4 0  9998,2 29499 098.7186 076.6988 0000921 171.6534 344.9523 14.21488256479288
1 29499U 06044A   16015.94150463 +.00000034 +00000-0 +35740-4 0  9992,2 29499 098.7186 077.0163 0000935 171.0731 189.6817 14.21488287479336
1 29499U 06044A   16016.53180140  .00000033  00000-0  35335-4 0  9992,2 29499  98.7185  77.5992 0000970 169.7112 330.0997 14.21488409479591
1 29499U 06044A   16016.92685185 +.00000025 +00000-0 +31370-4 0  9990,2 29499 098.7184 077.9894 0000989 168.8971 191.3882 14.21488438479478
1 29499U 06044A   16017.90959491  .00000043  00000-0  39525-4 0  9993,2 29499  98.7183  78.9599 0001035 167.2396 179.2576 14.21488652479784
1 29499U 06044A   16018.89711806 +.00000032 +00000-0 +34669-4 0  9990,2 29499 098.7181 079.9352 0001084 165.5577 191.5993 14.21488750479741
1 29499U 06044A   16019.19228574  .00000032  00000-0  34461-4 0  9999,2 29499  98.7180  80.2267 0001092 165.3429 261.4412 14.21488802479979
1 29499U 06044A   16019.90023035 +.00000033 +00000-0 +35115-4 0  9991,2 29499 098.7179 080.9258 0001130 163.9829 283.5647 14.21488907479897
1 29499U 06044A   16020.54354951  .00000041  00000-0  38942-4 0  9997,2 29499  98.7178  81.5611 0001164 162.7890 334.9973 14.21489059480162
1 29499U 06044A   16020.96384407 +.00000056 +00000-0 +45505-4 0  9991,2 29499 098.7177 081.9762 0001178 162.0894 325.2828 14.21489217480049
1 29499U 06044A   16021.80195455  .00000050  00000-0  43045-4 0  9999,2 29499  98.7176  82.8038 0001223 160.3939 293.4730 14.21489343480347
1 29499U 06044A   16021.92303241 +.00000052 +00000-0 +44018-4 0  9999,2 29499 098.7175 082.9234 0001228 160.0905 193.0260 14.21489363480176
1 29499U 06044A   16022.86680013  .00000063  00000-0  48921-4 0  9997,2 29499  98.7173  83.8554 0001280 158.4046 341.5887 14.21489576480490
1 29499U 06044A   16022.93289532 +.00000056 +00000-0 +45724-4 0  9996,2 29499 098.7173 083.9206 0001283 158.2959 319.7395 14.21489545480328
1 29499U 06044A   16023.89618056  .00000054  00000-0  44763-4 0  9999,2 29499  98.7171  84.8718 0001327 156.6776 208.0570 14.21489730480648
1 29499U 06044A   16024.91349961 +.00000044 +00000-0 +40222-4 0  9994,2 29499 098.7169 085.8763 0001365 155.1819 012.6070 14.21489895480602
1 29499U 06044A   16025.17400456  .00000047  00000-0  41735-4 0  9993,2 29499  98.7168  86.1336 0001375 154.9343 265.2013 14.21489975480827
1 29499U 06044A   16025.96154132 +.00000047 +00000-0 +41735-4 0  9997,2 29499 098.7167 086.9112 0001412 153.4293 334.5454 14.21490127480758
1 29499U 06044A   16025.96154132 +.00000047 +00000-0 +41735-4 0  9997,2 29499 098.7167 086.9112 0001412 153.4293 334.5454 14.21490127480758
1 29499U 06044A   16026.52065325  .00000049  00000-0  42300-4 0  9996,2 29499  98.7166  87.4633 0001443 152.4191 315.1214 14.21490266481014
1 29499U 06044A   16026.94644940 +.00000040 +00000-0 +38430-4 0  9998,2 29499 098.7165 087.8837 0001460 151.7650 333.5006 14.21490304480895
1 29499U 06044A   16027.84890574  .00000031  00000-0  34309-4 0  9995,2 29499  98.7163  88.7749 0001503 150.1931 270.6663 14.21490438481202
1 29499U 06044A   16027.93033716 +.00000021 +00000-0 +29848-4 0  9993,2 29499 098.7163 088.8553 0001506 150.0851 327.2534 14.21490393481036
1 29499U 06044A   16028.90991262 +.00000021 +00000-0 +29834-4 0  9995,2 29499 098.7162 089.8225 0001544 148.7569 298.5998 14.21490544481171
1 29499U 06044A   16029.18741498  .00000022  00000-0  30184-4 0  9991,2 29499  98.7161  90.0965 0001554 148.3987 278.2382 14.21490612481398
1 29499U 06044A   16029.88901637 +.00000023 +00000-0 +30656-4 0  9996,2 29499 098.7160 090.7892 0001585 147.2032 267.7597 14.21490729481318
1 29499U 06044A   16030.53833078  .00000021  00000-0  29853-4 0  9998,2 29499  98.7160  91.4303 0001610 146.1374 349.7310 14.21490842481588
1 29499U 06044A   16030.89566841 +.00000021 +00000-0 +29826-4 0  9998,2 29499 098.7159 091.7831 0001617 145.5459 017.9187 14.21490887481450
1 29499U 06044A   16031.86644341  .00000016  00000-0  27580-4 0  9997,2 29499  98.7158  92.7416 0001659 144.1160 304.3586 14.21491010481779
1 29499U 06044A   16031.94953612 +.00000021 +00000-0 +29813-4 0  9997,2 29499 098.7158 092.8236 0001661 143.9922 009.4585 14.21491039481601
1 29499U 06044A   16032.92760567 +.00000028 +00000-0 +32956-4 0  9990,2 29499 098.7156 093.7893 0001700 142.2241 333.5447 14.21491177481744
1 29499U 06044A   16033.19985355  .00000026  00000-0  31811-4 0  9991,2 29499  98.7156  94.0581 0001709 141.8091 286.3664 14.21491223481961
1 29499U 06044A   16033.90745352 +.00000030 +00000-0 +33723-4 0  9990,2 29499 098.7155 094.7567 0001736 140.8389 306.3436 14.21491317481885
1 29499U 06044A   16034.55078012  .00000038  00000-0  37259-4 0  9990,2 29499  98.7154  95.3918 0001763 139.8099 357.6548 14.21491485482157
1 29499U 06044A   16034.89307649 +.00000020 +00000-0 +29315-4 0  9993,2 29499 098.7153 095.7298 0001772 139.2745 308.8589 14.21491448482021
1 29499U 06044A   16035.81262256  .00000028  00000-0  32728-4 0  9990,2 29499  98.7151  96.6376 0001801 137.8948 333.2408 14.21491626482332
1 29499U 06044A   16035.95632209 +.00000032 +00000-0 +34757-4 0  9993,2 29499 098.7151 096.7795 0001808 137.6741 348.4104 14.21491662482177
1 29499U 06044A   16036.86848442  .00000048  00000-0  41980-4 0  9995,2 29499  98.7149  97.6800 0001836 136.2317 335.0919 14.21491863482489
1 29499U 06044A   16036.94088227 +.00000051 +00000-0 +43520-4 0  9997,2 29499 098.7148 097.7515 0001839 136.1294 345.4718 14.21491893482315
1 29499U 06044A   16037.92482839 +.00000051 +00000-0 +43462-4 0  9998,2 29499 098.7146 098.7229 0001870 134.5157 339.4622 14.21492053482452
1 29499U 06044A   16038.19718203  .00000049  00000-0  42367-4 0  9995,2 29499  98.7146  98.9918 0001876 134.1946 292.7316 14.21492104482679
1 29499U 06044A   16038.90503130 +.00000058 +00000-0 +46393-4 0  9998,2 29499 098.7144 099.6906 0001903 133.1392 314.0715 14.21492284482598
1 29499U 06044A   16039.54834948  .00000074  00000-0  53996-4 0  9998,2 29499  98.7143 100.3257 0001918 132.1449   5.3074 14.21492523482868
1 29499U 06044A   16039.96843898 +.00000071 +00000-0 +52317-4 0  9991,2 29499 098.7142 100.7404 0001932 131.4538 354.5405 14.21492579482747
1 29499U 06044A   16040.88270758  .00000064  00000-0  49246-4 0  9992,2 29499  98.7141 101.6429 0001963 130.1104 351.8983 14.21492780483052
1 29499U 06044A   16040.95390196 +.00000071 +00000-0 +52352-4 0  9999,2 29499 098.7140 101.7132 0001967 130.0174 356.1142 14.21492823482886
1 29499U 06044A   16041.93848528 +.00000056 +00000-0 +45584-4 0  9997,2 29499 098.7139 102.6851 0001993 128.5451 353.2256 14.21492979483024
1 29499U 06044A   16042.20331584  .00000053  00000-0  44490-4 0  9999,2 29499  98.7139 102.9465 0002066 126.9524 269.2682 14.21474067483244
1 29499U 06044A   16042.47782627  .00000021  00000-0  94203-5 0  9999,2 29499  98.7120 103.2177 0002065 119.7552 240.4312 14.21476276484110
1 29499U 06044A   16042.92229347 +.00000062 +00000-0 +48208-4 0  9992,2 29499 098.7137 103.6561 0002089 125.4268 347.9483 14.21474499483164
1 29499U 06044A   16043.56052258  .00000115  00000-0  72792-4 0  9992,2 29499  98.7136 104.2861 0002113 124.6546  12.8936 14.21474786483431
1 29499U 06044A   16043.90265771 +.00000078 +00000-0 +55720-4 0  9996,2 29499 098.7135 104.6238 0002119 124.1369 323.2348 14.21474793483306
1 29499U 06044A   16044.82315060  .00000055  00000-0  45163-4 0  9990,2 29499  98.7134 105.5324 0002145 122.7412 352.4202 14.21474974483611
1 29499U 06044A   16044.88183459 +.00000054 +00000-0 +44552-4 0  9991,2 29499 098.7133 105.5903 0002147 122.6545 292.6417 14.21474979483440
1 29499U 06044A   16045.86812100  .00000057  00000-0  46257-4 0  9999,2 29499  98.7131 106.5638 0002170 121.1597 298.4228 14.21475257483760
1 29499U 06044A   16045.95165686 +.00000054 +00000-0 +44818-4 0  9997,2 29499 098.7131 106.6463 0002170 121.0158 005.8046 14.21475249483599
1 29499U 06044A   16046.93557933 +.00000041 +00000-0 +38816-4 0  9993,2 29499 098.7129 107.6174 0002186 119.5449 359.4722 14.21475362483739
1 29499U 06044A   16047.20722521  .00000043  00000-0  39627-4 0  9994,2 29499  98.7129 107.8855 0002184 119.1606 309.1688 14.21475432483951
1 29499U 06044A   16047.91953856 +.00000078 +00000-0 +55657-4 0  9998,2 29499 098.7128 108.5886 0002203 118.0217 353.3813 14.21475759483874
1 29499U 06044A   16048.84036793  .00000067  00000-0  50638-4 0  9995,2 29499  98.7126 109.4975 0002227 116.6082  24.3079 14.21475915484189
1 29499U 06044A   16048.89627125 +.00000055 +00000-0 +45089-4 0  9996,2 29499 098.7126 109.5526 0002227 116.5601 310.2693 14.21475855484012
1 29499U 06044A   16049.96402869 +.00000066 +00000-0 +50229-4 0  9995,2 29499 098.7124 110.6065 0002242 114.9232 012.8731 14.21476138484169
1 29499U 06044A   16050.15520544  .00000069  00000-0  51544-4 0  9993,2 29499  98.7123 110.7952 0002245 114.7184 270.8375 14.21476200484374
1 29499U 06044A   16050.94902956 +.00000058 +00000-0 +46567-4 0  9998,2 29499 098.7122 111.5786 0002260 113.3813 012.1302 14.21476313484303
1 29499U 06044A   16051.50957512  .00000057  00000-0  45959-4 0  9992,2 29499  98.7121 112.1319 0002269 112.5064 359.8748 14.21476426484567
1 29499U 06044A   16051.93300991 +.00000050 +00000-0 +42995-4 0  9992,2 29499 098.7119 112.5497 0002278 111.9224 006.0856 14.21476447484447
1 29499U 06044A   16052.57092444  .00000054  00000-0  44696-4 0  9998,2 29499  98.7118 113.1793 0002286 110.9412  29.6349 14.21476597484713
1 29499U 06044A   16052.91735050 +.00000043 +00000-0 +39766-4 0  9993,2 29499 098.7117 113.5212 0002286 110.4148 001.9326 14.21476606484587
1 29499U 06044A   16053.82837328  .00000037  00000-0  36910-4 0  9996,2 29499  98.7115 114.4202 0002292 109.0541 342.6545 14.21476777484893
1 29499U 06044A   16053.89167788 +.00000033 +00000-0 +35244-4 0  9994,2 29499 098.7115 114.4827 0002293 108.8984 306.5772 14.21476773484724
1 29499U 06044A   16054.81805480 +.00000045 +00000-0 +40484-4 0  9990,2 29499 098.7113 115.3969 0002298 107.4931 005.8721 14.21477010484853
1 29499U 06044A   16055.15292091  .00000050  00000-0  42879-4 0  9992,2 29499  98.7112 115.7274 0002301 107.0434 278.9714 14.21477097485080
1 29499U 06044A   16055.94648325 +.00000032 +00000-0 +34560-4 0  9992,2 29499 098.7110 116.5105 0002316 105.7479 018.8862 14.21477163485012
1 29499U 06044A   16055.94648325 +.00000032 +00000-0 +34560-4 0  9992,2 29499 098.7110 116.5105 0002316 105.7479 018.8862 14.21477163485012
1 29499U 06044A   16056.21871229  .00000029  00000-0  33380-4 0  9999,2 29499  98.7110 116.7792 0002316 105.3509 331.5797 14.21477207485231
1 29499U 06044A   16056.83720946  .00000098  00000-0  44815-4 0  9997,2 29499  98.7110 117.3893 0002313 102.6581 257.5336 14.21477380485325
1 29499U 06044A   16056.93023657 +.00000025 +00000-0 +31241-4 0  9992,2 29499 098.7109 117.4813 0002327 104.3000 011.6725 14.21477278485154
1 29499U 06044A   16057.48310284  .00000038  00000-0  37480-4 0  9993,2 29499  98.7108 118.0269 0002332 103.5160 320.0531 14.21477431485411
1 29499U 06044A   16057.91395353 +.00000032 +00000-0 +34879-4 0  9994,2 29499 098.7107 118.4520 0002330 102.8643 004.2612 14.21477454485292
1 29499U 06044A   16058.55322638  .00000024  00000-0  31185-4 0  9999,2 29499  98.7106 119.0828 0002330 101.7696  34.8730 14.21477551485563
1 29499U 06044A   16058.96862072 +.00000021 +00000-0 +29484-4 0  9991,2 29499 098.7105 119.4927 0002329 101.1452 000.0036 14.21477599485441
1 29499U 06044A   16059.88518022  .00000024  00000-0  31041-4 0  9991,2 29499  98.7104 120.3972 0002332  99.7116   9.1189 14.21477768485755
1 29499U 06044A   16059.96635234 +.00000020 +00000-0 +29216-4 0  9992,2 29499 098.7103 120.4773 0002334 099.5762 064.4036 14.21477751485589
1 29499U 06044A   16060.94112446 +.00000004 +00000-0 +21997-4 0  9997,2 29499 098.7102 121.4391 0002332 098.0508 011.3354 14.21477819485720
1 29499U 06044A   16061.13671572  .00000007  00000-0  23208-4 0  9999,2 29499  98.7102 121.6321 0002327  97.7364 291.9883 14.21477863485930
1 29499U 06044A   16061.97050926 +.00000023 +00000-0 +30521-4 0  9999,2 29499 098.7100 122.4548 0002336 096.5835 237.5228 14.21478009485862
1 29499U 06044A   16062.20148131  .00000029  00000-0  33501-4 0  9999,2 29499  98.7100 122.6828 0002330  96.1761 339.2214 14.21478080486082
1 29499U 06044A   16062.89129630 +.00000030 +00000-0 +33544-4 0  9996,2 29499 098.7098 123.3634 0002336 095.2423 268.1681 14.21478156486006
1 29499U 06044A   16063.45347545  .00000019  00000-0  28845-4 0  9991,2 29499  98.7098 123.9181 0002333  94.2986 264.3398 14.21478211486251
1 29499U 06044A   16063.94229168 +.00000011 +00000-0 +24989-4 0  9992,2 29499 098.7096 124.4004 0002330 093.5451 245.1118 14.21478250486143
1 29499U 06044A   16064.53648890  .00000029  00000-0  33293-4 0  9992,2 29499  98.7096 124.9867 0002325  92.5774  45.0622 14.21478421486413
1 29499U 06044A   16064.93097222 +.00000037 +00000-0 +36737-4 0  9998,2 29499 098.7095 125.3759 0002323 092.0176 263.1813 14.21478488486289
1 29499U 06044A   16065.85872685  .00000042  00000-0  39417-4 0  9998,2 29499  98.7093 126.2913 0002317  90.6447 329.4952 14.21478644486607
1 29499U 06044A   16065.94668307 +.00000036 +00000-0 +36378-4 0  9998,2 29499 098.7092 126.3781 0002317 090.4882 059.4979 14.21478613486437
1 29499U 06044A   16066.93375881 +.00000056 +00000-0 +45592-4 0  9990,2 29499 098.7090 127.3520 0002308 089.0537 069.2682 14.21478860486577
1 29499U 06044A   16067.19928694  .00000070  00000-0  52106-4 0  9990,2 29499  98.7090 127.6139 0002302  88.5327 347.8160 14.21478976486799
1 29499U 06044A   16067.97047266 +.00000059 +00000-0 +47211-4 0  9991,2 29499 098.7088 128.3748 0002294 087.6139 332.9156 14.21479081486722
1 29499U 06044A   16068.45104264  .00000072  00000-0  53157-4 0  9998,2 29499  98.7087 128.8490 0002291  86.7987 271.5762 14.21479266486960
1 29499U 06044A   16068.89482647 +.00000067 +00000-0 +50824-4 0  9992,2 29499 098.7086 129.2868 0002281 086.1408 021.9389 14.21479340486857
1 29499U 06044A   16069.88270538  .00000058  00000-0  46438-4 0  9992,2 29499  98.7085 130.2615 0002261  84.6430  35.8828 14.21479542487176
1 29499U 06044A   16069.94986510 +.00000053 +00000-0 +44177-4 0  9996,2 29499 098.7085 130.3278 0002260 084.5206 019.4895 14.21479538487000
1 29499U 06044A   16070.93868234 +.00000056 +00000-0 +45615-4 0  9990,2 29499 098.7083 131.3033 0002253 083.0469 038.2092 14.21479760487145
1 29499U 06044A   16071.20991815  .00000052  00000-0  43676-4 0  9994,2 29499  98.7083 131.5709 0002246  82.5472 345.9282 14.21479819487365
1 29499U 06044A   16071.92253626 +.00000060 +00000-0 +47592-4 0  9994,2 29499 098.7081 132.2739 0002244 081.5725 031.5459 14.21480018487280
1 29499U 06044A   16072.48611595  .00000048  00000-0  42123-4 0  9990,2 29499  98.7081 132.8299 0002241  80.6849  34.8283 14.21480086487546
1 29499U 06044A   16072.97139022 +.00000033 +00000-0 +34988-4 0  9998,2 29499 098.7079 133.3086 0002232 080.0561 357.3636 14.21480114487433
1 29499U 06044A   16073.54599454  .00000039  00000-0  38014-4 0  9991,2 29499  98.7078 133.8755 0002219  79.2681  56.9317 14.21480275487692
1 29499U 06044A   16073.96630935 +.00000032 +00000-0 +34611-4 0  9999,2 29499 098.7077 134.2901 0002208 078.6503 047.2252 14.21480320487572
1 29499U 06044A   16074.86839617  .00000038  00000-0  37557-4 0  9995,2 29499  98.7075 135.1800 0002188  77.2110 342.3352 14.21480500487888
1 29499U 06044A   16074.95171444 +.00000046 +00000-0 +41124-4 0  9996,2 29499 098.7075 135.2622 0002185 077.1267 048.5460 14.21480539487719
1 29499U 06044A   16075.93600873 +.00000040 +00000-0 +38440-4 0  9999,2 29499 098.7073 136.2332 0002166 075.7870 044.0025 14.21480704487856
1 29499U 06044A   16076.20906037  .00000046  00000-0  41190-4 0  9993,2 29499  98.7073 136.5025 0002158  75.4800   0.8167 14.21480798488074
1 29499U 06044A   16076.92014071 +.00000030 +00000-0 +33786-4 0  9995,2 29499 098.7071 137.2040 0002149 074.5437 038.5328 14.21480808487992
1 29499U 06044A   16077.47396047  .00000040  00000-0  38405-4 0  9996,2 29499  98.7070 137.7503 0002135  73.6080 351.9485 14.21480964488258
1 29499U 06044A   16077.90059124 +.00000029 +00000-0 +33182-4 0  9990,2 29499 098.7069 138.1711 0002125 073.0544 014.4810 14.21480966488132
1 29499U 06044A   16078.54380199  .00000037  00000-0  36820-4 0  9991,2 29499  98.7068 138.8056 0002106  72.0837  65.1170 14.21481113488400
1 29499U 06044A   16078.96409928 +.00000040 +00000-0 +38214-4 0  9992,2 29499 098.7067 139.2201 0002095 071.1956 055.5922 14.21481186488289
1 29499U 06044A   16079.88691994  .00000042  00000-0  39162-4 0  9995,2 29499  98.7066 140.1304 0002069  69.7113  96.7919 14.21481346488597
1 29499U 06044A   16079.94931803 +.00000045 +00000-0 +40728-4 0  9991,2 29499 098.7066 140.1920 0002069 069.6904 055.9445 14.21481368488425
1 29499U 06044A   16080.93326597 +.00000040 +00000-0 +38396-4 0  9993,2 29499 098.7064 141.1625 0002043 068.2898 049.6930 14.21481489488563
1 29499U 06044A   16081.19836951  .00000045  00000-0  40454-4 0  9995,2 29499  98.7063 141.4240 0002034  67.8580 325.9825 14.21481567488785
1 29499U 06044A   16081.96567130 +.00000032 +00000-0 +34592-4 0  9992,2 29499 098.7062 142.1808 0002008 066.6877 291.4762 14.21481618488705
1 29499U 06044A   16082.89823088 +.00000036 +00000-0 +36372-4 0  9994,2 29499 098.7060 143.1006 0001977 065.3442 022.3458 14.21481786488846
1 29499U 06044A   16083.17810412  .00000036  00000-0  36493-4 0  9997,2 29499  98.7059 143.3767 0001964  64.9533  14.1335 14.21481851489063
1 29499U 06044A   16084.23261071  .00000050  00000-0  42917-4 0  9990,2 29499  98.7057 144.4167 0001934  63.3430   8.9623 14.21482106489215
1 29499U 06044A   16084.92027779 +.00000022 +00000-0 +30015-4 0  9996,2 29499 098.7056 145.0950 0001917 062.3084 287.0341 14.21482084489128
1 29499U 06044A   16085.50751172  .00000023  00000-0  30397-4 0  9996,2 29499  98.7055 145.6741 0001902  61.6260  51.0940 14.21482173489395
1 29499U 06044A   16085.93055706 +.00000025 +00000-0 +31414-4 0  9996,2 29499 098.7054 146.0914 0001887 061.0594 055.3042 14.21482228489275
