1 33591U 09005A   14365.52325801  .00000096  00000-0  77482-4 0  9997,2 33591 098.9704 310.1978 0013054 283.6392 207.7211 14.11846411303833
1 33591U 09005A   15001.51462284  .00000118  00000-0  89470-4 0  9996,2 33591 098.9707 311.1889 0013053 280.6375 206.6864 14.11846270303975
1 33591U 09005A   15001.51462284  .00000118  00000-0  89470-4 0  9996,2 33591 098.9707 311.1889 0013053 280.6375 206.6864 14.11846270303975
1 33591U 09005A   15001.84390441  .00000262  00000-0  14327-3 0  9995,2 33591 098.9684 311.5179 0013478 280.5294 079.4828 14.11845207304005
1 33591U 09005A   15002.37011653  .00000193  00000-0  13041-3 0  9994,2 33591 098.9710 312.0442 0013033 278.0804 235.0059 14.11846010304098
1 33591U 09005A   15003.55634925  .00000274  00000-0  17447-3 0  9992,2 33591 098.9711 313.2304 0013042 274.4620 144.4861 14.11845998304262
1 33591U 09005A   15004.49281416  .00000333  00000-0  20717-3 0  9999,2 33591 098.9712 314.1668 0013014 271.6627 224.3668 14.11846201304396
1 33591U 09005A   15005.54087108  .00000356  00000-0  21954-3 0  9997,2 33591 098.9713 315.2149 0013042 268.4003 151.5794 14.11847173304543
1 33591U 09005A   15005.88340940  .00000258  00000-0  14140-3 0  9990,2 33591 098.9698 315.5587 0013060 268.8353 091.1798 14.11848011304596
1 33591U 09005A   15006.53320867  .00000275  00000-0  17508-3 0  9999,2 33591 098.9713 316.2073 0013062 265.3369 155.5469 14.11848506304682
1 33591U 09005A   15006.87556611  .00000363  00000-0  19899-3 0  9997,2 33591 098.9688 316.5482 0013398 265.6212 094.3909 14.11849605304716
1 33591U 09005A   15007.18156096  .00000207  00000-0  13826-3 0  9996,2 33591 098.9712 316.8557 0013057 263.3592 211.0436 14.11849627304771
1 33591U 09005A   15008.53114896  .00000161  00000-0  11279-3 0  9997,2 33591 098.9712 318.2053 0013087 259.2449 230.8427 14.11851585304962
1 33591U 09005A   15009.52369837  .00000155  00000-0  10935-3 0  9995,2 33591 098.9712 319.1979 0013084 256.2600 235.8224 14.11852357305107
1 33591U 09005A   15010.51457957  .00000182  00000-0  12443-3 0  9993,2 33591 098.9712 320.1887 0013082 253.2827 232.3270 14.11852218305247
1 33591U 09005A   15010.51457957  .00000182  00000-0  12443-3 0  9993,2 33591 098.9712 320.1887 0013082 253.2827 232.3270 14.11852218305247
1 33591U 09005A   15011.50835324  .00000214  00000-0  14169-3 0  9994,2 33591 098.9714 321.1824 0013114 250.2909 243.5412 14.11852332305389
1 33591U 09005A   15012.56897196  .00000304  00000-0  19108-3 0  9994,2 33591 098.9717 322.2429 0013164 247.1159 234.5036 14.11852408305535
1 33591U 09005A   15013.54750148  .00000322  00000-0  20099-3 0  9999,2 33591 098.9719 323.2213 0013150 244.1139 168.2910 14.11852745305672
1 33591U 09005A   15014.19709918  .00000327  00000-0  20354-3 0  9999,2 33591 098.9721 323.8708 0013171 242.1326 230.1311 14.11853627305763
1 33591U 09005A   15015.54556132  .00000231  00000-0  15091-3 0  9993,2 33591 098.9725 325.2192 0013230 238.1153 244.1365 14.11855315305950
1 33591U 09005A   15016.52641249  .00000141  00000-0  10200-3 0  9993,2 33591 098.9727 326.2001 0013267 235.1827 189.6506 14.11856727306091
1 33591U 09005A   15017.59982663  .00000064  00000-0  59588-4 0  9996,2 33591 098.9730 327.2736 0013304 232.0036 245.6234 14.11857762306249
1 33591U 09005A   15018.52382345  .00000060  00000-0  57627-4 0  9999,2 33591 098.9731 328.1977 0013319 229.2649 262.1422 14.11857809306370
1 33591U 09005A   15019.44762914  .00000130  00000-0  95820-4 0  9990,2 33591 098.9732 329.1217 0013360 226.5578 277.6624 14.11857511306506
1 33591U 09005A   15020.50860861  .00000179  00000-0  12279-3 0  9998,2 33591 098.9732 330.1829 0013391 223.3696 270.4908 14.11857115306659
1 33591U 09005A   15021.21121241  .00000274  00000-0  17451-3 0  9992,2 33591 098.9732 330.8857 0013407 221.2563 241.7416 14.11856859306755
1 33591U 09005A   15022.49332190  .00000303  00000-0  19034-3 0  9992,2 33591 098.9731 332.1681 0013473 217.4758 278.4709 14.11857561306933
1 33591U 09005A   15023.54002193  .00000264  00000-0  16915-3 0  9997,2 33591 098.9731 333.2151 0013526 214.3779 198.6673 14.11858437307088
1 33591U 09005A   15024.53230043  .00000200  00000-0  13390-3 0  9998,2 33591 098.9732 334.2075 0013582 211.5184 202.1712 14.11859426307226
1 33591U 09005A   15025.52388843  .00000129  00000-0  95067-4 0  9992,2 33591 098.9734 335.1993 0013633 208.6856 202.1421 14.11860814307362
1 33591U 09005A   15026.53177054  .00000037  00000-0  44749-4 0  9993,2 33591 098.9735 336.2073 0013675 205.7334 285.0100 14.11861930307509
1 33591U 09005A   15027.52434501  .00000065  00000-0  60217-4 0  9995,2 33591 098.9738 337.2000 0013722 202.9393 289.9646 14.11862452307643
1 33591U 09005A   15028.51506083  .00000120  00000-0  90258-4 0  9990,2 33591 098.9741 338.1909 0013753 200.0347 285.5929 14.11862437307781
1 33591U 09005A   15029.50883803  .00000262  00000-0  16783-3 0  9995,2 33591 098.9744 339.1848 0013798 197.1633 296.7421 14.11862167307927
1 33591U 09005A   15029.71406448  .00000271  00000-0  17278-3 0  9994,2 33591 098.9745 339.3901 0013813 196.5941 259.8391 14.11862074307959
1 33591U 09005A   15031.13621567  .00000341  00000-0  21130-3 0  9994,2 33591 098.9749 340.8126 0013889 192.5144 288.2878 14.11862539308158
1 33591U 09005A   15031.49355013  .00000343  00000-0  21225-3 0  9990,2 33591 098.9750 341.1701 0013913 191.5594 304.4619 14.11862557308209
1 33591U 09005A   15032.48587792  .00000312  00000-0  19550-3 0  9995,2 33591 098.9752 342.1627 0013975 188.7841 308.1496 14.11863628308349
1 33591U 09005A   15033.18990475  .00000300  00000-0  18870-3 0  9990,2 33591 098.9753 342.8671 0014016 186.7607 286.5489 14.11865021308442
1 33591U 09005A   15034.52409730  .00000147  00000-0  10488-3 0  9994,2 33591 098.9753 344.2019 0014089 183.0348 227.8267 14.11866910308637
1 33591U 09005A   15035.17631833  .00000121  00000-0  90619-4 0  9994,2 33591 098.9753 344.8544 0014117 181.0917 302.9837 14.11867798308721
1 33591U 09005A   15036.52439971  .00000116  00000-0  87829-4 0  9996,2 33591 098.9753 346.2032 0014182 177.3114 314.8851 14.11868731308915
1 33591U 09005A   15037.51525330  .00000180  00000-0  12294-3 0  9995,2 33591 098.9753 347.1946 0014233 174.5495 311.0926 14.11868982309053
1 33591U 09005A   15038.50901251  .00000243  00000-0  15755-3 0  9990,2 33591 098.9753 348.1888 0014283 171.7994 322.0514 14.11869035309197
1 33591U 09005A   15039.50138590  .00000321  00000-0  20024-3 0  9991,2 33591 098.9754 349.1816 0014335 169.1292 325.8917 14.11869202309330
1 33591U 09005A   15040.49371433  .00000338  00000-0  20952-3 0  9994,2 33591 098.9755 350.1744 0014384 166.3410 329.6210 14.11869689309470
1 33591U 09005A   15041.19774556  .00000321  00000-0  20045-3 0  9990,2 33591 098.9756 350.8787 0014428 164.3800 307.9984 14.11870553309575
1 33591U 09005A   15042.25599422  .00000268  00000-0  17110-3 0  9994,2 33591 098.9759 351.9374 0014483 161.4927 286.6952 14.11872025309722
1 33591U 09005A   15042.25599422  .00000268  00000-0  17110-3 0  9994,2 33591 098.9759 351.9374 0014483 161.4927 286.6952 14.11872025309722
1 33591U 09005A   15043.53970792  .00000119  00000-0  89587-4 0  9992,2 33591 098.9763 353.2216 0014536 157.9967 331.3486 14.11873647309901
1 33591U 09005A   15049.49396870  .00000356  00000-0  21925-3 0  9996,2 33591 098.9774 359.1793 0014769 141.8625 354.7134 14.11874744310741
1 33591U 09005A   15050.55339067  .00000292  00000-0  18413-3 0  9997,2 33591 098.9774 000.2395 0014816 139.0754 339.2912 14.11875641310893
1 33591U 09005A   15050.88448015  .00000187  00000-0  10214-3 0  9991,2 33591 098.9761 000.5722 0014561 137.3546 222.9233 14.11876558310941
1 33591U 09005A   15051.53420082  .00000253  00000-0  16294-3 0  9996,2 33591 098.9773 001.2210 0014852 136.4670 284.3478 14.11876805311034
1 33591U 09005A   15052.54013323  .00000149  00000-0  10614-3 0  9998,2 33591 098.9773 002.2277 0014890 133.7711 357.1125 14.11878475311174
1 33591U 09005A   15053.51911822  .00000095  00000-0  76708-4 0  9994,2 33591 098.9774 003.2074 0014918 131.1806 292.8870 14.11879511311319
1 33591U 09005A   15054.52451814  .00000133  00000-0  97321-4 0  9993,2 33591 098.9775 004.2134 0014960 128.4397 003.0048 14.11879890311453
1 33591U 09005A   15055.51553486  .00000171  00000-0  11833-3 0  9996,2 33591 098.9777 005.2051 0014980 125.7924 359.9679 14.11880086311599
1 33591U 09005A   15056.70826609  .00000210  00000-0  13963-3 0  9998,2 33591 098.9779 006.3985 0014995 122.5432 302.2323 14.11880139311769
1 33591U 09005A   15057.50160947  .00000249  00000-0  16053-3 0  9998,2 33591 098.9781 007.1924 0015006 120.4345 014.4873 14.11879924311872
1 33591U 09005A   15058.53810580  .00000212  00000-0  14031-3 0  9991,2 33591 098.9777 008.2292 0014896 117.0355 243.2338 14.11881028312020
1 33591U 09005A   15059.53024156  .00000223  00000-0  14638-3 0  9993,2 33591 098.9779 009.2221 0014917 114.3717 245.9013 14.11881702312164
1 33591U 09005A   15060.59324353  .00000286  00000-0  18117-3 0  9998,2 33591 098.9781 010.2860 0014944 111.5553 248.7212 14.11882654312311
1 33591U 09005A   15060.59324353  .00000286  00000-0  18117-3 0  9998,2 33591 098.9781 010.2860 0014944 111.5553 248.7212 14.11882654312311
1 33591U 09005A   15061.51451160  .00000317  00000-0  19773-3 0  9992,2 33591 098.9782 011.2080 0014973 109.1102 251.1691 14.11883282312443
1 33591U 09005A   15061.65624512  .00000315  00000-0  19696-3 0  9992,2 33591 098.9783 011.3498 0014979 108.7283 251.5515 14.11883344312469
1 33591U 09005A   15063.07357981  .00000301  00000-0  18937-3 0  9995,2 33591 098.9785 012.7684 0015034 105.0089 255.2747 14.11883932312663
1 33591U 09005A   15063.56964661  .00000321  00000-0  19999-3 0  9999,2 33591 098.9786 013.2649 0015048 103.6842 256.6005 14.11884323312732
1 33591U 09005A   15064.49091319  .00000292  00000-0  18427-3 0  9995,2 33591 098.9788 014.1870 0015074 101.2618 259.0248 14.11884754312862
1 33591U 09005A   15065.48304581  .00000261  00000-0  16718-3 0  9990,2 33591 098.9790 015.1800 0015084 098.6773 261.6108 14.11885282313009
1 33591U 09005A   15066.47517794  .00000252  00000-0  16263-3 0  9997,2 33591 098.9792 016.1731 0015073 096.0765 264.2124 14.11885954313144
1 33591U 09005A   15067.46730949  .00000243  00000-0  15752-3 0  9998,2 33591 098.9794 017.1662 0015067 093.4645 266.8249 14.11886627313280
1 33591U 09005A   15068.45944067  .00000270  00000-0  17224-3 0  9992,2 33591 098.9795 018.1593 0015078 090.8616 269.4282 14.11887426313426
1 33591U 09005A   15069.45157148  .00000259  00000-0  16593-3 0  9994,2 33591 098.9796 019.1524 0015099 088.2628 272.0272 14.11887917313568
1 33591U 09005A   15070.44370191  .00000273  00000-0  17359-3 0  9997,2 33591 098.9797 020.1455 0015133 085.6529 274.6371 14.11888485313709
1 33591U 09005A   15071.50669812  .00000300  00000-0  18872-3 0  9998,2 33591 098.9797 021.2096 0015146 082.8773 277.4119 14.11889156313859
1 33591U 09005A   15072.49882729  .00000309  00000-0  19333-3 0  9993,2 33591 098.9798 022.2028 0015139 080.2689 280.0191 14.11889761313993
1 33591U 09005A   15073.56182217  .00000278  00000-0  17684-3 0  9999,2 33591 098.9800 023.2669 0015120 077.4754 282.8108 14.11890295314140
1 33591U 09005A   15074.48308396  .00000248  00000-0  16026-3 0  9995,2 33591 098.9801 024.1891 0015105 075.0745 285.2097 14.11890760314270
1 33591U 09005A   15075.47521166  .00000193  00000-0  12991-3 0  9993,2 33591 098.9803 025.1823 0015099 072.4965 287.7854 14.11891147314419
1 33591U 09005A   15076.46733894  .00000171  00000-0  11820-3 0  9992,2 33591 098.9805 026.1755 0015081 069.8693 290.4099 14.11891666314558
1 33591U 09005A   15077.45946498  .00000288  00000-0  18231-3 0  9990,2 33591 098.9807 027.1688 0015074 067.2610 293.0152 14.11893114314693
1 33591U 09005A   15078.45159113  .00000265  00000-0  16923-3 0  9992,2 33591 098.9808 028.1621 0015059 064.6568 295.6160 14.11893618314830
1 33591U 09005A   15079.51458319  .00000199  00000-0  13333-3 0  9998,2 33591 098.9809 029.2263 0015046 061.8613 298.4076 14.11893808314985
1 33591U 09005A   15080.50670863  .00000243  00000-0  15764-3 0  9999,2 33591 098.9811 030.2196 0015046 059.3123 300.9529 14.11894416315128
1 33591U 09005A   15081.49883329  .00000257  00000-0  16498-3 0  9991,2 33591 098.9812 031.2129 0015024 056.7090 303.5518 14.11895044315255
1 33591U 09005A   15082.49095744  .00000260  00000-0  16655-3 0  9997,2 33591 098.9813 032.2062 0015006 054.1439 306.1123 14.11895681315395
1 33591U 09005A   15083.48308102  .00000258  00000-0  16557-3 0  9990,2 33591 098.9814 033.1995 0014972 051.5024 308.7487 14.11896346315539
1 33591U 09005A   15084.47520416  .00000259  00000-0  16605-3 0  9999,2 33591 098.9816 034.1929 0014935 048.8823 311.3635 14.11897025315679
1 33591U 09005A   15085.46732678  .00000278  00000-0  17676-3 0  9994,2 33591 098.9817 035.1863 0014900 046.2367 314.0035 14.11897813315810
1 33591U 09005A   15086.88464385  .00000309  00000-0  19345-3 0  9998,2 33591 098.9818 036.6054 0014841 042.4008 317.8307 14.11898933316013
1 33591U 09005A   15087.09724143  .00000319  00000-0  19885-3 0  9993,2 33591 098.9819 036.8183 0014837 041.8601 318.3702 14.11899080316048
1 33591U 09005A   15088.44369136  .00000346  00000-0  21354-3 0  9994,2 33591 098.9821 038.1666 0014794 038.2563 321.9655 14.11900129316236
1 33591U 09005A   15089.43581206  .00000381  00000-0  23267-3 0  9992,2 33591 098.9822 039.1601 0014776 035.6655 324.5501 14.11900894316373
1 33591U 09005A   15090.49879773  .00000350  00000-0  21603-3 0  9997,2 33591 098.9823 040.2244 0014744 032.8799 327.3287 14.11901435316524
1 33591U 09005A   15090.49879773  .00000350  00000-0  21603-3 0  9997,2 33591 098.9823 040.2244 0014744 032.8799 327.3287 14.11901435316524
1 33591U 09005A   15090.49879773  .00000350  00000-0  21603-3 0  9997,2 33591 098.9823 040.2244 0014744 032.8799 327.3287 14.11901435316524
1 33591U 09005A   15090.49879773  .00000350  00000-0  21603-3 0  9997,2 33591 098.9823 040.2244 0014744 032.8799 327.3287 14.11901435316524
1 33591U 09005A   15091.49091694  .00000339  00000-0  20991-3 0  9992,2 33591 098.9825 041.2179 0014707 030.2212 329.9805 14.11902146316664
1 33591U 09005A   15092.48303540  .00000345  00000-0  21347-3 0  9991,2 33591 098.9827 042.2114 0014653 027.4359 332.7583 14.11902986316809
1 33591U 09005A   15093.47515328  .00000324  00000-0  20187-3 0  9998,2 33591 098.9829 043.2050 0014597 024.6997 335.4870 14.11903762316942
1 33591U 09005A   15094.46727087  .00000268  00000-0  17097-3 0  9998,2 33591 098.9831 044.1985 0014542 021.9981 338.1811 14.11904278317089
1 33591U 09005A   15095.45938793  .00000254  00000-0  16333-3 0  9993,2 33591 098.9832 045.1922 0014482 019.3310 340.8408 14.11904947317223
1 33591U 09005A   15096.45150467  .00000270  00000-0  17240-3 0  9994,2 33591 098.9834 046.1858 0014431 016.6829 343.4814 14.11905634317362
1 33591U 09005A   15097.51448643  .00000279  00000-0  17744-3 0  9996,2 33591 098.9835 047.2503 0014382 013.7921 346.3641 14.11906278317510
1 33591U 09005A   15097.79795709  .00000353  00000-0  19337-3 0  9997,2 33591 098.9824 047.5351 0014694 012.2373 347.9636 14.11906797317565
1 33591U 09005A   15098.50660230  .00000281  00000-0  17824-3 0  9996,2 33591 098.9835 048.2440 0014334 011.1055 349.0430 14.11906816317657
1 33591U 09005A   15098.79007391  .00000264  00000-0  14439-3 0  9990,2 33591 098.9826 048.5289 0014585 009.8355 350.3585 14.11906532317703
1 33591U 09005A   15100.49083227  .00000276  00000-0  17557-3 0  9990,2 33591 098.9837 050.2312 0014235 005.6102 354.5226 14.11908074317934
1 33591U 09005A   15101.48294650  .00000254  00000-0  16332-3 0  9990,2 33591 098.9838 051.2249 0014180 002.8257 357.2992 14.11908696318070
1 33591U 09005A   15102.47506043  .00000227  00000-0  14860-3 0  9996,2 33591 098.9839 052.2186 0014129 000.0753 000.0418 14.11909267318213
1 33591U 09005A   15103.46717385  .00000195  00000-0  13147-3 0  9990,2 33591 098.9840 053.2123 0014073 357.2767 002.8325 14.11909806318358
1 33591U 09005A   15104.45928689  .00000209  00000-0  13903-3 0  9997,2 33591 098.9842 054.2060 0014022 354.4614 005.6400 14.11910518318497
1 33591U 09005A   15105.52226464  .00000292  00000-0  18428-3 0  9997,2 33591 098.9844 055.2707 0013973 351.4573 008.6359 14.11911590318647
1 33591U 09005A   15106.44351149  .00000328  00000-0  20403-3 0  9994,2 33591 098.9845 056.1935 0013915 348.9196 011.1667 14.11912395318778
1 33591U 09005A   15106.79784650  .00000292  00000-0  15983-3 0  9996,2 33591 098.9831 056.5488 0013982 347.6006 012.5286 14.11912052318839
1 33591U 09005A   15107.50648831  .00000323  00000-0  20103-3 0  9991,2 33591 098.9846 057.2583 0013844 346.0047 014.0738 14.11912996318920
1 33591U 09005A   15108.49859946  .00000325  00000-0  20210-3 0  9992,2 33591 098.9847 058.2521 0013795 343.1510 016.9201 14.11913618319066
1 33591U 09005A   15109.49071003  .00000323  00000-0  20145-3 0  9998,2 33591 098.9848 059.2459 0013743 340.3009 019.7630 14.11914331319209
1 33591U 09005A   15110.41195492  .00000337  00000-0  20911-3 0  9997,2 33591 098.9849 060.1687 0013699 337.5875 022.4696 14.11915153319333
1 33591U 09005A   15111.47492914  .00000377  00000-0  23086-3 0  9993,2 33591 098.9850 061.2335 0013646 334.4839 025.5657 14.11916313319481
1 33591U 09005A   15112.53790284  .00000389  00000-0  23756-3 0  9999,2 33591 098.9852 062.2983 0013594 331.4212 028.6213 14.11917338319634
1 33591U 09005A   15113.45914627  .00000364  00000-0  22368-3 0  9991,2 33591 098.9852 063.2212 0013543 328.7384 031.2980 14.11917995319767
1 33591U 09005A   15113.81347891  .00000509  00000-0  27832-3 0  9996,2 33591 098.9846 063.5760 0013606 327.6124 032.4698 14.11919146319827
1 33591U 09005A   15114.45125410  .00000377  00000-0  23059-3 0  9998,2 33591 098.9854 064.2150 0013497 325.8539 034.1762 14.11918819319901
1 33591U 09005A   15115.44336149  .00000344  00000-0  21251-3 0  9997,2 33591 098.9854 065.2090 0013435 322.9649 037.0593 14.11919377320048
1 33591U 09005A   15116.43546837  .00000310  00000-0  19428-3 0  9990,2 33591 098.9855 066.2029 0013383 320.0368 039.9817 14.11919900320188
1 33591U 09005A   15117.49843950  .00000278  00000-0  17683-3 0  9997,2 33591 098.9856 067.2678 0013329 316.8962 043.1165 14.11920503320334
1 33591U 09005A   15118.49054537  .00000253  00000-0  16294-3 0  9993,2 33591 098.9857 068.2617 0013286 313.9406 046.0668 14.11921128320471
1 33591U 09005A   15119.48265090  .00000208  00000-0  13849-3 0  9994,2 33591 098.9858 069.2557 0013256 311.0021 049.0004 14.11921650320618
1 33591U 09005A   15120.47475619  .00000166  00000-0  11521-3 0  9993,2 33591 098.9860 070.2496 0013223 308.0264 051.9713 14.11922134320756
1 33591U 09005A   15120.47475619  .00000166  00000-0  11521-3 0  9993,2 33591 098.9860 070.2496 0013223 308.0264 051.9713 14.11922134320756
1 33591U 09005A   15121.46686129  .00000136  00000-0  98826-4 0  9994,2 33591 098.9862 071.2435 0013183 305.0546 054.9388 14.11922595320894
1 33591U 09005A   15121.67945521  .00000137  00000-0  99667-4 0  9996,2 33591 098.9862 071.4565 0013173 304.4025 055.5900 14.11922699320920
1 33591U 09005A   15122.45896615  .00000133  00000-0  97457-4 0  9993,2 33591 098.9864 072.2375 0013145 302.0723 057.9171 14.11923090321033
1 33591U 09005A   15123.45107084  .00000156  00000-0  11009-3 0  9992,2 33591 098.9865 073.2315 0013115 299.1012 060.8845 14.11923614321171
1 33591U 09005A   15124.51403997  .00000181  00000-0  12342-3 0  9991,2 33591 098.9865 074.2966 0013067 295.8883 064.0940 14.11924116321326
1 33591U 09005A   15125.50614419  .00000194  00000-0  13061-3 0  9997,2 33591 098.9866 075.2906 0013041 292.8930 067.0864 14.11924527321463
1 33591U 09005A   15126.49824806  .00000232  00000-0  15132-3 0  9993,2 33591 098.9866 076.2846 0013009 289.8915 070.0854 14.11925165321608
1 33591U 09005A   15127.49035146  .00000250  00000-0  16112-3 0  9994,2 33591 098.9867 077.2787 0012994 286.8608 073.1138 14.11925784321743
1 33591U 09005A   15128.48245466  .00000221  00000-0  14558-3 0  9992,2 33591 098.9867 078.2728 0012979 283.8250 076.1476 14.11926222321883
1 33591U 09005A   15129.47455750  .00000206  00000-0  13727-3 0  9991,2 33591 098.9868 079.2669 0012962 280.7567 079.2145 14.11926754322022
1 33591U 09005A   15130.46665995  .00000231  00000-0  15114-3 0  9996,2 33591 098.9869 080.2610 0012958 277.7305 082.2395 14.11927506322164
1 33591U 09005A   15131.52962645  .00000300  00000-0  18856-3 0  9999,2 33591 098.9871 081.3261 0012939 274.4635 085.5058 14.11928515322310
1 33591U 09005A   15132.52172820  .00000341  00000-0  21087-3 0  9993,2 33591 098.9872 082.3203 0012921 271.4294 088.5396 14.11929317322451
1 33591U 09005A   15133.51382948  .00000334  00000-0  20740-3 0  9994,2 33591 098.9872 083.3144 0012904 268.3890 091.5803 14.11929880322591
1 33591U 09005A   15134.50593015  .00000380  00000-0  23221-3 0  9991,2 33591 098.9873 084.3086 0012898 265.3220 094.6478 14.11930753322733
1 33591U 09005A   15135.49803057  .00000334  00000-0  20716-3 0  9995,2 33591 098.9874 085.3028 0012900 262.2852 097.6855 14.11931178322871
1 33591U 09005A   15136.49013038  .00000304  00000-0  19114-3 0  9995,2 33591 098.9875 086.2969 0012917 259.2733 100.6984 14.11931770323011
1 33591U 09005A   15137.48222976  .00000258  00000-0  16581-3 0  9991,2 33591 098.9876 087.2912 0012932 256.2439 103.7293 14.11932314323155
1 33591U 09005A   15138.47432889  .00000224  00000-0  14708-3 0  9999,2 33591 098.9877 088.2854 0012944 253.1796 106.7955 14.11932873323290
1 33591U 09005A   15139.46642763  .00000212  00000-0  14079-3 0  9991,2 33591 098.9878 089.2795 0012954 250.1386 109.8389 14.11933585323431
1 33591U 09005A   15140.52939061  .00000173  00000-0  11913-3 0  9990,2 33591 098.9879 090.3447 0012955 246.8954 113.0852 14.11933925323589
1 33591U 09005A   15141.45062489  .00000186  00000-0  12618-3 0  9991,2 33591 098.9880 091.2679 0012967 244.1072 115.8763 14.11934406323714
1 33591U 09005A   15142.44272313  .00000191  00000-0  12901-3 0  9991,2 33591 098.9880 092.2621 0012973 241.0383 118.9488 14.11934844323859
1 33591U 09005A   15143.50568524  .00000184  00000-0  12527-3 0  9997,2 33591 098.9880 093.3274 0012987 237.7807 122.2105 14.11935205324007
1 33591U 09005A   15143.50568524  .00000184  00000-0  12527-3 0  9997,2 33591 098.9880 093.3274 0012987 237.7807 122.2105 14.11935205324007
1 33591U 09005A   15144.49778280  .00000177  00000-0  12170-3 0  9994,2 33591 098.9881 094.3216 0013016 234.8072 125.1881 14.11935634324145
1 33591U 09005A   15145.48988006  .00000158  00000-0  11096-3 0  9998,2 33591 098.9881 095.3159 0013054 231.8399 128.1596 14.11936032324287
1 33591U 09005A   15146.48197715  .00000119  00000-0  89629-4 0  9993,2 33591 098.9882 096.3102 0013089 228.8635 131.1407 14.11936354324422
1 33591U 09005A   15147.40321000  .00000107  00000-0  83421-4 0  9993,2 33591 098.9883 097.2334 0013123 226.1029 133.9059 14.11936773324559
1 33591U 09005A   15148.46617082  .00000097  00000-0  77865-4 0  9991,2 33591 098.9884 098.2987 0013168 222.8826 137.1319 14.11937190324708
1 33591U 09005A   15148.82049944  .00000312  00000-0  17072-3 0  9990,2 33591 098.9872 098.6540 0013061 222.7754 137.2876 14.11938522324760
1 33591U 09005A   15149.52913149  .00000117  00000-0  88691-4 0  9994,2 33591 098.9885 099.3641 0013200 219.6290 140.3918 14.11937683324858
1 33591U 09005A   15149.52913149  .00000117  00000-0  88691-4 0  9994,2 33591 098.9885 099.3641 0013200 219.6290 140.3918 14.11937683324858
1 33591U 09005A   15150.45036396  .00000121  00000-0  90750-4 0  9992,2 33591 098.9886 100.2874 0013232 216.8705 143.1557 14.11937967324983
1 33591U 09005A   15151.44246027  .00000247  00000-0  15940-3 0  9992,2 33591 098.9887 101.2817 0013274 213.8861 146.1463 14.11938872325120
1 33591U 09005A   15152.50542048  .00000164  00000-0  11426-3 0  9995,2 33591 098.9888 102.3470 0013319 210.7152 149.3241 14.11938678325276
1 33591U 09005A   15153.49751628  .00000136  00000-0  99214-4 0  9991,2 33591 098.9889 103.3414 0013359 207.8413 152.2044 14.11938852325411
1 33591U 09005A   15154.48961190  .00000128  00000-0  94547-4 0  9993,2 33591 098.9889 104.3358 0013416 204.8739 155.1786 14.11939193325550
1 33591U 09005A   15155.48170726  .00000132  00000-0  96562-4 0  9995,2 33591 098.9890 105.3301 0013467 202.0139 158.0455 14.11939634325691
1 33591U 09005A   15156.54466632  .00000138  00000-0  99858-4 0  9994,2 33591 098.9890 106.3956 0013526 198.9289 161.1381 14.11940129325844
1 33591U 09005A   15157.46589734  .00000163  00000-0  11377-3 0  9992,2 33591 098.9891 107.3189 0013565 196.3050 163.7687 14.11940642325976
1 33591U 09005A   15158.45799216  .00000174  00000-0  11965-3 0  9995,2 33591 098.9892 108.3133 0013611 193.4354 166.6457 14.11941047326118
1 33591U 09005A   15159.52095049  .00000229  00000-0  14991-3 0  9990,2 33591 098.9892 109.3787 0013666 190.2959 169.7934 14.11941713326260
1 33591U 09005A   15159.52095049  .00000229  00000-0  14991-3 0  9990,2 33591 098.9892 109.3787 0013666 190.2959 169.7934 14.11941713326260
1 33591U 09005A   15159.87526982 +.00000231 +00000-0 +15077-3 0  9992,2 33591 098.9892 109.7338 0013688 189.2739 170.8181 14.11941869326050
1 33591U 09005A   15160.44218078  .00000238  00000-0  15450-3 0  9993,2 33591 098.9893 110.3020 0013713 187.6351 172.4613 14.11942071326399
1 33591U 09005A   15160.86736388 +.00000251 +00000-0 +16155-3 0  9996,2 33591 098.9893 110.7282 0013739 186.4145 173.6852 14.11942287326194
1 33591U 09005A   15161.43427460  .00000245  00000-0  15836-3 0  9996,2 33591 098.9893 111.2964 0013768 184.7844 175.3198 14.11942473326533
1 33591U 09005A   15161.85945759 +.00000226 +00000-0 +14795-3 0  9990,2 33591 098.9893 111.7226 0013799 183.5447 176.5628 14.11942568326333
1 33591U 09005A   15162.92241453 +.00000232 +00000-0 +15129-3 0  9998,2 33591 098.9893 112.7881 0013866 180.4945 179.6215 14.11943162326488
1 33591U 09005A   15163.84364349 +.00000226 +00000-0 +14803-3 0  9991,2 33591 098.9894 113.7115 0013923 177.9210 182.2022 14.11943668326612
1 33591U 09005A   15164.90659966 +.00000196 +00000-0 +13182-3 0  9996,2 33591 098.9895 114.7770 0013974 174.9651 185.1663 14.11944165326765
1 33591U 09005A   15165.89869177 +.00000159 +00000-0 +11131-3 0  9993,2 33591 098.9896 115.7714 0014024 172.2013 187.9378 14.11944549326900
1 33591U 09005A   15166.39473774 +.00000152 +00000-0 +10751-3 0  9993,2 33591 098.9896 116.2687 0014052 170.7950 189.3482 14.11944777327231
1 33591U 09005A   15167.81201158  .00000155  00000-0  10922-3 0  9999,2 33591 098.9897 117.6893 0014139 166.7989 193.3554 14.11945405327435
1 33591U 09005A   15168.44978467  .00000155  00000-0  10914-3 0  9994,2 33591 098.9898 118.3286 0014168 165.0048 195.1546 14.11945613327522
1 33591U 09005A   15168.87496664 +.00000170 +00000-0 +11746-3 0  9996,2 33591 098.9898 118.7548 0014192 163.8114 196.3513 14.11945838327328
1 33591U 09005A   15169.51273950  .00000158  00000-0  11112-3 0  9992,2 33591 098.9898 119.3941 0014231 162.0098 198.1579 14.11945972327677
1 33591U 09005A   15170.50483032  .00000171  00000-0  11827-3 0  9995,2 33591 098.9898 120.3886 0014292 159.2320 200.9435 14.11946395327819
1 33591U 09005A   15171.49692076  .00000166  00000-0  11547-3 0  9997,2 33591 098.9899 121.3830 0014339 156.5308 203.6520 14.11946766327950
1 33591U 09005A   15172.48901085  .00000146  00000-0  10425-3 0  9992,2 33591 098.9899 122.3775 0014389 153.8286 206.3615 14.11947119328093
1 33591U 09005A   15173.48110060  .00000131  00000-0  96078-4 0  9991,2 33591 098.9899 123.3720 0014440 151.1441 209.0532 14.11947544328232
1 33591U 09005A   15174.47318987  .00000134  00000-0  97535-4 0  9991,2 33591 098.9900 124.3665 0014508 148.4364 211.7680 14.11948134328377
1 33591U 09005A   15175.46527906  .00000130  00000-0  95742-4 0  9998,2 33591 098.9900 125.3610 0014561 145.7055 214.5059 14.11948593328510
1 33591U 09005A   15176.45736801  .00000113  00000-0  86103-4 0  9996,2 33591 098.9901 126.3555 0014605 143.0133 217.2047 14.11948852328657
1 33591U 09005A   15177.44945666  .00000121  00000-0  90636-4 0  9992,2 33591 098.9901 127.3501 0014649 140.3120 219.9126 14.11949198328799
1 33591U 09005A   15178.51240843  .00000124  00000-0  92573-4 0  9991,2 33591 098.9902 128.4157 0014696 137.4375 222.7938 14.11949511328949
1 33591U 09005A   15179.43363298  .00000130  00000-0  95713-4 0  9999,2 33591 098.9903 129.3392 0014728 134.9454 225.2914 14.11949826329073
1 33591U 09005A   15180.42572062  .00000114  00000-0  86724-4 0  9995,2 33591 098.9903 130.3337 0014781 132.3004 227.9422 14.11950113329216
1 33591U 09005A   15180.42572062  .00000114  00000-0  86724-4 0  9995,2 33591 098.9903 130.3337 0014781 132.3004 227.9422 14.11950113329216
1 33591U 09005A   15181.48867135  .00000089  00000-0  73153-4 0  9993,2 33591 098.9904 131.3993 0014822 129.4749 230.7736 14.11950411329362
1 33591U 09005A   15182.48074686  .00000062  00000-0  58428-4 0  9994,2 33591 098.9905 132.3938 0014852 126.8435 233.4101 14.11950681329500
1 33591U 09005A   15183.47283371  .00000061  00000-0  57817-4 0  9997,2 33591 098.9906 133.3884 0014885 124.2057 236.0527 14.11951053329640
1 33591U 09005A   15184.46492037  .00000081  00000-0  68716-4 0  9990,2 33591 098.9906 134.3830 0014914 121.5763 238.6866 14.11951463329783
1 33591U 09005A   15185.45700685  .00000127  00000-0  94180-4 0  9996,2 33591 098.9907 135.3776 0014949 118.9231 241.3442 14.11951944329923
1 33591U 09005A   15186.44909278  .00000218  00000-0  14388-3 0  9997,2 33591 098.9908 136.3722 0014979 116.2871 243.9841 14.11952715330065
1 33591U 09005A   15187.51204190  .00000173  00000-0  11910-3 0  9995,2 33591 098.9908 137.4378 0015018 113.4787 246.7964 14.11952706330218
1 33591U 09005A   15188.43326410  .00000178  00000-0  12171-3 0  9992,2 33591 098.9908 138.3614 0015052 111.0694 249.2088 14.11952998330342
1 33591U 09005A   15189.49621225  .00000197  00000-0  13198-3 0  9992,2 33591 098.9909 139.4271 0015076 108.2970 251.9842 14.11953486330492
1 33591U 09005A   15190.48829671  .00000186  00000-0  12603-3 0  9996,2 33591 098.9909 140.4217 0015091 105.7115 254.5722 14.11953905330632
1 33591U 09005A   15191.48038079  .00000107  00000-0  83249-4 0  9999,2 33591 098.9910 141.4163 0015096 103.0945 257.1912 14.11954024330770
1 33591U 09005A   15192.47246439  .00000163  00000-0  11386-3 0  9994,2 33591 098.9911 142.4110 0015114 100.5219 259.7656 14.11954886330916
1 33591U 09005A   15193.39368476  .00000139  00000-0  10072-3 0  9996,2 33591 098.9912 143.3346 0015131 098.1206 262.1683 14.11955188331044
1 33591U 09005A   15194.45663108  .00000123  00000-0  92004-4 0  9993,2 33591 098.9912 144.4003 0015153 095.3250 264.9650 14.11955487331190
1 33591U 09005A   15195.44871382  .00000163  00000-0  11356-3 0  9992,2 33591 098.9913 145.3950 0015169 092.7315 267.5592 14.11956017331332
1 33591U 09005A   15196.44079641  .00000156  00000-0  10961-3 0  9994,2 33591 098.9913 146.3896 0015185 090.1409 270.1502 14.11956237331476
1 33591U 09005A   15197.50374153  .00000130  00000-0  95783-4 0  9996,2 33591 098.9914 147.4554 0015191 087.3746 272.9164 14.11956446331622
1 33591U 09005A   15198.49582325  .00000124  00000-0  92558-4 0  9997,2 33591 098.9915 148.4500 0015191 084.7918 275.4986 14.11956783331766
1 33591U 09005A   15199.48790460  .00000109  00000-0  84013-4 0  9998,2 33591 098.9915 149.4447 0015185 082.2042 278.0853 14.11957127331902
1 33591U 09005A   15200.47998564  .00000093  00000-0  75616-4 0  9996,2 33591 098.9916 150.4394 0015172 079.6117 280.6763 14.11957483332045
1 33591U 09005A   15201.47206649  .00000056  00000-0  54983-4 0  9996,2 33591 098.9917 151.4341 0015164 077.0145 283.2718 14.11957690332187
1 33591U 09005A   15202.46414710  .00000066  00000-0  60763-4 0  9990,2 33591 098.9918 152.4288 0015156 074.4225 285.8618 14.11958070332326
1 33591U 09005A   15202.81846155  .00000073  00000-0  64184-4 0  9990,2 33591 098.9918 152.7840 0015154 073.4948 286.7887 14.11958205332375
1 33591U 09005A   15203.88140474  .00000109  00000-0  84284-4 0  9992,2 33591 098.9918 153.8498 0015152 070.6990 289.5818 14.11958648332523
1 33591U 09005A   15204.87348470  .00000125  00000-0  92931-4 0  9994,2 33591 098.9919 154.8446 0015148 068.1223 292.1557 14.11958945332669
1 33591U 09005A   15205.65297593  .00000129  00000-0  94944-4 0  9990,2 33591 098.9919 155.6261 0015140 066.0982 294.1773 14.11959123332777
1 33591U 09005A   15206.85764378  .00000114  00000-0  86849-4 0  9992,2 33591 098.9920 156.8340 0015122 062.9676 297.3037 14.11959404332944
1 33591U 09005A   15207.49540887  .00000099  00000-0  78527-4 0  9996,2 33591 098.9921 157.4735 0015110 061.2926 298.9762 14.11959538333038
1 33591U 09005A   15208.48748762  .00000083  00000-0  69977-4 0  9990,2 33591 098.9922 158.4683 0015077 058.6589 301.6055 14.11959848333175
1 33591U 09005A   15209.40870332  .00000088  00000-0  72514-4 0  9998,2 33591 098.9923 159.3920 0015046 056.2453 304.0150 14.11960268333306
1 33591U 09005A   15210.47164436  .00000068  00000-0  61984-4 0  9995,2 33591 098.9924 160.4579 0015014 053.4408 306.8142 14.11960579333456
1 33591U 09005A   15210.47164436  .00000068  00000-0  61984-4 0  9995,2 33591 098.9924 160.4579 0015014 053.4408 306.8142 14.11960579333456
1 33591U 09005A   15211.46372246  .00000077  00000-0  66915-4 0  9994,2 33591 098.9925 161.4527 0014987 050.7816 309.4683 14.11960917333592
1 33591U 09005A   15212.45580028  .00000113  00000-0  86539-4 0  9998,2 33591 098.9926 162.4475 0014962 048.1540 312.0906 14.11961354333734
1 33591U 09005A   15213.51874062  .00000148  00000-0  10534-3 0  9999,2 33591 098.9927 163.5135 0014933 045.3649 314.8737 14.11961720333882
1 33591U 09005A   15214.43995535  .00000139  00000-0  10052-3 0  9995,2 33591 098.9927 164.4373 0014903 042.9526 317.2806 14.11961876334012
1 33591U 09005A   15215.50289499  .00000153  00000-0  10817-3 0  9994,2 33591 098.9928 165.5032 0014857 040.1375 320.0891 14.11962204334165
1 33591U 09005A   15216.49497164  .00000141  00000-0  10189-3 0  9992,2 33591 098.9928 166.4981 0014815 037.4917 322.7284 14.11962479334308
1 33591U 09005A   15217.48704784  .00000140  00000-0  10105-3 0  9998,2 33591 098.9929 167.4929 0014758 034.8017 325.4116 14.11962895334441
1 33591U 09005A   15218.47912383  .00000119  00000-0  89848-4 0  9991,2 33591 098.9930 168.4878 0014707 032.1390 328.0675 14.11963238334582
1 33591U 09005A   15219.47119956  .00000126  00000-0  93207-4 0  9999,2 33591 098.9931 169.4827 0014666 029.4650 330.7345 14.11963712334727
1 33591U 09005A   15220.25068751  .00000118  00000-0  88944-4 0  9996,2 33591 098.9932 170.2644 0014637 027.3836 332.8104 14.11963982334833
1 33591U 09005A   15221.52621289  .00000131  00000-0  95962-4 0  9991,2 33591 098.9934 171.5436 0014588 023.9604 336.2243 14.11964445335016
1 33591U 09005A   15221.52621289  .00000131  00000-0  95962-4 0  9991,2 33591 098.9934 171.5436 0014588 023.9604 336.2243 14.11964445335016
1 33591U 09005A   15222.51828793  .00000146  00000-0  10452-3 0  9996,2 33591 098.9934 172.5385 0014550 021.2879 338.8894 14.11964766335155
1 33591U 09005A   15223.51036269  .00000139  00000-0  10046-3 0  9997,2 33591 098.9935 173.5334 0014505 018.5938 341.5760 14.11964986335298
1 33591U 09005A   15224.43157467  .00000127  00000-0  94161-4 0  9991,2 33591 098.9936 174.4573 0014459 016.0535 344.1092 14.11965220335422
1 33591U 09005A   15224.43157467  .00000127  00000-0  94161-4 0  9991,2 33591 098.9936 174.4573 0014459 016.0535 344.1092 14.11965220335422
1 33591U 09005A   15225.49451123  .00000107  00000-0  82929-4 0  9991,2 33591 098.9937 175.5233 0014398 013.1567 346.9977 14.11965522335576
1 33591U 09005A   15226.48658509  .00000090  00000-0  73615-4 0  9991,2 33591 098.9938 176.5183 0014340 010.4169 349.7297 14.11965814335713
1 33591U 09005A   15227.54952117  .00000080  00000-0  68303-4 0  9998,2 33591 098.9940 177.5843 0014275 007.4894 352.6487 14.11966188335863
1 33591U 09005A   15228.47073207  .00000125  00000-0  93044-4 0  9995,2 33591 098.9941 178.5082 0014227 004.9108 355.2200 14.11966830335997
1 33591U 09005A   15229.46280543  .00000108  00000-0  83803-4 0  9991,2 33591 098.9943 179.5032 0014180 002.1481 357.9748 14.11967048336132
1 33591U 09005A   15229.88797968 +.00000107 +00000-0 +83164-4 0  9990,2 33591 098.9943 179.9297 0014161 000.9528 359.1668 14.11967148335939
1 33591U 09005A   15230.45487863  .00000111  00000-0  85205-4 0  9998,2 33591 098.9944 180.4982 0014131 359.4076 000.7076 14.11967289336271
1 33591U 09005A   15230.88005284 +.00000105 +00000-0 +82295-4 0  9997,2 33591 098.9945 180.9246 0014107 358.2290 001.8829 14.11967338336079
1 33591U 09005A   15231.44695170  .00000097  00000-0  77934-4 0  9993,2 33591 098.9945 181.4933 0014075 356.6723 003.4352 14.11967394336414
1 33591U 09005A   15231.87212571 +.00000127 +00000-0 +93892-4 0  9995,2 33591 098.9945 181.9197 0014052 355.4789 004.6253 14.11967647336217
1 33591U 09005A   15232.50988668  .00000124  00000-0  92333-4 0  9999,2 33591 098.9946 182.5594 0014019 353.7016 006.3976 14.11967770336569
1 33591U 09005A   15233.50195905  .00000129  00000-0  95326-4 0  9994,2 33591 098.9947 183.5545 0013964 350.8849 009.2066 14.11968103336706
1 33591U 09005A   15234.91920476 +.00000118 +00000-0 +89128-4 0  9990,2 33591 098.9949 184.9760 0013888 346.7887 013.2919 14.11968624336646
1 33591U 09005A   15235.91127650 +.00000106 +00000-0 +82483-4 0  9998,2 33591 098.9950 185.9711 0013832 343.9508 016.1223 14.11969006336783
1 33591U 09005A   15236.90334811 +.00000091 +00000-0 +74212-4 0  9991,2 33591 098.9951 186.9661 0013774 341.1095 018.9563 14.11969335336923
1 33591U 09005A   15238.53317977  .00000089  00000-0  73086-4 0  9991,2 33591 098.9954 188.6010 0013690 336.4654 023.5889 14.11969861337410
1 33591U 09005A   15239.87956200 +.00000123 +00000-0 +91630-4 0  9991,2 33591 098.9956 189.9516 0013616 332.6336 027.4117 14.11970420337342
1 33591U 09005A   15240.16301083  .00000137  00000-0  99770-4 0  9996,2 33591 098.9956 190.2359 0013596 331.8274 028.2161 14.11970569337646
1 33591U 09005A   15240.87163287 +.00000139 +00000-0 +10061-3 0  9993,2 33591 098.9957 190.9468 0013570 329.7558 030.2828 14.11970763337489
1 33591U 09005A   15241.50939272  .00000131  00000-0  96522-4 0  9998,2 33591 098.9958 191.5865 0013533 327.9477 032.0870 14.11970874337836
1 33591U 09005A   15241.86370363 +.00000131 +00000-0 +96327-4 0  9990,2 33591 098.9958 191.9419 0013524 326.8960 033.1364 14.11970991337627
1 33591U 09005A   15242.50146325  .00000116  00000-0  88056-4 0  9994,2 33591 098.9959 192.5817 0013492 325.0388 034.9896 14.11971100337976
1 33591U 09005A   15242.85577408 +.00000110 +00000-0 +85065-4 0  9993,2 33591 098.9960 192.9371 0013485 323.9821 036.0440 14.11971212337767
1 33591U 09005A   15243.49353352  .00000114  00000-0  86783-4 0  9996,2 33591 098.9960 193.5769 0013453 322.1060 037.9163 14.11971448338119
1 33591U 09005A   15243.77698210 +.00000111 +00000-0 +85140-4 0  9995,2 33591 098.9961 193.8612 0013444 321.2466 038.7740 14.11971556337894
1 33591U 09005A   15244.48560354  .00000115  00000-0  87270-4 0  9991,2 33591  98.9962 194.5721 0013412 319.1553  40.8612 14.11971865338258
1 33591U 09005A   15244.83991424 +.00000106 +00000-0 +82714-4 0  9994,2 33591 098.9962 194.9275 0013396 318.0975 041.9170 14.11971986338045
1 33591U 09005A   15245.47767347  .00000093  00000-0  75321-4 0  9991,2 33591  98.9963 195.5673 0013372 316.2130  43.7979 14.11972177338390
1 33591U 09005A   15245.83198408 +.00000096 +00000-0 +77164-4 0  9997,2 33591 098.9964 195.9228 0013360 315.1335 044.8755 14.11972341338187
1 33591U 09005A   15246.54060532  .00000102  00000-0  80478-4 0  9992,2 33591  98.9965 196.6337 0013326 313.0476  46.9578 14.11972628338546
1 33591U 09005A   15246.89491592 +.00000102 +00000-0 +80210-4 0  9998,2 33591 098.9966 196.9891 0013310 311.9935 048.0102 14.11972759338333
1 33591U 09005A   15247.53267497  .00000113  00000-0  86207-4 0  9999,2 33591  98.9967 197.6290 0013276 310.1400  49.8608 14.11972999338688
1 33591U 09005A   15247.88698556 +.00000113 +00000-0 +86273-4 0  9994,2 33591 098.9967 197.9844 0013258 309.1067 050.8925 14.11973103338472
1 33591U 09005A   15248.45388247  .00000123  00000-0  91776-4 0  9996,2 33591  98.9968 198.5532 0013224 307.4437  52.5530 14.11973287338811
1 33591U 09005A   15248.94991713 +.00000133 +00000-0 +97636-4 0  9990,2 33591 098.9969 199.0509 0013207 305.9518 054.0427 14.11973466338626
1 33591U 09005A   15249.44595182  .00000136  00000-0  99269-4 0  9993,2 33591  98.9970 199.5485 0013186 304.4946  55.4979 14.11973600338954
1 33591U 09005A   15249.87112429 +.00000140 +00000-0 +10123-3 0  9995,2 33591 098.9970 199.9751 0013177 303.2001 056.7906 14.11973730338759
1 33591U 09005A   15250.50888294  .00000145  00000-0  10386-3 0  9993,2 33591  98.9971 200.6150 0013164 301.2835  58.7046 14.11973927339107
1 33591U 09005A   15250.86319325 +.00000143 +00000-0 +10298-3 0  9996,2 33591 098.9971 200.9704 0013157 300.2154 059.7714 14.11974051338897
1 33591U 09005A   15251.50095170  .00000145  00000-0  10419-3 0  9994,2 33591  98.9972 201.6103 0013139 298.2869  61.6976 14.11974320339249
1 33591U 09005A   15251.92612397 +.00000137 +00000-0 +99531-4 0  9990,2 33591 098.9973 202.0368 0013123 296.9783 063.0047 14.11974447339044
1 33591U 09005A   15252.49302027  .00000121  00000-0  90813-4 0  9996,2 33591  98.9973 202.6056 0013108 295.2432  64.7380 14.11974606339382
1 33591U 09005A   15252.91819245 +.00000107 +00000-0 +83375-4 0  9997,2 33591 098.9974 203.0322 0013103 293.9760 066.0039 14.11974741339182
1 33591U 09005A   15253.48508861  .00000111  00000-0  85486-4 0  9999,2 33591  98.9975 203.6009 0013080 292.2493  67.7291 14.11975025339522
1 33591U 09005A   15253.91026078  .00000087  00000-0  72422-4 0  9990,2 33591  98.9975 204.0275 0013067 290.9586  69.0187 14.11975082339583
1 33591U 09005A   15253.91026078  .00000087  00000-0  72422-4 0  9990,2 33591  98.9975 204.0275 0013067 290.9586  69.0187 14.11975082339583
1 33591U 09005A   15253.91026078 +.00000087 +00000-0 +72422-4 0  9990,2 33591 098.9975 204.0275 0013067 290.9586 069.0187 14.11975082339325
1 33591U 09005A   15254.47715692  .00000077  00000-0  66891-4 0  9991,2 33591  98.9976 204.5963 0013052 289.2443  70.7316 14.11975259339668
1 33591U 09005A   15254.90232897 +.00000082 +00000-0 +69670-4 0  9994,2 33591 098.9977 205.0228 0013042 287.9368 072.0381 14.11975471339460
1 33591U 09005A   15254.97319098  .00000083  00000-0  70029-4 0  9991,2 33591  98.9977 205.0939 0013040 287.7222  72.2525 14.11975497339734
1 33591U 09005A   15254.97319098  .00000083  00000-0  70029-4 0  9991,2 33591  98.9977 205.0939 0013040 287.7222  72.2525 14.11975497339734
1 33591U 09005A   15255.46922509  .00000076  00000-0  66264-4 0  9991,2 33591  98.9978 205.5916 0013024 286.2236  73.7502 14.11975634339808
1 33591U 09005A   15255.89439709 +.00000079 +00000-0 +67753-4 0  9990,2 33591 098.9979 206.0182 0013020 284.9367 075.0362 14.11975796339602
1 33591U 09005A   15256.53215517  .00000084  00000-0  70897-4 0  9990,2 33591  98.9980 206.6581 0013001 283.0136  76.9583 14.11975982339956
1 33591U 09005A   15256.88646514 +.00000093 +00000-0 +75792-4 0  9992,2 33591 098.9981 207.0136 0012997 281.9488 078.0226 14.11976140339749
1 33591U 09005A   15257.52422311  .00000111  00000-0  85543-4 0  9997,2 33591  98.9982 207.6535 0012987 280.0040  79.9665 14.11976344340095
1 33591U 09005A   15257.80767106 +.00000118 +00000-0 +88966-4 0  9991,2 33591 098.9983 207.9379 0012985 279.1379 080.8323 14.11976446339876
1 33591U 09005A   15258.51629088  .00000140  00000-0  10132-3 0  9990,2 33591  98.9984 208.6490 0012964 276.9818  82.9879 14.11976715340239
1 33591U 09005A   15258.94146273 +.00000145 +00000-0 +10415-3 0  9996,2 33591 098.9985 209.0756 0012953 275.6876 084.2818 14.11976864340039
1 33591U 09005A   15259.50835849  .00000140  00000-0  10120-3 0  9991,2 33591  98.9986 209.6444 0012947 273.9552  86.0139 14.11976975340371
1 33591U 09005A   15259.86266830 +.00000141 +00000-0 +10175-3 0  9999,2 33591 098.9986 209.9999 0012947 272.8783 087.0906 14.11977092340164
1 33591U 09005A   15260.50042587  .00000138  00000-0  10026-3 0  9994,2 33591  98.9987 210.6399 0012937 270.9131  89.0558 14.11977291340518
1 33591U 09005A   15260.92559752 +.00000131 +00000-0 +96261-4 0  9996,2 33591 098.9988 211.0665 0012942 269.6172 090.3517 14.11977418340315
1 33591U 09005A   15261.49249305  .00000119  00000-0  89903-4 0  9990,2 33591  98.9989 211.6354 0012938 267.8666  92.1024 14.11977580340650
1 33591U 09005A   15261.91766459 +.00000122 +00000-0 +91227-4 0  9997,2 33591 098.9989 212.0620 0012945 266.5674 093.4016 14.11977775340453
1 33591U 09005A   15262.48455998  .00000129  00000-0  95087-4 0  9998,2 33591  98.9990 212.6309 0012941 264.8193  95.1501 14.11978048340797
1 33591U 09005A   15262.90973149 +.00000123 +00000-0 +92057-4 0  9996,2 33591 098.9991 213.0575 0012946 263.5275 096.4422 14.11978204340598
1 33591U 09005A   15263.47662682  .00000117  00000-0  88666-4 0  9990,2 33591  98.9992 213.6264 0012944 261.7593  98.2110 14.11978413340935
1 33591U 09005A   15263.90179818 +.00000120 +00000-0 +90319-4 0  9994,2 33591 098.9993 214.0531 0012951 260.4870 099.4837 14.11978628340735
1 33591U 09005A   15264.46869341  .00000124  00000-0  92612-4 0  9995,2 33591  98.9994 214.6220 0012951 258.7479 101.2237 14.11978852341075
1 33591U 09005A   15264.46869341  .00000124  00000-0  92612-4 0  9995,2 33591  98.9994 214.6220 0012951 258.7479 101.2237 14.11978852341075
1 33591U 09005A   15264.89386477 +.00000120 +00000-0 +90142-4 0  9998,2 33591 098.9995 215.0486 0012955 257.4647 102.5075 14.11978999340875
1 33591U 09005A   15265.46075997  .00000116  00000-0  88094-4 0  9992,2 33591  98.9996 215.6176 0012956 255.7376 104.2356 14.11979143341211
1 33591U 09005A   15265.88593127 +.00000126 +00000-0 +93342-4 0  9991,2 33591 098.9997 216.0442 0012962 254.4564 105.5177 14.11979331341017
1 33591U 09005A   15266.45282637  .00000130  00000-0  95696-4 0  9995,2 33591  98.9998 216.6131 0012959 252.7310 107.2444 14.11979491341355
1 33591U 09005A   15266.87799759 +.00000139 +00000-0 +10070-3 0  9990,2 33591 098.9999 217.0398 0012963 251.4284 108.5479 14.11979666341151
1 33591U 09005A   15267.44489252  .00000154  00000-0  10894-3 0  9999,2 33591  99.0000 217.6088 0012961 249.6947 110.2832 14.11979906341498
1 33591U 09005A   15267.87006365 +.00000161 +00000-0 +11252-3 0  9993,2 33591 099.0000 218.0354 0012965 248.3791 111.5999 14.11980071341297
1 33591U 09005A   15268.50782027  .00000163  00000-0  11351-3 0  9992,2 33591  99.0001 218.6755 0012973 246.4566 113.5243 14.11980287341649
1 33591U 09005A   15268.86212947 +.00000160 +00000-0 +11188-3 0  9995,2 33591 099.0002 219.0311 0012979 245.3736 114.6084 14.11980409341434
1 33591U 09005A   15269.49988593  .00000149  00000-0  10603-3 0  9990,2 33591  99.0003 219.6711 0012986 243.4080 116.5761 14.11980612341781
1 33591U 09005A   15269.85419501 +.00000141 +00000-0 +10197-3 0  9998,2 33591 099.0003 220.0267 0012998 242.3362 117.6490 14.11980734341570
1 33591U 09005A   15270.49195131  .00000132  00000-0  96798-4 0  9992,2 33591  99.0004 220.6668 0013014 240.4280 119.5595 14.11980973341921
1 33591U 09005A   15270.91712211 +.00000128 +00000-0 +94743-4 0  9996,2 33591 099.0005 221.0935 0013028 239.1483 120.8407 14.11981168341721
1 33591U 09005A   15270.91712211 +.00000128 +00000-0 +94743-4 0  9996,2 33591 099.0005 221.0935 0013028 239.1483 120.8407 14.11981168341721
1 33591U 09005A   15271.48401653  .00000119  00000-0  89737-4 0  9991,2 33591  99.0006 221.6625 0013043 237.4394 122.5518 14.11981354342060
1 33591U 09005A   15271.90918733 +.00000115 +00000-0 +87511-4 0  9994,2 33591 099.0007 222.0892 0013056 236.1481 123.8448 14.11981528341865
1 33591U 09005A   15272.54694345  .00000105  00000-0  82288-4 0  9990,2 33591  99.0008 222.7293 0013068 234.2212 125.7744 14.11981746342214
1 33591U 09005A   15272.90125237 +.00000110 +00000-0 +84636-4 0  9994,2 33591 099.0009 223.0849 0013079 233.1687 126.8285 14.11981914342008
1 33591U 09005A   15273.53900839  .00000127  00000-0  93946-4 0  9995,2 33591  99.0010 223.7250 0013095 231.2286 128.7715 14.11982215342357
1 33591U 09005A   15273.89331724 +.00000137 +00000-0 +99715-4 0  9996,2 33591 099.0011 224.0806 0013105 230.1699 129.8320 14.11982400342144
1 33591U 09005A   15274.46021142  .00000148  00000-0  10540-3 0  9990,2 33591  99.0012 224.6497 0013120 228.4581 131.5465 14.11982614342488
1 33591U 09005A   15274.88538194 +.00000170 +00000-0 +11773-3 0  9990,2 33591 099.0013 225.0764 0013130 227.1773 132.8295 14.11982877342285
1 33591U 09005A   15275.52313772  .00000198  00000-0  13266-3 0  9994,2 33591  99.0014 225.7166 0013145 225.2540 134.7562 14.11983186342637
1 33591U 09005A   15275.87744645 +.00000190 +00000-0 +12856-3 0  9995,2 33591 099.0015 226.0722 0013153 224.1847 135.8275 14.11983261342421
1 33591U 09005A   15276.44434037  .00000193  00000-0  13010-3 0  9996,2 33591  99.0016 226.6413 0013170 222.4667 137.5486 14.11983429342761
1 33591U 09005A   15276.86951067 +.00000198 +00000-0 +13268-3 0  9999,2 33591 099.0017 227.0680 0013184 221.1990 138.8187 14.11983611342566
1 33591U 09005A   15277.43640443  .00000188  00000-0  12752-3 0  9992,2 33591  99.0018 227.6371 0013205 219.4782 140.5428 14.11983746342908
1 33591U 09005A   15277.43640443  .00000188  00000-0  12752-3 0  9992,2 33591  99.0018 227.6371 0013205 219.4782 140.5428 14.11983746342908
1 33591U 09005A   15277.64898950 +.00000190 +00000-0 +12873-3 0  9990,2 33591 099.0018 227.8504 0013212 218.8526 141.1696 14.11983846342674
1 33591U 09005A   15278.49932976  .00000171  00000-0  11816-3 0  9996,2 33591  99.0019 228.7040 0013249 216.3290 143.6983 14.11984131343058
1 33591U 09005A   15278.92449984 +.00000154 +00000-0 +10882-3 0  9999,2 33591 099.0020 229.1308 0013268 215.0892 144.9406 14.11984257342857
1 33591U 09005A   15279.49139321  .00000141  00000-0  10180-3 0  9990,2 33591  99.0021 229.6998 0013290 213.3940 146.6394 14.11984450343196
1 33591U 09005A   15279.91656321 +.00000125 +00000-0 +92974-4 0  9995,2 33591 099.0021 230.1266 0013305 212.1387 147.8974 14.11984592342991
1 33591U 09005A   15280.34173312  .00000130  00000-0  95616-4 0  9990,2 33591  99.0022 230.5534 0013325 210.8985 149.1404 14.11984841343312
1 33591U 09005A   15280.90862621 +.00000119 +00000-0 +89834-4 0  9992,2 33591 099.0023 231.1224 0013350 209.2692 150.7732 14.11985092343132
1 33591U 09005A   15281.47551930  .00000115  00000-0  87440-4 0  9990,2 33591  99.0024 231.6915 0013373 207.5884 152.4579 14.11985352343478
1 33591U 09005A   15281.90068907 +.00000110 +00000-0 +84826-4 0  9995,2 33591 099.0025 232.1183 0013396 206.3504 153.6987 14.11985520343274
1 33591U 09005A   15282.46758213  .00000102  00000-0  80651-4 0  9996,2 33591  99.0026 232.6874 0013417 204.6737 155.3794 14.11985691343612
1 33591U 09005A   15282.89275192 +.00000094 +00000-0 +76233-4 0  9994,2 33591 099.0027 233.1142 0013433 203.4114 156.6447 14.11985793343411
1 33591U 09005A   15283.53050648  .00000102  00000-0  80301-4 0  9994,2 33591  99.0028 233.7544 0013460 201.5246 158.5361 14.11986007343762
1 33591U 09005A   15283.88481455 +.00000102 +00000-0 +80623-4 0  9993,2 33591 099.0029 234.1101 0013472 200.4848 159.5785 14.11986126343556
1 33591U 09005A   15284.52256899  .00000124  00000-0  92431-4 0  9991,2 33591  99.0030 234.7503 0013502 198.5903 161.4777 14.11986372343908
1 33591U 09005A   15284.87687701 +.00000126 +00000-0 +93465-4 0  9999,2 33591 099.0031 235.1060 0013515 197.5409 162.5297 14.11986480343691
1 33591U 09005A   15285.51463128  .00000149  00000-0  10615-3 0  9996,2 33591  99.0032 235.7462 0013548 195.6704 164.4050 14.11986739344042
1 33591U 09005A   15285.86893915 +.00000151 +00000-0 +10716-3 0  9990,2 33591 099.0033 236.1019 0013566 194.6573 165.4207 14.11986867343832
1 33591U 09005A   15286.50669327  .00000146  00000-0  10450-3 0  9999,2 33591  99.0034 236.7422 0013599 192.7923 167.2905 14.11987042344181
1 33591U 09005A   15286.93186261 +.00000138 +00000-0 +99967-4 0  9999,2 33591 099.0035 237.1690 0013617 191.5637 168.5223 14.11987166343985
1 33591U 09005A   15287.49875493  .00000158  00000-0  11076-3 0  9999,2 33591  99.0036 237.7381 0013649 189.9280 170.1624 14.11987486344327
1 33591U 09005A   15287.92392414 +.00000147 +00000-0 +10516-3 0  9990,2 33591 099.0037 238.1649 0013669 188.6991 171.3945 14.11987623344127
1 33591U 09005A   15288.77426238  .00000136  00000-0  99177-4 0  9995,2 33591  99.0039 239.0186 0013717 186.3397 173.7603 14.11987935344509
1 33591U 09005A   15288.91598536 +.00000146 +00000-0 +10435-3 0  9992,2 33591 099.0039 239.1609 0013723 185.9362 174.1649 14.11988066344268
1 33591U 09005A   15289.48287746  .00000136  00000-0  99078-4 0  9993,2 33591  99.0041 239.7300 0013754 184.3392 175.7662 14.11988261344602
1 33591U 09005A   15289.83718494 +.00000140 +00000-0 +10122-3 0  9998,2 33591 099.0042 240.0857 0013775 183.3318 176.7764 14.11988442344396
1 33591U 09005A   15290.54579989  .00000129  00000-0  94846-4 0  9995,2 33591  99.0043 240.7972 0013809 181.3390 178.7746 14.11988686344750
1 33591U 09005A   15290.90010728 +.00000135 +00000-0 +98452-4 0  9990,2 33591 099.0044 241.1529 0013825 180.3488 179.7676 14.11988888344543
1 33591U 09005A   15291.46699905  .00000151  00000-0  10696-3 0  9993,2 33591  99.0045 241.7221 0013855 178.7214 181.3995 14.11989186344882
1 33591U 09005A   15291.89216778 +.00000165 +00000-0 +11487-3 0  9997,2 33591 099.0046 242.1490 0013875 177.5075 182.6168 14.11989444344681
1 33591U 09005A   15292.52992086  .00000192  00000-0  12976-3 0  9995,2 33591  99.0047 242.7893 0013908 175.6533 184.4761 14.11989785345037
1 33591U 09005A   15292.52992086  .00000192  00000-0  12976-3 0  9995,2 33591  99.0047 242.7893 0013908 175.6533 184.4761 14.11989785345037
1 33591U 09005A   15292.88422805 +.00000202 +00000-0 +13513-3 0  9991,2 33591 099.0047 243.1451 0013923 174.6289 185.5034 14.11989986344820
1 33591U 09005A   15293.45111952  .00000214  00000-0  14175-3 0  9991,2 33591  99.0048 243.7143 0013955 172.9973 187.1396 14.11990226345167
1 33591U 09005A   15293.87628797 +.00000220 +00000-0 +14504-3 0  9990,2 33591 099.0049 244.1412 0013975 171.8000 188.3402 14.11990431344969
1 33591U 09005A   15294.51404052  .00000231  00000-0  15080-3 0  9990,2 33591  99.0050 244.7816 0014009 170.0024 190.1429 14.11990732345315
1 33591U 09005A   15294.51404052  .00000231  00000-0  15080-3 0  9990,2 33591  99.0050 244.7816 0014009 170.0024 190.1429 14.11990732345315
1 33591U 09005A   15294.86834736 +.00000240 +00000-0 +15571-3 0  9999,2 33591 099.0050 245.1373 0014030 169.0267 191.1213 14.11990958345108
1 33591U 09005A   15295.78954505  .00000224  00000-0  14715-3 0  9999,2 33591  99.0052 246.0623 0014073 166.4175 193.7378 14.11991335345496
1 33591U 09005A   15295.86040639  .00000223  00000-0  14657-3 0  9996,2 33591  99.0052 246.1335 0014076 166.2207 193.9351 14.11991371345509
1 33591U 09005A   15296.49815826  .00000234  00000-0  15242-3 0  9997,2 33591  99.0054 246.7739 0014109 164.4722 195.6884 14.11991809345599
1 33591U 09005A   15296.92332618 +.00000215 +00000-0 +14192-3 0  9990,2 33591 099.0054 247.2008 0014131 163.2871 196.8768 14.11991958345398
1 33591U 09005A   15297.49021650  .00000214  00000-0  14137-3 0  9992,2 33591  99.0056 247.7700 0014159 161.7400 198.4282 14.11992328345734
1 33591U 09005A   15297.84452296 +.00000197 +00000-0 +13195-3 0  9998,2 33591 099.0056 248.1258 0014173 160.7439 199.4270 14.11992459345524
1 33591U 09005A   15298.48227445  .00000170  00000-0  11743-3 0  9993,2 33591  99.0058 248.7662 0014204 158.9978 201.1779 14.11992711345877
1 33591U 09005A   15298.83658074 +.00000158 +00000-0 +11111-3 0  9993,2 33591 099.0058 249.1220 0014219 158.0557 202.1226 14.11992875345668
1 33591U 09005A   15299.47433205  .00000140  00000-0  10097-3 0  9994,2 33591  99.0060 249.7624 0014249 156.3065 203.8765 14.11993112346014
1 33591U 09005A   15299.89949952 +.00000142 +00000-0 +10212-3 0  9992,2 33591 099.0061 250.1893 0014268 155.1439 205.0422 14.11993343345819
1 33591U 09005A   15300.53725065  .00000144  00000-0  10343-3 0  9990,2 33591  99.0062 250.8298 0014304 153.3587 206.8322 14.11993620346166
1 33591U 09005A   15300.89155678 +.00000151 +00000-0 +10704-3 0  9995,2 33591 099.0063 251.1856 0014322 152.3911 207.8024 14.11993809345956
1 33591U 09005A   15301.52930775  .00000161  00000-0  11270-3 0  9995,2 33591  99.0064 251.8261 0014355 150.6071 209.5910 14.11994073346305
1 33591U 09005A   15301.88361379 +.00000166 +00000-0 +11501-3 0  9994,2 33591 099.0065 252.1819 0014371 149.6311 210.5695 14.11994229346093
1 33591U 09005A   15302.59222571  .00000189  00000-0  12808-3 0  9999,2 33591  99.0066 252.8936 0014409 147.6828 212.5228 14.11994558346453
1 33591U 09005A   15302.94653161 +.00000198 +00000-0 +13260-3 0  9994,2 33591 099.0067 253.2494 0014424 146.7051 213.5030 14.11994738346242
1 33591U 09005A   15303.44255975  .00000208  00000-0  13806-3 0  9999,2 33591  99.0068 253.7475 0014446 145.3436 214.8679 14.11994957346575
1 33591U 09005A   15303.86772668 +.00000207 +00000-0 +13755-3 0  9990,2 33591 099.0069 254.1745 0014462 144.1956 216.0187 14.11995126346378
1 33591U 09005A   15304.50547693  .00000205  00000-0  13628-3 0  9997,2 33591  99.0070 254.8150 0014491 142.4506 217.7680 14.11995357346722
1 33591U 09005A   15304.85978258 +.00000198 +00000-0 +13256-3 0  9998,2 33591 099.0070 255.1708 0014503 141.4926 218.7282 14.11995481346518
1 33591U 09005A   15305.56839360  .00000224  00000-0  14674-3 0  9992,2 33591  99.0072 255.8825 0014531 139.6002 220.6251 14.11995954346874
1 33591U 09005A   15305.85183796 +.00000216 +00000-0 +14246-3 0  9995,2 33591 099.0072 256.1671 0014543 138.8226 221.4045 14.11996083346659
1 33591U 09005A   15306.48958767  .00000222  00000-0  14593-3 0  9995,2 33591  99.0074 256.8076 0014569 137.1240 223.1070 14.11996439347005
1 33591U 09005A   15306.91475408 +.00000172 +00000-0 +11830-3 0  9994,2 33591 099.0074 257.2346 0014583 135.9690 224.2645 14.11996418346805
1 33591U 09005A   15307.55250352  .00000181  00000-0  12339-3 0  9999,2 33591  99.0076 257.8751 0014600 134.2970 225.9401 14.11996804347152
1 33591U 09005A   15307.83594768 +.00000177 +00000-0 +12109-3 0  9992,2 33591 099.0076 258.1598 0014612 133.5389 226.6998 14.11996951346931
1 33591U 09005A   15308.54455795  .00000169  00000-0  11694-3 0  9996,2 33591  99.0078 258.8715 0014632 131.6082 228.6345 14.11997282347298
1 33591U 09005A   15308.89886306 +.00000163 +00000-0 +11341-3 0  9993,2 33591 099.0078 259.2273 0014650 130.6441 229.6006 14.11997427347083
1 33591U 09005A   15309.46575119  .00000156  00000-0  10959-3 0  9990,2 33591  99.0079 259.7967 0014680 129.1032 231.1447 14.11997614347424
1 33591U 09005A   15309.89091717 +.00000158 +00000-0 +11090-3 0  9993,2 33591 099.0080 260.2237 0014698 127.9480 232.3021 14.11997807347228
1 33591U 09005A   15310.52866608  .00000161  00000-0  11260-3 0  9997,2 33591  99.0081 260.8643 0014724 126.2184 234.0350 14.11998019347577
1 33591U 09005A   15310.88297094 +.00000165 +00000-0 +11495-3 0  9997,2 33591 099.0081 261.2201 0014737 125.2665 234.9887 14.11998176347364
1 33591U 09005A   15311.52071946  .00000201  00000-0  13441-3 0  9999,2 33591  99.0082 261.8608 0014759 123.5832 236.6750 14.11998611347714
1 33591U 09005A   15311.87502425 +.00000189 +00000-0 +12770-3 0  9997,2 33591 099.0083 262.2166 0014777 122.5788 237.6813 14.11998674347505
1 33591U 09005A   15312.51277249  .00000197  00000-0  13201-3 0  9991,2 33591  99.0083 262.8572 0014797 120.9140 239.3488 14.11998957347857
1 33591U 09005A   15312.86707707 +.00000185 +00000-0 +12583-3 0  9995,2 33591 099.0084 263.2130 0014813 119.9580 240.3064 14.11999062347645
1 33591U 09005A   15313.50482498  .00000198  00000-0  13275-3 0  9997,2 33591  99.0085 263.8536 0014828 118.3155 241.9514 14.11999439347992
1 33591U 09005A   15313.78826847 +.00000194 +00000-0 +13029-3 0  9990,2 33591 099.0086 264.1383 0014833 117.5736 242.6944 14.11999563347778
1 33591U 09005A   15314.49687698  .00000190  00000-0  12818-3 0  9999,2 33591  99.0087 264.8501 0014845 115.7012 244.5694 14.11999939348139
1 33591U 09005A   15314.92204210 +.00000185 +00000-0 +12562-3 0  9992,2 33591 099.0088 265.2771 0014866 114.5786 245.6936 14.12000137347934
1 33591U 09005A   15315.48892869  .00000175  00000-0  11990-3 0  9990,2 33591  99.0089 265.8465 0014879 113.0805 247.1936 14.12000405348274
1 33591U 09005A   15315.91409357 +.00000152 +00000-0 +10751-3 0  9993,2 33591 099.0091 266.2736 0014872 111.9792 248.2961 14.12000547348073
1 33591U 09005A   15316.55184077  .00000148  00000-0  10536-3 0  9999,2 33591  99.0092 266.9142 0014884 110.3295 249.9477 14.12000854348426
1 33591U 09005A   15316.90614477 +.00000129 +00000-0 +94907-4 0  9994,2 33591 099.0093 267.2701 0014898 109.3914 250.8869 14.12000925348215
1 33591U 09005A   15316.97700557  .00000128  00000-0  94424-4 0  9999,2 33591  99.0093 267.3413 0014900 109.2012 251.0773 14.12000952348484
1 33591U 09005A   15317.89819562 +.00000144 +00000-0 +10334-3 0  9993,2 33591 099.0095 268.2667 0014919 106.7751 253.5058 14.12001483348358
1 33591U 09005A   15318.11077790  .00000151  00000-0  10714-3 0  9998,2 33591  99.0096 268.4803 0014929 106.2123 254.0692 14.12001593348646
1 33591U 09005A   15318.53594241  .00000166  00000-0  11534-3 0  9996,2 33591  99.0096 268.9074 0014933 105.0781 255.2043 14.12001843348701
1 33591U 09005A   15318.89024616 +.00000167 +00000-0 +11571-3 0  9991,2 33591 099.0097 269.2633 0014942 104.1289 256.1544 14.12001991348496
1 33591U 09005A   15319.45713204  .00000165  00000-0  11446-3 0  9991,2 33591  99.0098 269.8328 0014952 102.6392 257.6452 14.12002181348837
1 33591U 09005A   15319.88229634 +.00000185 +00000-0 +12585-3 0  9994,2 33591 099.0099 270.2599 0014961 101.4838 258.8014 14.12002424348631
1 33591U 09005A   15319.95315707  .00000176  00000-0  12095-3 0  9995,2 33591  99.0099 270.3311 0014965 101.2888 258.9966 14.12002401348903
1 33591U 09005A   15320.09487850  .00000179  00000-0  12249-3 0  9995,2 33591  99.0099 270.4734 0014971 100.9192 259.3665 14.12002449348929
1 33591U 09005A   15320.52004257  .00000212  00000-0  14044-3 0  9992,2 33591  99.0100 270.9006 0014967  99.8061 260.4801 14.12002806348983
1 33591U 09005A   15320.87434607 +.00000210 +00000-0 +13918-3 0  9993,2 33591 099.0100 271.2565 0014981 098.8483 261.4385 14.12002919348770
1 33591U 09005A   15321.51209198  .00000239  00000-0  15513-3 0  9994,2 33591  99.0101 271.8972 0014992  97.1671 263.1205 14.12003349349120
1 33591U 09005A   15321.72467394 +.00000237 +00000-0 +15388-3 0  9999,2 33591 099.0102 272.1107 0014996 096.6135 263.6744 14.12003424348898
1 33591U 09005A   15322.36241966  .00000235  00000-0  15275-3 0  9998,2 33591  99.0103 272.7514 0015012  94.9254 265.3632 14.12003752349249
1 33591U 09005A   15322.85844388 +.00000234 +00000-0 +15220-3 0  9998,2 33591 099.0103 273.2497 0015004 093.6126 266.6761 14.12004020349055
1 33591U 09005A   15323.49618910  .00000220  00000-0  14458-3 0  9996,2 33591  99.0104 273.8904 0015008  91.9245 268.3645 14.12004356349403
1 33591U 09005A   15323.85049199 +.00000206 +00000-0 +13726-3 0  9994,2 33591 099.0105 274.2464 0015009 091.0121 269.2769 14.12004492349199
1 33591U 09005A   15324.48823702  .00000183  00000-0  12478-3 0  9991,2 33591  99.0106 274.8871 0015008  89.3485 270.9405 14.12004769349542
1 33591U 09005A   15324.91340026 +.00000158 +00000-0 +11097-3 0  9990,2 33591 099.0107 275.3142 0015005 088.2434 272.0456 14.12004913349347
1 33591U 09005A   15325.55114493  .00000164  00000-0  11391-3 0  9992,2 33591  99.0108 275.9550 0014999  86.5677 273.7209 14.12005326349699
1 33591U 09005A   15325.90544747 +.00000153 +00000-0 +10795-3 0  9995,2 33591 099.0108 276.3109 0014998 085.6506 274.6378 14.12005489349488
1 33591U 09005A   15326.54319198  .00000158  00000-0  11089-3 0  9998,2 33591  99.0110 276.9517 0015002  83.9577 276.3303 14.12005866349831
1 33591U 09005A   15326.89749439 +.00000166 +00000-0 +11509-3 0  9997,2 33591 099.0110 277.3076 0015002 083.0297 277.2580 14.12006086349625
1 33591U 09005A   15327.53523866  .00000171  00000-0  11786-3 0  9996,2 33591  99.0112 277.9484 0015000  81.3401 278.9468 14.12006398349979
1 33591U 09005A   15327.81868052 +.00000174 +00000-0 +11946-3 0  9997,2 33591 099.0112 278.2332 0015001 080.6030 279.6836 14.12006536349753
1 33591U 09005A   15328.88158725 +.00000167 +00000-0 +11564-3 0  9992,2 33591 099.0114 279.3012 0015007 077.8110 282.4741 14.12006897349909
1 33591U 09005A   15329.51933105  .00000191  00000-0  12862-3 0  9995,2 33591  99.0115 279.9420 0015006  76.1352 284.1488 14.12007238350255
1 33591U 09005A   15329.87363314 +.00000195 +00000-0 +13083-3 0  9993,2 33591 099.0115 280.2979 0015013 075.1944 285.0889 14.12007393350047
1 33591U 09005A   15329.94449356  .00000173  00000-0  11903-3 0  9997,2 33591  99.0116 280.3691 0015010  75.0097 285.2734 14.12007295350317
1 33591U 09005A   15330.51137673  .00000187  00000-0  12678-3 0  9993,2 33591  99.0117 280.9387 0015013  73.5279 286.7541 14.12007571350391
1 33591U 09005A   15330.86567864 +.00000186 +00000-0 +12628-3 0  9994,2 33591 099.0117 281.2947 0015010 072.5818 287.6993 14.12007720350186
1 33591U 09005A   15330.86567864 +.00000186 +00000-0 +12628-3 0  9994,2 33591 099.0117 281.2947 0015010 072.5818 287.6993 14.12007720350186
1 33591U 09005A   15331.50342188  .00000187  00000-0  12646-3 0  9997,2 33591  99.0118 281.9355 0014999  70.9078 289.3716 14.12008003350538
1 33591U 09005A   15331.85772358 +.00000186 +00000-0 +12596-3 0  9994,2 33591 099.0119 282.2915 0014989 069.9768 290.3015 14.12008180350325
1 33591U 09005A   15332.49546659  .00000182  00000-0  12411-3 0  9990,2 33591  99.0121 282.9323 0014974  68.2869 291.9894 14.12008466350673
1 33591U 09005A   15332.92062849 +.00000166 +00000-0 +11511-3 0  9994,2 33591 099.0121 283.3595 0014964 067.1603 293.1147 14.12008606350471
1 33591U 09005A   15333.48751098  .00000161  00000-0  11250-3 0  9992,2 33591  99.0123 283.9291 0014946  65.6606 294.6124 14.12008862350811
1 33591U 09005A   15333.91267278 +.00000137 +00000-0 +99406-4 0  9995,2 33591 099.0124 284.3563 0014939 064.5303 295.7412 14.12008957350618
1 33591U 09005A   15334.55041534  .00000155  00000-0  10913-3 0  9996,2 33591  99.0125 284.9972 0014933  62.8505 297.4187 14.12009355350967
1 33591U 09005A   15334.83385640 +.00000154 +00000-0 +10877-3 0  9994,2 33591 099.0126 285.2820 0014922 062.0973 298.1707 14.12009506350743
1 33591U 09005A   15335.54245911  .00000149  00000-0  10573-3 0  9996,2 33591  99.0127 285.9941 0014922  60.2355 300.0298 14.12009753351102
1 33591U 09005A   15335.89676035 +.00000157 +00000-0 +11014-3 0  9999,2 33591 099.0128 286.3501 0014914 059.3031 300.9608 14.12009943350891
1 33591U 09005A   15336.53450252  .00000160  00000-0  11223-3 0  9998,2 33591  99.0129 286.9910 0014903  57.6103 302.6508 14.12010182351246
1 33591U 09005A   15336.88880372 +.00000159 +00000-0 +11138-3 0  9999,2 33591 099.0129 287.3470 0014900 056.6862 303.5734 14.12010294351032
1 33591U 09005A   15336.95966395  .00000158  00000-0  11069-3 0  9999,2 33591  99.0129 287.4182 0014900  56.4965 303.7627 14.12010313351300
1 33591U 09005A   15337.88084673 +.00000161 +00000-0 +11264-3 0  9993,2 33591 099.0130 288.3439 0014878 054.0500 306.2048 14.12010618351178
1 33591U 09005A   15337.95170694  .00000158  00000-0  11078-3 0  9999,2 33591  99.0130 288.4152 0014875  53.8453 306.4092 14.12010629351445
1 33591U 09005A   15338.87288937 +.00000174 +00000-0 +11959-3 0  9997,2 33591 099.0131 289.3409 0014855 051.4047 308.8452 14.12011017351316
1 33591U 09005A   15339.15633006  .00000167  00000-0  11595-3 0  9998,2 33591  99.0132 289.6257 0014848  50.6664 309.5820 14.12011071351619
1 33591U 09005A   15339.51063083  .00000184  00000-0  12492-3 0  9996,2 33591  99.0132 289.9818 0014837  49.7181 310.5285 14.12011301351664
1 33591U 09005A   15339.86493152 +.00000194 +00000-0 +13047-3 0  9996,2 33591 099.0132 290.3378 0014826 048.7511 311.4935 14.12011518351454
1 33591U 09005A   15340.50267270  .00000192  00000-0  12957-3 0  9996,2 33591  99.0133 290.9787 0014810  47.0530 313.1881 14.12011797351808
1 33591U 09005A   15340.92783333 +.00000192 +00000-0 +12948-3 0  9995,2 33591 099.0134 291.4059 0014791 045.8971 314.3415 14.12012035351600
1 33591U 09005A   15341.49471416  .00000170  00000-0  11736-3 0  9994,2 33591  99.0134 291.9756 0014774  44.4049 315.8304 14.12012213351949
1 33591U 09005A   15341.91987471 +.00000160 +00000-0 +11186-3 0  9992,2 33591 099.0135 292.4028 0014758 043.2774 316.9553 14.12012383351746
1 33591U 09005A   15342.48675536  .00000147  00000-0  10492-3 0  9995,2 33591  99.0136 292.9726 0014738  41.7873 318.4421 14.12012598352085
1 33591U 09005A   15342.91191580 +.00000119 +00000-0 +89632-4 0  9997,2 33591 099.0137 293.3998 0014721 040.6377 319.5890 14.12012664351884
1 33591U 09005A   15343.54965636  .00000130  00000-0  95689-4 0  9990,2 33591  99.0139 294.0407 0014704  38.9293 321.2934 14.12013008352239
1 33591U 09005A   15343.90395662 +.00000113 +00000-0 +86120-4 0  9997,2 33591 099.0139 294.3968 0014690 037.9821 322.2384 14.12013079352029
1 33591U 09005A   15344.47083699  .00000128  00000-0  94448-4 0  9992,2 33591  99.0141 294.9665 0014666  36.4571 323.7596 14.12013383352367
1 33591U 09005A   15344.89599712 +.00000144 +00000-0 +10342-3 0  9994,2 33591 099.0142 295.3938 0014649 035.3103 324.9036 14.12013650352163
1 33591U 09005A   15345.53373731  .00000155  00000-0  10912-3 0  9992,2 33591  99.0143 296.0348 0014628  33.5934 326.6161 14.12013899352518
1 33591U 09005A   15345.88803737 +.00000158 +00000-0 +11075-3 0  9998,2 33591 099.0144 296.3909 0014614 032.6463 327.5609 14.12014040352300
1 33591U 09005A   15346.52577736  .00000173  00000-0  11916-3 0  9998,2 33591  99.0145 297.0319 0014594  30.9233 329.2795 14.12014298352655
1 33591U 09005A   15346.88007733 +.00000176 +00000-0 +12088-3 0  9996,2 33591 099.0146 297.3880 0014584 029.9839 330.2165 14.12014424352442
1 33591U 09005A   15347.58867708  .00000194  00000-0  13041-3 0  9990,2 33591  99.0147 298.1002 0014563  28.0788 332.1165 14.12014712352809
1 33591U 09005A   15347.87211695 +.00000192 +00000-0 +12935-3 0  9999,2 33591 099.0147 298.3851 0014557 027.3149 332.8785 14.12014812352580
1 33591U 09005A   15348.50985650  .00000190  00000-0  12866-3 0  9990,2 33591  99.0149 299.0261 0014528  25.5950 334.5938 14.12015045352930
1 33591U 09005A   15348.86415611 +.00000194 +00000-0 +13075-3 0  9991,2 33591 099.0149 299.3822 0014506 024.6056 335.5804 14.12015229352723
1 33591U 09005A   15348.93501598  .00000203  00000-0  13548-3 0  9995,2 33591  99.0149 299.4534 0014505  24.4141 335.7714 14.12015323352992
1 33591U 09005A   15349.50189518  .00000223  00000-0  14631-3 0  9999,2 33591  99.0150 300.0232 0014480  22.8695 337.3118 14.12015716353078
1 33591U 09005A   15349.85619471 +.00000206 +00000-0 +13689-3 0  9996,2 33591 099.0150 300.3793 0014462 021.9066 338.2720 14.12015807352861
1 33591U 09005A   15350.56479356  .00000182  00000-0  12386-3 0  9998,2 33591  99.0151 301.0916 0014423  19.9842 340.1891 14.12016051353227
1 33591U 09005A   15350.91909294 +.00000160 +00000-0 +11211-3 0  9998,2 33591 099.0152 301.4477 0014408 018.9950 341.1756 14.12016142353015
1 33591U 09005A   15351.55683167  .00000149  00000-0  10611-3 0  9997,2 33591  99.0153 302.0887 0014378  17.2521 342.9135 14.12016430353368
1 33591U 09005A   15351.91113090 +.00000148 +00000-0 +10524-3 0  9992,2 33591 099.0153 302.4448 0014356 016.2649 343.8980 14.12016629353156
1 33591U 09005A   15352.54886945  .00000164  00000-0  11402-3 0  9992,2 33591  99.0155 303.0859 0014329  14.5231 345.6349 14.12017036353500
1 33591U 09005A   15352.90316857 +.00000137 +00000-0 +99601-4 0  9990,2 33591 099.0155 303.4420 0014308 013.5355 346.6197 14.12017089353297
1 33591U 09005A   15353.47004708  .00000180  00000-0  12284-3 0  9991,2 33591  99.0156 304.0118 0014286  11.9977 348.1532 14.12017572353631
1 33591U 09005A   15353.89520590 +.00000175 +00000-0 +12010-3 0  9990,2 33591 099.0157 304.4392 0014268 010.8189 349.3286 14.12017747353434
1 33591U 09005A   15354.46208424  .00000179  00000-0  12219-3 0  9998,2 33591  99.0158 305.0090 0014244   9.2701 350.8730 14.12018011353776
1 33591U 09005A   15354.88724293 +.00000175 +00000-0 +12042-3 0  9991,2 33591 099.0158 305.4364 0014226 008.1100 352.0298 14.12018174353576
1 33591U 09005A   15355.52498060  .00000220  00000-0  14487-3 0  9999,2 33591  99.0159 306.0774 0014202   6.3542 353.7807 14.12018736353920
1 33591U 09005A   15355.52498060  .00000220  00000-0  14487-3 0  9999,2 33591  99.0159 306.0774 0014202   6.3542 353.7807 14.12018736353920
1 33591U 09005A   15355.87927944 +.00000201 +00000-0 +13467-3 0  9991,2 33591 099.0159 306.4336 0014187 005.3982 354.7340 14.12018783353719
1 33591U 09005A   15356.58787681  .00000196  00000-0  13182-3 0  9999,2 33591  99.0160 307.1459 0014155   3.4254 356.7011 14.12019046354071
1 33591U 09005A   15356.87131577  .00000184  00000-0  12493-3 0  9999,2 33591  99.0161 307.4308 0014145   2.6511 357.4732 14.12019106354114
1 33591U 09005A   15356.87131577 +.00000184 +00000-0 +12493-3 0  9999,2 33591 099.0161 307.4308 0014145 002.6511 357.4732 14.12019106353854
1 33591U 09005A   15357.36733374  .00000184  00000-0  12523-3 0  9991,2 33591  99.0162 307.9294 0014117   1.2630 358.8574 14.12019340354186
1 33591U 09005A   15358.50108865  .00000190  00000-0  12821-3 0  9997,2 33591  99.0163 309.0691 0014060 358.0669   2.0446 14.12019960354345
1 33591U 09005A   15358.85538701 +.00000173 +00000-0 +11915-3 0  9995,2 33591 099.0164 309.4253 0014040 357.0519 003.0567 14.12020064354134
1 33591U 09005A   15359.49312390  .00000169  00000-0  11721-3 0  9990,2 33591  99.0165 310.0664 0014008 355.2596   4.8440 14.12020401354480
1 33591U 09005A   15359.84742217 +.00000150 +00000-0 +10666-3 0  9991,2 33591 099.0166 310.4226 0013988 354.2471 005.8537 14.12020503354274
1 33591U 09005A   15360.48515897  .00000135  00000-0  98417-4 0  9999,2 33591  99.0167 311.0637 0013956 352.4661   7.6299 14.12020758354620
1 33591U 09005A   15360.91031674 +.00000124 +00000-0 +92313-4 0  9990,2 33591 099.0168 311.4911 0013936 351.2194 008.8732 14.12020926354426
1 33591U 09005A   15361.54805337  .00000121  00000-0  90646-4 0  9999,2 33591  99.0169 312.1323 0013905 349.4156  10.6720 14.12021201354778
1 33591U 09005A   15361.90235148 +.00000111 +00000-0 +85437-4 0  9997,2 33591 099.0170 312.4885 0013888 348.4082 011.6767 14.12021303354565
1 33591U 09005A   15362.46922841  .00000123  00000-0  91734-4 0  9992,2 33591  99.0171 313.0584 0013862 346.8131  13.2676 14.12021557354904
1 33591U 09005A   15362.89438605 +.00000126 +00000-0 +93573-4 0  9995,2 33591 099.0172 313.4858 0013842 345.6114 014.4661 14.12021728354704
1 33591U 09005A   15363.53212249  .00000152  00000-0  10749-3 0  9993,2 33591  99.0173 314.1270 0013810 343.8467  16.2262 14.12022022355051
1 33591U 09005A   15363.53212249  .00000152  00000-0  10749-3 0  9993,2 33591  99.0173 314.1270 0013810 343.8467  16.2262 14.12022022355051
1 33591U 09005A   15363.88642047 +.00000150 +00000-0 +10669-3 0  9993,2 33591 099.0174 314.4832 0013794 342.8588 017.2116 14.12022134354842
1 33591U 09005A   15364.52415673  .00000173  00000-0  11905-3 0  9997,2 33591  99.0175 315.1244 0013763 341.0507  19.0150 14.12022410355190
1 33591U 09005A   15364.52415673  .00000173  00000-0  11905-3 0  9997,2 33591  99.0175 315.1244 0013763 341.0507  19.0150 14.12022410355190
1 33591U 09005A   15364.87845462  .00000177  00000-0  12123-3 0  9995,2 33591  99.0175 315.4806 0013748 340.0536  20.0096 14.12022543355245
1 33591U 09005A   15365.51619066  .00000193  00000-0  13031-3 0  9993,2 33591  99.0176 316.1218 0013717 338.2265  21.8321 14.12022818355330
1 33591U 09005A   15365.87048841 +.00000190 +00000-0 +12848-3 0  9991,2 33591 099.0176 316.4780 0013703 337.2075 022.8487 14.12022945355122
1 33591U 09005A   16001.50822423  .00000178  00000-0  12191-3 0  9992,2 33591  99.0177 317.1191 0013669 335.3668  24.6848 14.12023135355476
1 33591U 09005A   16001.86252186 +.00000169 +00000-0 +11711-3 0  9991,2 33591 099.0177 317.4754 0013655 334.3431 025.7061 14.12023254355264
1 33591U 09005A   16002.50025754  .00000146  00000-0  10455-3 0  9991,2 33591  99.0178 318.1166 0013623 332.4870  27.5579 14.12023410355618
1 33591U 09005A   16002.85455510 +.00000137 +00000-0 +99819-4 0  9998,2 33591 099.0178 318.4728 0013607 331.4678 028.5747 14.12023542355403
1 33591U 09005A   16003.49229060  .00000126  00000-0  93580-4 0  9995,2 33591  99.0179 319.1140 0013575 329.6360  30.4023 14.12023791355754
1 33591U 09005A   16003.84658801 +.00000127 +00000-0 +94061-4 0  9999,2 33591 099.0179 319.4702 0013562 328.5634 031.4725 14.12023983355549
1 33591U 09005A   16004.48432340  .00000107  00000-0  83157-4 0  9990,2 33591  99.0180 320.1114 0013537 326.7030  33.3289 14.12024173355895
1 33591U 09005A   16004.90948023 +.00000106 +00000-0 +82773-4 0  9999,2 33591 099.0181 320.5389 0013519 325.4339 034.5952 14.12024375355694
1 33591U 09005A   16005.54721551  .00000101  00000-0  80123-4 0  9997,2 33591  99.0182 321.1802 0013493 323.5739  36.4513 14.12024606356047
1 33591U 09005A   16005.54721551  .00000101  00000-0  80123-4 0  9997,2 33591  99.0182 321.1802 0013493 323.5739  36.4513 14.12024606356047
1 33591U 09005A   16005.90151283 +.00000095 +00000-0 +76616-4 0  9990,2 33591 099.0182 321.5364 0013481 322.5194 037.5036 14.12024731355832
1 33591U 09005A   16006.53924793  .00000119  00000-0  89607-4 0  9995,2 33591  99.0184 322.1776 0013452 320.6669  39.3524 14.12025087356188
1 33591U 09005A   16006.89354523 +.00000117 +00000-0 +88680-4 0  9990,2 33591 099.0184 322.5339 0013436 319.6369 040.3804 14.12025201355971
1 33591U 09005A   16007.46042087  .00000120  00000-0  90442-4 0  9996,2 33591  99.0185 323.1039 0013411 318.0224  41.9918 14.12025380356312
1 33591U 09005A   16007.88557752 +.00000130 +00000-0 +96013-4 0  9993,2 33591 099.0186 323.5314 0013394 316.7534 043.2585 14.12025547356110
1 33591U 09005A   16008.52331249  .00000137  00000-0  99457-4 0  9998,2 33591  99.0187 324.1727 0013366 314.9318  45.0768 14.12025724356463
1 33591U 09005A   16008.87760963 +.00000141 +00000-0 +10148-3 0  9999,2 33591 099.0188 324.5290 0013353 313.8741 046.1326 14.12025846356251
1 33591U 09005A   16009.51534447  .00000142  00000-0  10214-3 0  9992,2 33591  99.0189 325.1703 0013323 312.0021  48.0015 14.12026015356601
1 33591U 09005A   16009.86964153 +.00000133 +00000-0 +97145-4 0  9990,2 33591 099.0189 325.5265 0013311 310.9476 049.0542 14.12026089356399
1 33591U 09005A   16010.50737619  .00000131  00000-0  96229-4 0  9998,2 33591  99.0190 326.1678 0013287 309.0646  50.9342 14.12026289356746
1 33591U 09005A   16010.86167313 +.00000131 +00000-0 +96455-4 0  9996,2 33591 099.0191 326.5240 0013279 307.9929 052.0042 14.12026435356538
1 33591U 09005A   16010.93253251  .00000131  00000-0  96403-4 0  9994,2 33591  99.0191 326.5953 0013277 307.7778  52.2190 14.12026467356808
1 33591U 09005A   16011.49940762  .00000124  00000-0  92325-4 0  9997,2 33591  99.0192 327.1653 0013256 306.0910  53.9033 14.12026657356883
1 33591U 09005A   16011.85370446 +.00000128 +00000-0 +94502-4 0  9996,2 33591 099.0193 327.5216 0013253 304.9948 054.9978 14.12026837356674
1 33591U 09005A   16012.84573557  .00000146  00000-0  10466-3 0  9990,2 33591  99.0194 328.5192 0013226 302.0268  57.9617 14.12027389357074
1 33591U 09005A   16012.91659496 +.00000134 +00000-0 +97972-4 0  9990,2 33591 099.0195 328.5904 0013224 301.8059 058.1824 14.12027350356822
1 33591U 09005A   16013.90862598 +.00000120 +00000-0 +90401-4 0  9994,2 33591 099.0196 329.5880 0013198 298.8534 061.1312 14.12027714356965
1 33591U 09005A   16013.97948535  .00000118  00000-0  89312-4 0  9993,2 33591  99.0196 329.6593 0013195 298.6539  61.3305 14.12027729357238
1 33591U 09005A   16014.54636015  .00000117  00000-0  88786-4 0  9997,2 33591  99.0197 330.2294 0013176 296.9786  63.0039 14.12027938357313
1 33591U 09005A   16015.53839088  .00000129  00000-0  95325-4 0  9992,2 33591  99.0199 331.2270 0013144 294.0244  65.9551 14.12028342357458
1 33591U 09005A   16015.53839088  .00000129  00000-0  95325-4 0  9992,2 33591  99.0199 331.2270 0013144 294.0244  65.9551 14.12028342357458
1 33591U 09005A   16015.89268755 +.00000137 +00000-0 +99630-4 0  9990,2 33591 099.0199 331.5833 0013132 292.9656 067.0129 14.12028495357247
1 33591U 09005A   16016.53042148  .00000158  00000-0  11078-3 0  9990,2 33591  99.0200 332.2247 0013114 291.0685  68.9083 14.12028777357599
1 33591U 09005A   16016.88471806 +.00000158 +00000-0 +11106-3 0  9997,2 33591 099.0200 332.5810 0013104 290.0080 069.9680 14.12028890357382
1 33591U 09005A   16017.52245185  .00000178  00000-0  12181-3 0  9994,2 33591  99.0201 333.2223 0013084 288.1031  71.8714 14.12029164357734
1 33591U 09005A   16017.87674835 +.00000176 +00000-0 +12063-3 0  9997,2 33591 099.0201 333.5786 0013077 287.0357 072.9381 14.12029287357527
1 33591U 09005A   16018.51448194  .00000176  00000-0  12079-3 0  9993,2 33591  99.0202 334.2200 0013063 285.0912  74.8814 14.12029495357878
1 33591U 09005A   16018.58534123  .00000176  00000-0  12075-3 0  9994,2 33591  99.0202 334.2913 0013063 284.8792  75.0932 14.12029517357882
1 33591U 09005A   16018.86877832 +.00000174 +00000-0 +11994-3 0  9999,2 33591 099.0202 334.5763 0013063 284.0088 075.9631 14.12029637357662
1 33591U 09005A   16019.50651173  .00000167  00000-0  11620-3 0  9997,2 33591  99.0203 335.2177 0013055 282.0708  77.9000 14.12029862358010
1 33591U 09005A   16019.86080805 +.00000168 +00000-0 +11647-3 0  9994,2 33591 099.0203 335.5740 0013056 280.9991 078.9711 14.12030027357802
1 33591U 09005A   16020.56940052  .00000147  00000-0  10480-3 0  9993,2 33591  99.0205 336.2867 0013052 278.8392  81.1301 14.12030250358168
1 33591U 09005A   16020.92369674 +.00000146 +00000-0 +10465-3 0  9990,2 33591 099.0205 336.6430 0013042 277.7821 082.1869 14.12030448357957
1 33591U 09005A   16021.49057067  .00000119  00000-0  89604-4 0  9995,2 33591  99.0206 337.2131 0013034 276.0632  83.9053 14.12030575358299
1 33591U 09005A   16021.91572607 +.00000107 +00000-0 +83050-4 0  9990,2 33591 099.0207 337.6407 0013034 274.7661 085.2021 14.12030713358099
1 33591U 09005A   16022.48259995  .00000098  00000-0  78184-4 0  9996,2 33591  99.0208 338.2109 0013013 273.0567  86.9115 14.12030919358438
1 33591U 09005A   16022.90775531 +.00000091 +00000-0 +74304-4 0  9995,2 33591 099.0209 338.6385 0013019 271.7540 088.2140 14.12031052358231
1 33591U 09005A   16023.54548835  .00000090  00000-0  74003-4 0  9996,2 33591  99.0210 339.2799 0013006 269.8230  90.1451 14.12031276358582
1 33591U 09005A   16023.89978444 +.00000092 +00000-0 +75019-4 0  9997,2 33591 099.0211 339.6363 0013008 268.7456 091.2224 14.12031412358373
1 33591U 09005A   16024.53751737  .00000105  00000-0  82178-4 0  9992,2 33591  99.0213 340.2777 0013000 266.7915  93.1769 14.12031638358726
1 33591U 09005A   16024.89181342 +.00000112 +00000-0 +85841-4 0  9998,2 33591 099.0214 340.6341 0013001 265.7159 094.2527 14.12031783358510
1 33591U 09005A   16025.52954627  .00000129  00000-0  95183-4 0  9991,2 33591  99.0215 341.2755 0012994 263.7772  96.1919 14.12032019358863
1 33591U 09005A   16025.88384229 +.00000122 +00000-0 +91218-4 0  9993,2 33591 099.0216 341.6319 0012993 262.6974 097.2721 14.12032061358652
1 33591U 09005A   16025.88384229 +.00000122 +00000-0 +91218-4 0  9993,2 33591 099.0216 341.6319 0012993 262.6974 097.2721 14.12032061358652
1 33591U 09005A   16026.52157508  .00000141  00000-0  10174-3 0  9995,2 33591  99.0217 342.2734 0012985 260.7675  99.2028 14.12032296359001
1 33591U 09005A   16026.94673017 +.00000140 +00000-0 +10106-3 0  9993,2 33591 099.0218 342.7011 0012991 259.4773 100.4934 14.12032421358804
1 33591U 09005A   16027.51360360  .00000148  00000-0  10577-3 0  9991,2 33591  99.0218 343.2713 0012991 257.7352 102.2364 14.12032620359149
1 33591U 09005A   16027.86789940 +.00000153 +00000-0 +10831-3 0  9997,2 33591 099.0219 343.6276 0013003 256.6670 103.3052 14.12032777358939
1 33591U 09005A   16028.57649100  .00000145  00000-0  10373-3 0  9991,2 33591  99.0220 344.3404 0013007 254.5133 105.4602 14.12032970359296
1 33591U 09005A   16028.85992762 +.00000139 +00000-0 +10091-3 0  9997,2 33591 099.0220 344.6255 0013011 253.6633 106.3107 14.12033069359079
1 33591U 09005A   16029.85195568  .00000123  00000-0  91732-4 0  9992,2 33591  99.0221 345.6234 0013025 250.6697 109.3066 14.12033393359471
1 33591U 09005A   16030.56054708  .00000110  00000-0  84648-4 0  9996,2 33591  99.0222 346.3362 0013035 248.5437 111.4344 14.12033616359573
1 33591U 09005A   16030.91484274 +.00000101 +00000-0 +79796-4 0  9998,2 33591 099.0222 346.6926 0013042 247.4689 112.5101 14.12033733359367
1 33591U 09005A   16031.48171577  .00000103  00000-0  81022-4 0  9997,2 33591  99.0223 347.2628 0013044 245.7495 114.2314 14.12033971359709
1 33591U 09005A   16031.90687046 +.00000116 +00000-0 +88009-4 0  9993,2 33591 099.0224 347.6905 0013057 244.4729 115.5092 14.12034211359505
1 33591U 09005A   16032.54460248  .00000129  00000-0  95417-4 0  9992,2 33591  99.0224 348.3321 0013064 242.5433 117.4410 14.12034510359859
1 33591U 09005A   16032.82803892 +.00000131 +00000-0 +96294-4 0  9996,2 33591 099.0225 348.6172 0013069 241.6865 118.2988 14.12034629359637
1 33591U 09005A   16033.53663001  .00000140  00000-0  10108-3 0  9990,2 33591  99.0225 349.3300 0013079 239.5582 120.4297 14.12034860359995
1 33591U 09005A   16033.89092553 +.00000125 +00000-0 +93098-4 0  9990,2 33591 099.0226 349.6864 0013086 238.4875 121.5018 14.12034900359780
1 33591U 09005A   16034.45779829  .00000145  00000-0  10403-3 0  9991,2 33591  99.0226 350.2567 0013088 236.7578 123.2340 14.12035163360120
1 33591U 09005A   16034.88295279 +.00000139 +00000-0 +10062-3 0  9994,2 33591 099.0227 350.6844 0013100 235.4717 124.5218 14.12035236359924
1 33591U 09005A   16034.95381188  .00000140  00000-0  10113-3 0  9996,2 33591  99.0227 350.7557 0013098 235.2623 124.7316 14.12035257360191
1 33591U 09005A   16035.59154351  .00000154  00000-0  10885-3 0  9998,2 33591  99.0228 351.3973 0013118 233.3422 126.6544 14.12035504360289
1 33591U 09005A   16035.87497978 +.00000150 +00000-0 +10683-3 0  9996,2 33591 099.0228 351.6824 0013129 232.4901 127.5078 14.12035590360064
1 33591U 09005A   16036.51271131  .00000141  00000-0  10181-3 0  9992,2 33591  99.0229 352.3240 0013146 230.5729 129.4279 14.12035755360417
1 33591U 09005A   16036.93786558 +.00000139 +00000-0 +10081-3 0  9998,2 33591 099.0230 352.7517 0013162 229.3017 130.7011 14.12035926360211
1 33591U 09005A   16037.50473786  .00000136  00000-0  99202-4 0  9998,2 33591  99.0231 353.3220 0013180 227.6159 132.3898 14.12036141360556
1 33591U 09005A   16037.85903303 +.00000127 +00000-0 +93903-4 0  9991,2 33591 099.0232 353.6784 0013191 226.5473 133.4601 14.12036249360344
1 33591U 09005A   16038.49676421  .00000125  00000-0  92938-4 0  9995,2 33591  99.0233 354.3200 0013214 224.6540 135.3567 14.12036531360690
1 33591U 09005A   16038.85105930 +.00000122 +00000-0 +91170-4 0  9991,2 33591 099.0234 354.6764 0013227 223.6008 136.4118 14.12036672360488
1 33591U 09005A   16039.55964930  .00000136  00000-0  98742-4 0  9999,2 33591  99.0235 355.3893 0013250 221.4911 138.5255 14.12037085360849
1 33591U 09005A   16039.84308532 +.00000131 +00000-0 +96213-4 0  9997,2 33591 099.0236 355.6745 0013258 220.6226 139.3957 14.12037201360621
1 33591U 09005A   16040.55167530  .00000117  00000-0  88864-4 0  9995,2 33591  99.0237 356.3874 0013286 218.5561 141.4662 14.12037426360987
1 33591U 09005A   16040.83511125 +.00000122 +00000-0 +91113-4 0  9996,2 33591 099.0238 356.6725 0013299 217.7128 142.3112 14.12037566360761
1 33591U 09005A   16041.54370107  .00000136  00000-0  99063-4 0  9995,2 33591  99.0239 357.3855 0013322 215.6096 144.4187 14.12037902361122
1 33591U 09005A   16041.89799603 +.00000115 +00000-0 +87322-4 0  9991,2 33591 099.0240 357.7419 0013333 214.5456 145.4849 14.12037903360917
1 33591U 09005A   16042.53572678  .00000145  00000-0  10401-3 0  9990,2 33591  99.0241 358.3836 0013345 212.6228 147.4119 14.12038246361269
1 33591U 09005A   16042.89002157 +.00000157 +00000-0 +11041-3 0  9993,2 33591 099.0241 358.7401 0013360 211.5787 148.4583 14.12038425361058
1 33591U 09005A   16043.52775210  .00000185  00000-0  12547-3 0  9994,2 33591  99.0242 359.3817 0013377 209.6547 150.3866 14.12038750361403
1 33591U 09005A   16043.88204681 +.00000188 +00000-0 +12711-3 0  9998,2 33591 099.0243 359.7382 0013391 208.6077 151.4361 14.12038887361197
1 33591U 09005A   16044.51977722  .00000193  00000-0  12986-3 0  9992,2 33591  99.0243   0.3799 0013407 206.6833 153.3649 14.12039105361547
1 33591U 09005A   16044.87407179 +.00000190 +00000-0 +12865-3 0  9998,2 33591 099.0244 000.7364 0013428 205.6448 154.4059 14.12039230361337
1 33591U 09005A   16045.51180189  .00000212  00000-0  14057-3 0  9999,2 33591  99.0245   1.3781 0013455 203.8143 156.2406 14.12039621361688
1 33591U 09005A   16045.86609630 +.00000208 +00000-0 +13812-3 0  9997,2 33591 099.0245 001.7345 0013474 202.8098 157.2476 14.12039777361474
1 33591U 09005A   16046.57468504  .00000188  00000-0  12738-3 0  9992,2 33591  99.0246   2.4475 0013510 200.7590 159.3033 14.12040017361833
1 33591U 09005A   16046.85812050 +.00000178 +00000-0 +12170-3 0  9991,2 33591 099.0246 002.7327 0013525 199.9453 160.1191 14.12040129361610
1 33591U 09005A   16047.56670897  .00000185  00000-0  12593-3 0  9998,2 33591  99.0247   3.4457 0013563 197.9520 162.1174 14.12040551361979
1 33591U 09005A   16047.92100310 +.00000184 +00000-0 +12526-3 0  9991,2 33591 099.0248 003.8022 0013577 196.9449 163.1271 14.12040797361764
1 33591U 09005A   16048.55873258  .00000157  00000-0  11058-3 0  9998,2 33591  99.0249   4.4439 0013610 195.1050 164.9716 14.12041009362111
1 33591U 09005A   16048.91302673 +.00000137 +00000-0 +99763-4 0  9994,2 33591 099.0249 004.8004 0013630 194.0890 165.9903 14.12041085361904
1 33591U 09005A   16049.55075610  .00000139  00000-0  10039-3 0  9993,2 33591  99.0251   5.4421 0013657 192.2355 167.8487 14.12041416362257
1 33591U 09005A   16049.90505015 +.00000121 +00000-0 +90506-4 0  9998,2 33591 099.0251 005.7987 0013675 191.2136 168.8732 14.12041486362041
1 33591U 09005A   16050.54277935  .00000143  00000-0  10258-3 0  9996,2 33591  99.0252   6.4404 0013704 189.3426 170.7492 14.12041859362394
1 33591U 09005A   16050.89707335 +.00000122 +00000-0 +91538-4 0  9994,2 33591 099.0253 006.7969 0013721 188.3114 171.7831 14.12041893362189
1 33591U 09005A   16051.53480246  .00000134  00000-0  98123-4 0  9995,2 33591  99.0254   7.4387 0013751 186.4394 173.6602 14.12042142362538
1 33591U 09005A   16051.88909643 +.00000127 +00000-0 +94147-4 0  9994,2 33591 099.0255 007.7952 0013769 185.4137 174.6887 14.12042211362323
1 33591U 09005A   16052.52682540  .00000136  00000-0  99189-4 0  9991,2 33591  99.0256   8.4370 0013801 183.5543 176.5533 14.12042414362675
1 33591U 09005A   16052.88111926 +.00000135 +00000-0 +98261-4 0  9994,2 33591 099.0257 008.7935 0013819 182.5277 177.5826 14.12042516362464
1 33591U 09005A   16053.44798930  .00000145  00000-0  10387-3 0  9996,2 33591  99.0258   9.3640 0013845 180.8674 179.2476 14.12042729362800
1 33591U 09005A   16053.87314181 +.00000142 +00000-0 +10196-3 0  9990,2 33591 099.0259 009.7919 0013865 179.6640 180.4543 14.12042838362603
1 33591U 09005A   16054.51087034  .00000151  00000-0  10707-3 0  9994,2 33591  99.0260  10.4337 0013898 177.8563 182.2670 14.12043103362953
1 33591U 09005A   16054.86516393 +.00000155 +00000-0 +10946-3 0  9996,2 33591 099.0261 010.7902 0013919 176.8892 183.2368 14.12043264362743
1 33591U 09005A   16055.50289229  .00000149  00000-0  10587-3 0  9997,2 33591  99.0263  11.4321 0013950 175.1155 185.0154 14.12043496363096
1 33591U 09005A   16055.85718584 +.00000136 +00000-0 +98829-4 0  9998,2 33591 099.0263 011.7886 0013968 174.1440 185.9897 14.12043574362886
1 33591U 09005A   16056.49491410  .00000119  00000-0  89507-4 0  9999,2 33591  99.0265  12.4304 0013995 172.3709 187.7677 14.12043764363236
1 33591U 09005A   16056.84920755 +.00000101 +00000-0 +79998-4 0  9991,2 33591 099.0265 012.7870 0014007 171.4082 188.7332 14.12043827363022
1 33591U 09005A   16056.84921683  .00000203  00000-0  11103-3 0  9998,2 33591  99.0253  12.7856 0014005 171.9082 188.2799 14.12044081363773
1 33591U 09005A   16057.55779439  .00000097  00000-0  77551-4 0  9998,2 33591  99.0267  13.5001 0014044 169.4404 190.7065 14.12044073363384
1 33591U 09005A   16057.84122911 +.00000095 +00000-0 +76449-4 0  9990,2 33591 099.0267 013.7854 0014055 168.6490 191.5001 14.12044179363162
1 33591U 09005A   16058.54981578  .00000105  00000-0  82189-4 0  9990,2 33591  99.0268  14.4986 0014096 166.6584 193.4962 14.12044479363524
1 33591U 09005A   16058.90410907 +.00000102 +00000-0 +80241-4 0  9997,2 33591 099.0268 014.8552 0014114 165.6684 194.4890 14.12044586363315
1 33591U 09005A   16059.54183695  .00000131  00000-0  96293-4 0  9995,2 33591  99.0269  15.4971 0014147 163.8535 196.3090 14.12044914363665
1 33591U 09005A   16059.89613021 +.00000136 +00000-0 +98890-4 0  9994,2 33591 099.0269 015.8536 0014167 162.8631 197.3021 14.12045044363451
1 33591U 09005A   16060.53385793  .00000141  00000-0  10187-3 0  9997,2 33591  99.0270  16.4955 0014197 161.0838 199.0863 14.12045219363804
1 33591U 09005A   16060.88815105 +.00000142 +00000-0 +10220-3 0  9999,2 33591 099.0270 016.8521 0014217 160.0924 200.0805 14.12045326363599
1 33591U 09005A   16061.52587862  .00000171  00000-0  11786-3 0  9997,2 33591  99.0271  17.4940 0014250 158.3014 201.8764 14.12045624363942
1 33591U 09005A   16061.88017164 +.00000175 +00000-0 +11995-3 0  9995,2 33591 099.0271 017.8506 0014268 157.3231 202.8574 14.12045756363736
1 33591U 09005A   16062.51789892  .00000177  00000-0  12119-3 0  9991,2 33591  99.0271  18.4925 0014298 155.5576 204.6276 14.12045967364085
1 33591U 09005A   16062.87219182 +.00000170 +00000-0 +11763-3 0  9997,2 33591 099.0272 018.8491 0014316 154.6097 205.5781 14.12046053363871
1 33591U 09005A   16063.50991889  .00000164  00000-0  11435-3 0  9998,2 33591  99.0273  19.4910 0014348 152.8623 207.3301 14.12046262364225
1 33591U 09005A   16063.86421163 +.00000152 +00000-0 +10779-3 0  9997,2 33591 099.0273 019.8476 0014364 151.9051 208.2898 14.12046367364013
1 33591U 09005A   16064.50193843  .00000154  00000-0  10895-3 0  9991,2 33591  99.0274  20.4895 0014396 150.1819 210.0176 14.12046671364361
1 33591U 09005A   16064.85623111 +.00000141 +00000-0 +10150-3 0  9995,2 33591 099.0275 020.8462 0014413 149.2198 210.9821 14.12046760364157
1 33591U 09005A   16065.56481630  .00000134  00000-0  97838-4 0  9993,2 33591  99.0277  21.5594 0014440 147.2721 212.9347 14.12047054364515
1 33591U 09005A   16065.91910883 +.00000113 +00000-0 +86162-4 0  9994,2 33591 099.0277 021.9160 0014456 146.3151 213.8942 14.12047120364304
1 33591U 09005A   16066.55683534  .00000115  00000-0  87660-4 0  9991,2 33591  99.0278  22.5579 0014487 144.5667 215.6469 14.12047420364657
1 33591U 09005A   16066.84026926 +.00000116 +00000-0 +88218-4 0  9990,2 33591 099.0279 022.8432 0014499 143.8294 216.3860 14.12047562364436
1 33591U 09005A   16067.54885395  .00000131  00000-0  96122-4 0  9991,2 33591  99.0281  23.5565 0014531 141.8824 218.3377 14.12047953364796
1 33591U 09005A   16067.90314628 +.00000125 +00000-0 +92971-4 0  9998,2 33591 099.0282 023.9131 0014544 140.9201 219.3024 14.12048071364582
1 33591U 09005A   16068.54087240  .00000130  00000-0  95477-4 0  9996,2 33591  99.0283  24.5551 0014571 139.1823 221.0442 14.12048302364936
1 33591U 09005A   16068.89516468 +.00000131 +00000-0 +96415-4 0  9997,2 33591 099.0284 024.9117 0014586 138.2158 222.0129 14.12048424364721
1 33591U 09005A   16069.53289067  .00000138  00000-0  10001-3 0  9994,2 33591  99.0285  25.5538 0014613 136.4662 223.7665 14.12048620365077
1 33591U 09005A   16069.88718281 +.00000142 +00000-0 +10213-3 0  9997,2 33591 099.0285 025.9104 0014627 135.5321 224.7027 14.12048748364867
1 33591U 09005A   16070.59576697  .00000156  00000-0  10999-3 0  9996,2 33591  99.0286  26.6237 0014667 133.6092 226.6299 14.12048997365220
1 33591U 09005A   16070.95005897 +.00000157 +00000-0 +11055-3 0  9990,2 33591 099.0287 026.9804 0014684 132.6618 227.5793 14.12049123365014
1 33591U 09005A   16071.51692607  .00000177  00000-0  12128-3 0  9998,2 33591  99.0287  27.5511 0014703 131.1304 229.1138 14.12049372365358
1 33591U 09005A   16071.58778442  .00000189  00000-0  12788-3 0  9992,2 33591  99.0287  27.6224 0014702 130.9338 229.3108 14.12049467365368
1 33591U 09005A   16071.87121790 +.00000185 +00000-0 +12566-3 0  9992,2 33591 099.0288 027.9077 0014710 130.1842 230.0619 14.12049573365149
1 33591U 09005A   16072.50894304  .00000190  00000-0  12811-3 0  9990,2 33591  99.0289  28.5498 0014736 128.4781 231.7714 14.12049876365492
1 33591U 09005A   16072.86323478 +.00000177 +00000-0 +12110-3 0  9995,2 33591 099.0289 028.9064 0014746 127.5460 232.7054 14.12049978365288
1 33591U 09005A   16073.50095977  .00000160  00000-0  11212-3 0  9991,2 33591  99.0290  29.5485 0014771 125.8611 234.3934 14.12050190365633
1 33591U 09005A   16073.85525140 +.00000153 +00000-0 +10797-3 0  9998,2 33591 099.0290 029.9051 0014785 124.9300 235.3262 14.12050319365421
1 33591U 09005A   16074.49297617  .00000123  00000-0  91611-4 0  9996,2 33591  99.0291  30.5472 0014806 123.2249 237.0344 14.12050476365777
1 33591U 09005A   16074.91812594 +.00000131 +00000-0 +96180-4 0  9995,2 33591 099.0292 030.9752 0014815 122.1088 238.1523 14.12050724365577
1 33591U 09005A   16075.48499214  .00000147  00000-0  10498-3 0  9992,2 33591  99.0293  31.5459 0014835 120.5883 239.6753 14.12051103365917
1 33591U 09005A   16075.48499214  .00000147  00000-0  10498-3 0  9992,2 33591  99.0293  31.5459 0014835 120.5883 239.6753 14.12051103365917
1 33591U 09005A   16075.91014174 +.00000143 +00000-0 +10243-3 0  9992,2 33591 099.0293 031.9740 0014838 119.4778 240.7876 14.12051274365713
1 33591U 09005A   16076.47700779  .00000158  00000-0  11066-3 0  9997,2 33591  99.0294  32.5447 0014860 117.9628 242.3049 14.12051612366051
1 33591U 09005A   16076.90215731 +.00000143 +00000-0 +10291-3 0  9997,2 33591 099.0295 032.9727 0014868 116.8311 243.4382 14.12051699365856
1 33591U 09005A   16077.53988147  .00000154  00000-0  10880-3 0  9991,2 33591  99.0296  33.6148 0014893 115.1180 245.1538 14.12051978366208
1 33591U 09005A   16077.89417261 +.00000145 +00000-0 +10370-3 0  9998,2 33591 099.0297 033.9715 0014902 114.1712 246.1018 14.12052057365991
1 33591U 09005A   16078.53189665  .00000151  00000-0  10690-3 0  9996,2 33591  99.0297  34.6136 0014931 112.4447 247.8307 14.12052262366341
1 33591U 09005A   16078.95704581 +.00000153 +00000-0 +10798-3 0  9993,2 33591 099.0298 035.0417 0014939 111.3126 248.9642 14.12052424366141
1 33591U 09005A   16079.52391136  .00000155  00000-0  10926-3 0  9990,2 33591  99.0298  35.6125 0014956 109.7988 250.4798 14.12052588366487
1 33591U 09005A   16079.94906040 +.00000156 +00000-0 +10964-3 0  9995,2 33591 099.0299 036.0405 0014965 108.6787 251.6010 14.12052747366284
1 33591U 09005A   16080.51592572  .00000158  00000-0  11092-3 0  9996,2 33591  99.0300  36.6113 0014976 107.1775 253.1037 14.12052938366628
1 33591U 09005A   16080.94107461 +.00000147 +00000-0 +10512-3 0  9996,2 33591 099.0301 037.0394 0014982 106.0793 254.2029 14.12053053366420
1 33591U 09005A   16081.43708152  .00000146  00000-0  10420-3 0  9992,2 33591  99.0302  37.5388 0014989 104.7680 255.5153 14.12053260366754
1 33591U 09005A   16081.86223025 +.00000134 +00000-0 +97674-4 0  9994,2 33591 099.0303 037.9669 0014988 103.6632 256.6209 14.12053378366816
1 33591U 09005A   16082.49995323  .00000120  00000-0  90194-4 0  9996,2 33591  99.0304  38.6090 0014999 102.0005 258.2848 14.12053593366908
1 33591U 09005A   16082.92510187 +.00000101 +00000-0 +79765-4 0  9995,2 33591 099.0305 039.0371 0015006 100.9012 259.3848 14.12053672366709
1 33591U 09005A   16083.49196660  .00000104  00000-0  81231-4 0  9998,2 33591  99.0306  39.6079 0015015  99.4114 260.8756 14.12053926367041
1 33591U 09005A   16084.48397966  .00000101  00000-0  79924-4 0  9993,2 33591  99.0309  40.6068 0015031  96.8308 263.4574 14.12054327367186
1 33591U 09005A   16084.90912806 +.00000085 +00000-0 +70918-4 0  9991,2 33591 099.0310 041.0349 0015027 095.7262 264.5623 14.12054384366984
1 33591U 09005A   16085.54685057  .00000096  00000-0  76853-4 0  9993,2 33591  99.0311  41.6771 0015039  94.0400 266.2490 14.12054628367331
1 33591U 09005A   16085.90114080 +.00000102 +00000-0 +80199-4 0  9992,2 33591 099.0311 042.0338 0015041 093.1079 267.1813 14.12054769367122
