1 40087U 14040B   14365.42203828  .00000852  00000-0  24568-3 0  9999,2 40087 047.0102 326.8544 0024685 105.7038 254.6572 14.52647008 24820
1 40087U 14040B   15001.86641674  .00001017  00000-0  28518-3 0  9993,2 40087 047.0106 320.0927 0024718 112.6031 247.7493 14.52650851 25031
1 40087U 14040B   15002.89811460  .00000774  00000-0  22679-3 0  9990,2 40087 047.0107 315.2627 0024776 117.3513 242.9902 14.52651609 25186
1 40087U 14040B   15004.06737035  .00000566  00000-0  17664-3 0  9993,2 40087 047.0104 309.7901 0024849 122.5993 237.7260 14.52652459 25359
1 40087U 14040B   15005.30540480  .00000603  00000-0  18560-3 0  9995,2 40087 047.0108 303.9951 0024889 128.0834 232.2314 14.52654603 25536
1 40087U 14040B   15007.78146141  .00001074  00000-0  29891-3 0  9997,2 40087 047.0110 292.4045 0024907 139.6991 220.5767 14.52661798 25892
1 40087U 14040B   15007.78147025  .00001425  00000-0  34250-3 0  9994,2 40087 047.0098 292.4087 0024921 139.9765 220.3454 14.52662193459466
1 40087U 14040B   15009.01948521  .00000960  00000-0  27136-3 0  9990,2 40087 047.0102 286.6089 0024925 145.0957 215.1511 14.52663951 26070
1 40087U 14040B   15010.25750752  .00001058  00000-0  29487-3 0  9995,2 40087 047.0104 280.8153 0025119 151.1249 209.1038 14.52667337 26257
1 40087U 14040B   15011.70186324  .00000944  00000-0  26752-3 0  9999,2 40087 047.0096 274.0535 0025186 157.7706 202.4292 14.52669997 26465
1 40087U 14040B   15012.73354504  .00000708  00000-0  21069-3 0  9994,2 40087 047.0084 269.2248 0025379 162.4248 197.7521 14.52670586 26611
1 40087U 14040B   15014.10911799  .00000741  00000-0  21851-3 0  9998,2 40087 047.0083 262.7854 0025312 168.6075 191.5388 14.52673133 26810
1 40087U 14040B   15015.14079675  .00000591  00000-0  18239-3 0  9990,2 40087 047.0083 257.9552 0025336 173.2000 186.9226 14.52674049 26969
1 40087U 14040B   15016.17247440  .00000507  00000-0  16216-3 0  9991,2 40087 047.0089 253.1257 0025360 177.9660 182.1334 14.52675269 27116
1 40087U 14040B   15017.20415130  .00000527  00000-0  16703-3 0  9992,2 40087 047.0090 248.2959 0025341 182.6203 177.4566 14.52676685 27260
1 40087U 14040B   15018.78605339  .00000415  00000-0  14017-3 0  9990,2 40087 047.0088 240.8899 0025346 189.6668 170.3694 14.52678096 27492
1 40087U 14040B   15019.81772801  .00000387  00000-0  13337-3 0  9996,2 40087 047.0086 236.0620 0025627 194.4365 165.5766 14.52679159 27643
1 40087U 14040B   15021.05573666  .00000431  00000-0  14394-3 0  9997,2 40087 047.0089 230.2677 0025872 199.8913 160.0965 14.52680806 27826
1 40087U 14040B   15022.15618750  .00000412  00000-0  13930-3 0  9997,2 40087 047.0089 225.1158 0025968 204.8785 155.0849 14.52682068 27987
1 40087U 14040B   15023.53174900  .00000574  00000-0  17830-3 0  9996,2 40087 047.0085 218.6760 0026074 211.0419 148.8941 14.52684807 28181
1 40087U 14040B   15024.63219833  .00000423  00000-0  14203-3 0  9997,2 40087 047.0086 213.5225 0025860 215.9867 143.9252 14.52685316 28349
1 40087U 14040B   15025.73264688  .00000388  00000-0  13359-3 0  9998,2 40087 047.0091 208.3717 0025871 220.9139 138.9790 14.52686615 28505
1 40087U 14040B   15026.76431614  .00000440  00000-0  14599-3 0  9993,2 40087 047.0098 203.5415 0025831 225.3571 134.5175 14.52688119 28655
1 40087U 14040B   15027.93354059  .00000650  00000-0  19661-3 0  9998,2 40087 047.0101 198.0680 0025815 230.7150 129.1455 14.52690850 28822
1 40087U 14040B   15029.44665195  .00000728  00000-0  21537-3 0  9993,2 40087 047.0098 190.9839 0025865 237.4201 122.4205 14.52693678 29045
1 40087U 14040B   15030.61587190  .00000770  00000-0  22547-3 0  9991,2 40087 047.0084 185.5108 0025859 242.7112 117.1106 14.52695870 29218
1 40087U 14040B   15030.61587190  .00000770  00000-0  22547-3 0  9991,2 40087 047.0084 185.5108 0025859 242.7112 117.1106 14.52695870 29218
1 40087U 14040B   15031.64753645  .00000757  00000-0  22234-3 0  9993,2 40087 047.0083 180.6810 0025863 247.4599 112.3529 14.52697770 29362
1 40087U 14040B   15032.95430904  .00000885  00000-0  25297-3 0  9992,2 40087 047.0083 174.5654 0026164 252.4470 107.3573 14.52700927 29552
1 40087U 14040B   15033.98597016  .00000876  00000-0  25083-3 0  9997,2 40087 047.0085 169.7342 0026105 257.1500 102.6469 14.52703035 29707
1 40087U 14040B   15035.36151553  .00001020  00000-0  28538-3 0  9993,2 40087 047.0092 163.2956 0026209 262.7700 097.0213 14.52706908 29902
1 40087U 14040B   15036.80583732  .00000907  00000-0  25826-3 0  9991,2 40087 047.0107 156.5329 0026118 269.4365 090.3533 14.52709600 30116
1 40087U 14040B   15037.83749367  .00000915  00000-0  26008-3 0  9995,2 40087 047.0109 151.7044 0026108 274.1736 085.6157 14.52712013 30260
1 40087U 14040B   15039.48813958  .00001141  00000-0  31443-3 0  9997,2 40087 047.0110 143.9770 0026067 281.5065 078.2859 14.52717079 30503
1 40087U 14040B   15040.51979102  .00001304  00000-0  35375-3 0  9996,2 40087 047.0109 139.1472 0026063 286.2163 073.5839 14.52720867 30655
1 40087U 14040B   15041.68899354  .00001550  00000-0  41281-3 0  9991,2 40087 047.0102 133.6737 0026025 291.4542 068.3592 14.52725619 30825
1 40087U 14040B   15042.78941619  .00001462  00000-0  39166-3 0  9996,2 40087 047.0105 128.5211 0026000 296.4023 063.4194 14.52728948 30989
1 40087U 14040B   15044.23371831  .00001365  00000-0  36817-3 0  9993,2 40087 047.0106 121.7589 0025988 302.8380 056.9998 14.52733046 31193
1 40087U 14040B   15050.28601388  .00000707  00000-0  21007-3 0  9992,2 40087 047.0086 093.4229 0025810 330.3592 029.5851 14.52742143 32071
1 40087U 14040B   15051.31764957  .00000800  00000-0  23237-3 0  9990,2 40087 047.0088 088.5954 0025659 334.9195 025.0398 14.52744603 32220
1 40087U 14040B   15052.48683878  .00000635  00000-0  19287-3 0  9997,2 40087 047.0094 083.1210 0025673 340.4821 019.5071 14.52745852 32398
1 40087U 14040B   15053.51847478  .00000517  00000-0  16449-3 0  9996,2 40087 047.0090 078.2903 0025641 345.2385 014.7755 14.52746804 32542
1 40087U 14040B   15055.03153788  .00000668  00000-0  20074-3 0  9995,2 40087 047.0082 071.2058 0025593 352.0811 007.9686 14.52749746 32762
1 40087U 14040B   15056.06317080  .00000590  00000-0  18196-3 0  9992,2 40087 047.0079 066.3754 0025656 356.9049 003.1653 14.52750748 32915
1 40087U 14040B   15057.50745531  .00000647  00000-0  19575-3 0  9993,2 40087 047.0075 059.6121 0025811 003.5908 356.5165 14.52753376 33123
1 40087U 14040B   15058.60786055  .00000650  00000-0  19648-3 0  9996,2 40087 047.0078 054.4603 0025643 008.5884 351.5435 14.52755028 33283
1 40087U 14040B   15059.98336611  .00000506  00000-0  16196-3 0  9992,2 40087 047.0077 048.0206 0025575 014.8896 345.2744 14.52756422 33481
1 40087U 14040B   15061.35886818  .00000655  00000-0  19758-3 0  9997,2 40087 047.0065 041.5806 0025480 021.1059 339.0870 14.52759122 33682
1 40087U 14040B   15062.39049271  .00000959  00000-0  27073-3 0  9992,2 40087 047.0062 036.7518 0025436 025.7992 334.4163 14.52762417 33834
1 40087U 14040B   15063.76598828  .00001169  00000-0  32107-3 0  9999,2 40087 047.0054 030.3103 0025481 032.0100 328.2351 14.52766762 34037
1 40087U 14040B   15064.86638286  .00001028  00000-0  28731-3 0  9996,2 40087 047.0053 025.1589 0025420 037.0073 323.2545 14.52768472 34190
1 40087U 14040B   15065.96677684  .00000785  00000-0  22898-3 0  9990,2 40087 047.0057 020.0074 0025445 042.0795 318.2023 14.52769585 34350
1 40087U 14040B   15066.99839303  .00000917  00000-0  26052-3 0  9995,2 40087 047.0055 015.1771 0025448 046.7201 313.5803 14.52772506 34501
1 40087U 14040B   15068.23633036  .00000953  00000-0  26925-3 0  9998,2 40087 047.0039 009.3812 0025404 052.4588 307.8592 14.52775058 34683
1 40087U 14040B   15069.61181237  .00000911  00000-0  25902-3 0  9990,2 40087 047.0054 002.9415 0025415 058.6240 301.7104 14.52778230 34882
1 40087U 14040B   15070.64342256  .00000885  00000-0  25294-3 0  9999,2 40087 047.0064 358.1124 0025497 062.8403 297.5052 14.52780361 35034
1 40087U 14040B   15071.88135268  .00000672  00000-0  20158-3 0  9997,2 40087 047.0068 352.3174 0025354 068.8294 291.5284 14.52781821 35218
1 40087U 14040B   15073.18805327  .00000865  00000-0  24809-3 0  9993,2 40087 047.0087 346.1994 0025311 074.7744 285.5947 14.52785385 35408
1 40087U 14040B   15074.76984446  .00000744  00000-0  21885-3 0  9995,2 40087 047.0084 338.7941 0025277 082.2693 278.1027 14.52787887 35633
1 40087U 14040B   15076.00776666  .00000536  00000-0  16894-3 0  9990,2 40087 047.0092 332.9983 0025273 088.1718 272.2029 14.52789016 35816
1 40087U 14040B   15077.10814005  .00000622  00000-0  18956-3 0  9999,2 40087 047.0098 327.8459 0025319 093.4175 266.9608 14.52791211 35970
1 40087U 14040B   15078.48360167  .00000994  00000-0  27888-3 0  9992,2 40087 047.0098 321.4055 0025362 099.7945 260.5813 14.52795780 36170
1 40087U 14040B   15079.51519463  .00001190  00000-0  32587-3 0  9993,2 40087 047.0098 316.5742 0025360 104.5487 255.8216 14.52799289 36321
1 40087U 14040B   15080.75310596  .00000705  00000-0  20951-3 0  9990,2 40087 047.0099 310.7767 0025407 110.1135 250.2461 14.52799567 36500
1 40087U 14040B   15081.85347122  .00000406  00000-0  13774-3 0  9990,2 40087 047.0099 305.6252 0025388 115.1995 245.1507 14.52799848 36662
1 40087U 14040B   15083.02260755  .00000381  00000-0  13185-3 0  9995,2 40087 047.0096 300.1505 0025415 120.5939 239.7459 14.52800919 36835
1 40087U 14040B   15084.05419682  .00000465  00000-0  15189-3 0  9993,2 40087 047.0087 295.3222 0025468 125.4110 234.9158 14.52802403 36988
1 40087U 14040B   15085.56719111  .00000554  00000-0  17324-3 0  9992,2 40087 047.0085 288.2388 0025541 132.7307 227.5755 14.52805067 37207
1 40087U 14040B   15086.59877554 -.00002747  00000-0 -61963-3 0  9998,2 40087 047.0079 283.4082 0025550 133.6694 226.4823 14.52784367 37356
1 40087U 14040B   15086.59879604  .00000191  00000-0  45763-4 0  9996,2 40087 047.0062 283.4186 0025387 137.3724 222.9630 14.52801381 37359
1 40087U 14040B   15086.94266230  .00000081  00000-0  19421-4 0  9990,2 40087 047.0043 281.8052 0025574 139.5878 220.7406 14.52799571 37404
1 40087U 14040B   15087.56163817 -.00006342  00000-0 -14848-2 0  9990,2 40087 047.0078 278.8995 0025742 140.4584 219.7858 14.52759604 37497
1 40087U 14040B   15088.59326796 -.00006863  00000-0 -16110-2 0  9993,2 40087 047.0082 274.0683 0025505 145.0759 215.1837 14.52744918 37642
1 40087U 14040B   15088.93714387 -.00005156  00000-0 -11997-2 0  9990,2 40087 047.0075 272.4594 0025876 147.2423 213.0438 14.52748839 37695
1 40087U 14040B   15089.83119985 -.00000039  00000-0  30750-4 0  9997,2 40087 047.0077 268.2765 0025459 152.5324 207.7178 14.52765543 37823
1 40087U 14040B   15090.86280278  .00000890  00000-0  25387-3 0  9999,2 40087 047.0074 263.4438 0025357 157.2380 202.9636 14.52771244 37972
1 40087U 14040B   15090.86280278  .00000890  00000-0  25387-3 0  9999,2 40087 047.0074 263.4438 0025357 157.2380 202.9636 14.52771244 37972
1 40087U 14040B   15091.96318446  .00000762  00000-0  22329-3 0  9991,2 40087 047.0078 258.2927 0025406 162.5551 197.6188 14.52772987 38131
1 40087U 14040B   15092.58216852 -.00001856  00000-0  00000+0 0  9992,2 40087 047.0054 255.3968 0026548 165.5831 194.6304 14.52753586 38221
1 40087U 14040B   15093.47620876  .00000691  00000-0  20604-3 0  9997,2 40087 047.0070 251.2075 0025371 169.3179 190.8258 14.52775292 38351
1 40087U 14040B   15094.64536084  .00000746  00000-0  21922-3 0  9999,2 40087 047.0082 245.7331 0025543 174.7062 185.4110 14.52777666 38522
1 40087U 14040B   15095.88328350  .00000906  00000-0  25783-3 0  9998,2 40087 047.0087 239.9363 0025660 180.1947 179.8922 14.52780886 38706
1 40087U 14040B   15098.35912517  .00000731  00000-0  21576-3 0  9999,2 40087 047.0089 228.3461 0025932 191.4816 168.5489 14.52784952 39062
1 40087U 14040B   15099.52827039  .00000642  00000-0  19427-3 0  9996,2 40087 047.0085 222.8720 0025876 196.6881 163.3126 14.52786311 39232
1 40087U 14040B   15100.69741458  .00000649  00000-0  19600-3 0  9997,2 40087 047.0086 217.3982 0025892 202.0012 157.9759 14.52788331 39402
1 40087U 14040B   15101.72900988  .00000875  00000-0  25015-3 0  9995,2 40087 047.0083 212.5684 0026005 206.5134 153.4436 14.52791400 39556
1 40087U 14040B   15102.76060299  .00001079  00000-0  29922-3 0  9990,2 40087 047.0073 207.7393 0026004 211.1807 148.7533 14.52794584 39704
1 40087U 14040B   15104.13605825  .00001108  00000-0  30600-3 0  9991,2 40087 047.0076 201.2983 0026063 217.3650 142.5421 14.52798163 39907
1 40087U 14040B   15105.37396579  .00000908  00000-0  25805-3 0  9999,2 40087 047.0075 195.5033 0026068 222.8645 137.0142 14.52800071 40089
1 40087U 14040B   15106.40555665  .00000819  00000-0  23671-3 0  9997,2 40087 047.0078 190.6723 0026038 227.6772 132.1925 14.52801752 40234
1 40087U 14040B   15107.64346075  .00001003  00000-0  28078-3 0  9999,2 40087 047.0093 184.8762 0026032 233.5376 126.3108 14.52805400 40411
1 40087U 14040B   15108.67504593  .00001129  00000-0  31111-3 0  9995,2 40087 047.0108 180.0448 0026067 238.1839 121.6507 14.52808430 40563
1 40087U 14040B   15110.18803485  .00001113  00000-0  30720-3 0  9994,2 40087 047.0092 172.9612 0026149 245.0849 114.7328 14.52812287 40780
1 40087U 14040B   15111.35716103  .00000802  00000-0  23246-3 0  9993,2 40087 047.0085 167.4872 0026231 250.2442 109.5557 14.52813149 40951
1 40087U 14040B   15112.59505899  .00000878  00000-0  25085-3 0  9994,2 40087 047.0083 161.6920 0026232 255.6611 104.1356 14.52816119 41136
1 40087U 14040B   15113.97049696  .00001130  00000-0  31104-3 0  9996,2 40087 047.0077 155.2509 0026274 261.7394 098.0524 14.52820473 41331
1 40087U 14040B   15115.07084603  .00001199  00000-0  32776-3 0  9997,2 40087 047.0074 150.0984 0026249 266.6703 093.1210 14.52823535 41495
1 40087U 14040B   15116.10242259  .00000842  00000-0  24211-3 0  9994,2 40087 047.0074 145.2682 0026194 271.5868 088.1986 14.52824032 41646
1 40087U 14040B   15117.47785771  .00000662  00000-0  19885-3 0  9997,2 40087 047.0076 138.8280 0026269 277.3798 082.4096 14.52825518 41840
1 40087U 14040B   15118.50943325  .00000544  00000-0  17064-3 0  9999,2 40087 047.0077 133.9978 0026213 281.8432 077.9509 14.52826480 41998
1 40087U 14040B   15120.15995181  .00000608  00000-0  18596-3 0  9992,2 40087 047.0078 126.2673 0026187 289.2800 070.5264 14.52829343 42233
1 40087U 14040B   15121.46661220  .00000374  00000-0  12974-3 0  9995,2 40087 047.0082 120.1490 0026177 295.2005 064.6152 14.52829746 42429
1 40087U 14040B   15123.11712928  .00000438  00000-0  14514-3 0  9994,2 40087 047.0084 112.4234 0026110 302.5754 057.2614 14.52832294 42660
1 40087U 14040B   15124.35501605  .00000450  00000-0  14800-3 0  9991,2 40087 047.0085 106.6264 0026158 308.4772 051.3746 14.52833659 42843
1 40087U 14040B   15125.73044436  .00000555  00000-0  17325-3 0  9999,2 40087 047.0081 100.1851 0026184 314.7247 045.1514 14.52836040 43040
1 40087U 14040B   15126.89955681  .00000522  00000-0  16541-3 0  9993,2 40087 047.0081 094.7088 0026237 319.8598 040.0345 14.52837372 43218
1 40087U 14040B   15127.93112827  .00000349  00000-0  12377-3 0  9996,2 40087 047.0076 089.8791 0026207 324.6400 035.2760 14.52837611 43360
1 40087U 14040B   15129.10024022  .00000427  00000-0  14254-3 0  9999,2 40087 047.0084 084.4057 0026161 329.8048 030.1345 14.52839335 43536
1 40087U 14040B   15130.33812069  .00000735  00000-0  21631-3 0  9991,2 40087 047.0081 078.6091 0026124 335.3890 024.5739 14.52842416 43710
1 40087U 14040B   15131.64477182  .00000601  00000-0  18443-3 0  9998,2 40087 047.0089 072.4914 0025947 341.1845 018.8076 14.52844060 43909
1 40087U 14040B   15132.95141963  .00000643  00000-0  19436-3 0  9997,2 40087 047.0091 066.3735 0025868 347.0589 012.9594 14.52846647 44091
1 40087U 14040B   15133.29528300 -.00001452  00000-0 -30816-3 0  9995,2 40087 047.0088 064.7653 0025353 347.2132 012.8081 14.52834817 44145
1 40087U 14040B   15133.91422859 -.00002683  00000-0 -60387-3 0  9999,2 40087 047.0082 061.8674 0025177 350.5716 009.4420 14.52825906 44237
1 40087U 14040B   15134.25809356 -.00005903  00000-0 -13779-2 0  9998,2 40087 047.0071 060.2551 0025289 353.3103 006.6824 14.52808795 44286
1 40087U 14040B   15134.73950550 -.00000238  00000-0  00000+0 0  9999,2 40087 047.0035 058.0151 0026489 356.7809 003.3381 14.52835573 44354
1 40087U 14040B   15135.35847459 -.00006863  00000-0 -16093-2 0  9994,2 40087 047.0083 055.1054 0025494 358.4874 001.5902 14.52793113 44445
1 40087U 14040B   15135.90866184 -.00005890  00000-0 -13750-2 0  9997,2 40087 047.0089 052.5259 0025724 001.0248 359.0838 14.52791767 44522
1 40087U 14040B   15136.32129323 -.00003318  00000-0 -75661-3 0  9994,2 40087 047.0108 050.5914 0025993 004.3476 355.7630 14.52800753 44582
1 40087U 14040B   15136.80270562 -.00002348  00000-0 -52367-3 0  9999,2 40087 047.0093 048.3397 0025214 004.7705 355.3876 14.52803838 44653
1 40087U 14040B   15137.28410359  .00000952  00000-0  26856-3 0  9993,2 40087 047.0084 046.0874 0025691 006.5717 353.5610 14.52815829 44727
1 40087U 14040B   15138.52200304  .00001067  00000-0  29619-3 0  9996,2 40087 047.0093 040.2905 0025698 012.2613 347.8889 14.52819363 44905
1 40087U 14040B   15139.82867484  .00000926  00000-0  26233-3 0  9990,2 40087 047.0095 034.1712 0025673 018.2902 341.8888 14.52821698 45093
1 40087U 14040B   15141.06657169  .00000920  00000-0  26102-3 0  9995,2 40087 047.0096 028.3736 0025623 023.9658 336.2407 14.52824423 45275
1 40087U 14040B   15142.09814933  .00000903  00000-0  25698-3 0  9993,2 40087 047.0101 023.5455 0025349 028.7055 331.5172 14.52826642 45425
1 40087U 14040B   15143.12972886  .00000667  00000-0  20032-3 0  9994,2 40087 047.0084 018.7178 0025479 033.4573 326.7891 14.52827338 45578
1 40087U 14040B   15144.84902433  .00000395  00000-0  13512-3 0  9998,2 40087 047.0081 010.6674 0025358 041.3309 318.9482 14.52828338 45826
1 40087U 14040B   15146.01814290  .00000339  00000-0  12155-3 0  9992,2 40087 047.0085 005.1935 0025235 046.7797 313.5149 14.52829241 45996
1 40087U 14040B   15147.59989185  .00000230  00000-0  95484-4 0  9999,2 40087 047.0090 357.7870 0025121 053.9908 306.3332 14.52830326 46221
1 40087U 14040B   15148.97532282  .00000260  00000-0  10277-3 0  9993,2 40087 047.0074 351.3513 0024837 060.2622 300.0728 14.52831379 46425
1 40087U 14040B   15150.07566701  .00000198  00000-0  87885-4 0  9990,2 40087 047.0074 346.1991 0024809 065.4197 294.9268 14.52831861 46583
1 40087U 14040B   15151.79495285  .00000277  00000-0  10663-3 0  9995,2 40087 047.0075 338.1488 0024759 073.5250 286.8351 14.52833452 46839
1 40087U 14040B   15152.96406572  .00000130  00000-0  71498-4 0  9998,2 40087 047.0074 332.6746 0024742 078.9840 281.3825 14.52833531 47004
1 40087U 14040B   15154.47703389  .00000151  00000-0  76487-4 0  9998,2 40087 047.0073 325.5903 0024710 086.1184 274.2524 14.52834599 47222
1 40087U 14040B   15155.78368665  .00000223  00000-0  93817-4 0  9993,2 40087 047.0072 319.4720 0024710 092.2746 268.0967 14.52835864 47411
1 40087U 14040B   15156.81525349  .00000251  00000-0  10042-3 0  9991,2 40087 047.0071 314.6418 0024707 097.1327 263.2367 14.52836726 47561
1 40087U 14040B   15157.91559045  .00000336  00000-0  12089-3 0  9990,2 40087 047.0070 309.4894 0024713 102.2613 258.1039 14.52837954 47724
1 40087U 14040B   15159.42855125  .00000500  00000-0  16023-3 0  9991,2 40087 047.0070 302.4049 0024717 109.3923 250.9635 14.52840190 47947
1 40087U 14040B   15159.84117617 +.00000547 +00000-0 +17138-3 0  9993,2 40087 047.0070 300.4729 0024736 111.2611 249.0917 14.52840955048006
1 40087U 14040B   15160.46011347  .00000556  00000-0  17363-3 0  9996,2 40087 047.0070 297.5747 0024743 114.1744 246.1730 14.52841701 48099
1 40087U 14040B   15160.80396728 +.00000567 +00000-0 +17636-3 0  9998,2 40087 047.0070 295.9648 0024755 115.7614 244.5828 14.52842187048142
1 40087U 14040B   15161.83552739  .00000684  00000-0  20418-3 0  9990,2 40087 047.0069 291.1344 0024775 120.5830 239.7501 14.52844258 48298
1 40087U 14040B   15162.86708588 +.00000711 +00000-0 +21077-3 0  9992,2 40087 047.0069 286.3043 0024800 125.3867 234.9338 14.52846039048443
1 40087U 14040B   15163.76110172 +.00000787 +00000-0 +22904-3 0  9991,2 40087 047.0068 282.1181 0024821 129.5849 230.7231 14.52847998048573
1 40087U 14040B   15164.79265724 +.00000763 +00000-0 +22320-3 0  9995,2 40087 047.0067 277.2879 0024851 134.3741 225.9184 14.52849667048724
1 40087U 14040B   15165.75544064 +.00000716 +00000-0 +21180-3 0  9990,2 40087 047.0066 272.7797 0024886 138.8744 221.4021 14.52851213048868
1 40087U 14040B   15166.30560223 +.00000632 +00000-0 +19168-3 0  9997,2 40087 047.0066 270.2034 0024904 141.4461 218.8206 14.52851687048941
1 40087U 14040B   15167.74977447  .00000532  00000-0  16787-3 0  9999,2 40087 047.0064 263.4412 0024971 148.1481 212.0919 14.52853565 49151
1 40087U 14040B   15168.64378467 +.00000463 +00000-0 +15115-3 0  9993,2 40087 047.0064 259.2551 0025016 152.2881 207.9341 14.52854593049287
1 40087U 14040B   15169.12517444  .00000450  00000-0  14800-3 0  9993,2 40087 047.0064 257.0009 0025032 154.5157 205.6966 14.52855227 49351
1 40087U 14040B   15169.33148437 +.00000388 +00000-0 +13318-3 0  9991,2 40087 047.0063 256.0348 0025048 155.4778 204.7302 14.52855173049388
1 40087U 14040B   15170.22549332  .00000342  00000-0  12228-3 0  9999,2 40087 047.0063 251.8486 0025087 159.5988 200.5903 14.52856126 49510
1 40087U 14040B   15171.46335125  .00000246  00000-0  99025-4 0  9993,2 40087 047.0061 246.0525 0025156 165.2566 194.9056 14.52857020 49699
1 40087U 14040B   15172.49489879  .00000171  00000-0  81211-4 0  9998,2 40087 047.0060 241.2223 0025215 170.0163 190.1226 14.52857594 49843
1 40087U 14040B   15173.66398548  .00000128  00000-0  70919-4 0  9995,2 40087 047.0058 235.7481 0025275 175.3872 184.7249 14.52858262 50013
1 40087U 14040B   15175.17691919  .00000252  00000-0  10064-3 0  9993,2 40087 047.0056 228.6636 0025359 182.2737 177.8035 14.52860241 50234
1 40087U 14040B   15176.48354432  .00000108  00000-0  65976-4 0  9997,2 40087 047.0054 222.5452 0025438 188.2112 171.8358 14.52860092 50429
1 40087U 14040B   15177.51508953  .00000093  00000-0  62397-4 0  9998,2 40087 047.0052 217.7148 0025493 192.8627 167.1609 14.52860668 50570
1 40087U 14040B   15178.54663451  .00000064  00000-0  55363-4 0  9990,2 40087 047.0052 212.8843 0025546 197.5281 162.4723 14.52861108 50727
1 40087U 14040B   15180.12833630  .00000012  00000-0  42938-4 0  9992,2 40087 047.0051 205.4775 0025634 204.6719 155.2940 14.52861702 50958
1 40087U 14040B   15181.43495955 -.00000029  00000-0  33089-4 0  9997,2 40087 047.0051 199.3591 0025688 210.5312 149.4077 14.52862015 51145
1 40087U 14040B   15182.46649254 -.00000036  00000-0  31346-4 0  9996,2 40087 047.0051 194.5288 0025736 215.1497 144.7689 14.52862341 51299
1 40087U 14040B   15183.49803711 -.00000040  00000-0  30378-4 0  9999,2 40087 047.0051 189.6983 0025777 219.7653 140.1341 14.52862667 51448
1 40087U 14040B   15185.14850849 -.00000026  00000-0  33742-4 0  9999,2 40087 047.0051 181.9696 0025853 227.1238 132.7474 14.52863238 51686
1 40087U 14040B   15186.45513140  .00000129  00000-0  71060-4 0  9992,2 40087 047.0051 175.8511 0025901 232.9266 126.9249 14.52864549 51875
1 40087U 14040B   15188.17437154  .00000170  00000-0  80833-4 0  9997,2 40087 047.0052 167.8002 0025950 240.5537 119.2756 14.52865612 52121
1 40087U 14040B   15189.41222405  .00000274  00000-0  10569-3 0  9999,2 40087 047.0053 162.0037 0025976 246.0592 113.7570 14.52866925 52308
1 40087U 14040B   15191.06269310  .00000146  00000-0  75092-4 0  9990,2 40087 047.0057 154.2749 0026016 253.3456 106.4570 14.52867592 52547
1 40087U 14040B   15192.09423617  .00000354  00000-0  12499-3 0  9998,2 40087 047.0058 149.4446 0026020 257.8905 101.9063 14.52869500 52695
1 40087U 14040B   15193.12577860  .00000326  00000-0  11821-3 0  9990,2 40087 047.0060 144.6142 0026014 262.4404 097.3524 14.52870331 52848
1 40087U 14040B   15194.29486010  .00000220  00000-0  92919-4 0  9996,2 40087 047.0061 139.1399 0026023 267.6057 092.1847 14.52870741 53019
1 40087U 14040B   15195.32640210  .00000249  00000-0  99857-4 0  9994,2 40087 047.0062 134.3097 0026016 272.1496 087.6409 14.52871812 53161
1 40087U 14040B   15196.83933051  .00000154  00000-0  76989-4 0  9995,2 40087 047.0063 127.2250 0025985 278.8210 080.9731 14.52872466 53389
1 40087U 14040B   15198.14595021  .00000098  00000-0  63473-4 0  9993,2 40087 047.0064 121.1067 0025961 284.6079 075.1927 14.52873127 53570
1 40087U 14040B   15199.24626136  .00000096  00000-0  62997-4 0  9995,2 40087 047.0066 115.9544 0025925 289.4667 070.3416 14.52873894 53738
1 40087U 14040B   15201.17180568  .00000047  00000-0  51472-4 0  9997,2 40087 047.0068 106.9379 0025858 298.0004 061.8264 14.52874863 54017
1 40087U 14040B   15203.78504365  .00000068  00000-0  56410-4 0  9991,2 40087 047.0069 094.7011 0025752 309.5867 050.2743 14.52876576 54391
1 40087U 14040B   15205.09166220  .00000095  00000-0  62899-4 0  9999,2 40087 047.0068 088.5827 0025668 315.3884 044.4934 14.52877523 54587
1 40087U 14040B   15206.12320323  .00000052  00000-0  52490-4 0  9999,2 40087 047.0068 083.7524 0025607 320.0041 039.8956 14.52877862 54734
1 40087U 14040B   15208.11751520  .00000053  00000-0  52893-4 0  9995,2 40087 047.0067 074.4134 0025480 328.8734 031.0640 14.52878922 55026
1 40087U 14040B   15209.21783553  .00000098  00000-0  63610-4 0  9996,2 40087 047.0069 069.2614 0025370 333.8109 026.1490 14.52865215 55189
1 40087U 14040B   15210.79954552  .00000078  00000-0  58766-4 0  9994,2 40087 047.0069 061.8545 0025209 340.8488 019.1446 14.52866588 55412
1 40087U 14040B   15210.79954552  .00000078  00000-0  58766-4 0  9994,2 40087 047.0069 061.8545 0025209 340.8488 019.1446 14.52866588 55412
1 40087U 14040B   15212.03740535  .00000099  00000-0  63992-4 0  9997,2 40087 047.0070 056.0578 0025177 346.4317 013.5887 14.52867114 55595
1 40087U 14040B   15213.55034426  .00000146  00000-0  75269-4 0  9993,2 40087 047.0070 048.9732 0025041 353.2657 006.7887 14.52868158 55818
1 40087U 14040B   15214.85697267  .00000141  00000-0  73907-4 0  9997,2 40087 047.0070 042.8547 0024945 359.1907 000.8932 14.52868844 56000
1 40087U 14040B   15215.95729087  .00000124  00000-0  69900-4 0  9994,2 40087 047.0071 037.7022 0024887 004.2052 355.9036 14.52869373 56160
1 40087U 14040B   15217.53899732  .00000131  00000-0  71698-4 0  9990,2 40087 047.0071 030.2954 0024785 011.4080 348.7361 14.52870294 56390
1 40087U 14040B   15218.84562353  .00000122  00000-0  69410-4 0  9990,2 40087 047.0073 024.1769 0024720 017.3902 342.7823 14.52870994 56580
1 40087U 14040B   15219.87716983  .00000167  00000-0  80247-4 0  9994,2 40087 047.0073 019.3464 0024673 022.1252 338.0691 14.52871836 56731
1 40087U 14040B   15220.90871536  .00000213  00000-0  91350-4 0  9995,2 40087 047.0075 014.5159 0024600 026.8643 333.3509 14.52872762 56887
1 40087U 14040B   15221.94026031  .00000156  00000-0  77514-4 0  9994,2 40087 047.0076 009.6857 0024542 031.6019 328.6333 14.52873151 57037
1 40087U 14040B   15223.52196143  .00000117  00000-0  68267-4 0  9994,2 40087 047.0077 002.2791 0024448 038.9016 321.3622 14.52873944 57262
1 40087U 14040B   15224.75981331  .00000082  00000-0  59788-4 0  9990,2 40087 047.0078 356.4829 0024371 044.6330 315.6511 14.52874547 57440
1 40087U 14040B   15225.79135581  .00000062  00000-0  55080-4 0  9992,2 40087 047.0078 351.6527 0024324 049.3927 310.9067 14.52875073 57599
1 40087U 14040B   15227.51059176  .00000075  00000-0  58229-4 0  9991,2 40087 047.0078 343.6020 0024234 057.3839 302.9379 14.52876127 57845
1 40087U 14040B   15228.74843992  .00000217  00000-0  92142-4 0  9994,2 40087 047.0077 337.8059 0024213 063.1173 297.2182 14.52877731 58025
1 40087U 14040B   15229.77997925  .00000203  00000-0  88967-4 0  9999,2 40087 047.0077 332.9756 0024172 067.9442 292.4005 14.52878353 58178
1 40087U 14040B   15230.74274877 +.00000151 +00000-0 +76427-4 0  9992,2 40087 047.0077 328.4672 0024147 072.4411 287.9108 14.52878676058311
1 40087U 14040B   15231.49920994  .00000101  00000-0  64506-4 0  9993,2 40087 047.0077 324.9250 0024124 075.9793 284.3770 14.52878909 58427
1 40087U 14040B   15231.70551750 +.00000097 +00000-0 +63365-4 0  9993,2 40087 047.0076 323.9590 0024118 076.9439 283.4134 14.52879007058450
1 40087U 14040B   15232.66828543  .00000075  00000-0  58178-4 0  9998,2 40087 047.0075 319.4508 0024088 081.4615 278.8997 14.52879527 58598
1 40087U 14040B   15234.59381962 +.00000054 +00000-0 +53260-4 0  9995,2 40087 047.0073 310.4343 0024060 090.4512 269.9128 14.52880541058876
1 40087U 14040B   15235.62535478 +.00000073 +00000-0 +57647-4 0  9997,2 40087 047.0071 305.6040 0024057 095.2617 265.1012 14.52881155059029
1 40087U 14040B   15236.65688939 +.00000057 +00000-0 +53964-4 0  9992,2 40087 047.0069 300.7735 0024054 100.0778 260.2821 14.52881508059175
1 40087U 14040B   15237.61965443  .00000048  00000-0  51721-4 0  9996,2 40087 047.0067 296.2651 0024053 104.5809 255.7744 14.52881832 59311
1 40087U 14040B   15239.54515226 +.00000285 +00000-0 +10851-3 0  9991,2 40087 047.0064 287.2481 0023963 113.6331 246.7071 14.52908452059590
1 40087U 14040B   15240.16406077  .00000037  00000-0  48931-4 0  9990,2 40087 047.0063 284.3496 0023969 116.5268 243.8076 14.52908380 59683
1 40087U 14040B   15240.50789863 +.00000060 +00000-0 +54619-4 0  9991,2 40087 047.0062 282.7395 0023981 118.0964 242.2347 14.52908687059736
1 40087U 14040B   15240.50789863 +.00000060 +00000-0 +54619-4 0  9991,2 40087 047.0062 282.7395 0023981 118.0964 242.2347 14.52908687059736
1 40087U 14040B   15241.53941161  .00000079  00000-0  58972-4 0  9992,2 40087 047.0061 277.9088 0024020 122.9255 237.3943 14.52909291 59887
1 40087U 14040B   15242.57092409  .00000031  00000-0  47498-4 0  9998,2 40087 047.0060 273.0780 0024035 127.6959 232.6109 14.52909572 60034
1 40087U 14040B   15243.53366856 +.00000018 +00000-0 +44559-4 0  9995,2 40087 047.0059 268.5693 0024067 132.1649 228.1284 14.52909963060179
1 40087U 14040B   15244.08380798  .00000012  00000-0  42931-4 0  9993,2 40087  47.0058 265.9929 0024080 134.7230 225.5619 14.52910176 60250
1 40087U 14040B   15244.49641260 +.00000005 +00000-0 +41405-4 0  9999,2 40087 047.0057 264.0607 0024095 136.6210 223.6575 14.52910293060314
1 40087U 14040B   15245.18408659 -.00000012  00000-0  37151-4 0  9991,2 40087  47.0056 260.8401 0024121 139.8198 220.4474 14.52910479 60419
1 40087U 14040B   15245.52792363 -.00000021 +00000-0 +34997-4 0  9992,2 40087 047.0055 259.2299 0024125 141.3808 218.8806 14.52910538060466
1 40087U 14040B   15246.42189950 -.00000031 +00000-0 +32761-4 0  9992,2 40087 047.0055 255.0432 0024158 145.5041 214.7416 14.52910773060597
1 40087U 14040B   15247.45340959 -.00000014  00000-0  36730-4 0  9995,2 40087  47.0054 250.2125 0024213 150.2694 209.9570 14.52911192 60741
1 40087U 14040B   15247.52217688 -.00000013 +00000-0 +37074-4 0  9996,2 40087 047.0054 249.8904 0024217 150.5880 209.6372 14.52911234060759
1 40087U 14040B   15248.48491915  .00000017  00000-0  44071-4 0  9997,2 40087  47.0054 245.3817 0024251 154.9981 205.2082 14.52911708 60892
1 40087U 14040B   15248.96629014 +.00000020 +00000-0 +44786-4 0  9990,2 40087 047.0054 243.1272 0024268 157.2153 202.9813 14.52911892060966
1 40087U 14040B   15249.44766092 +.00000039 +00000-0 +49457-4 0  9992,2 40087 047.0054 240.8729 0024309 159.4340 200.7527 14.52912211061038
1 40087U 14040B   15250.13533346  .00000029  00000-0  47144-4 0  9994,2 40087  47.0055 237.6523 0024341 162.5905 197.5818 14.52912431 61134
1 40087U 14040B   15250.41040245 +.00000033 +00000-0 +48092-4 0  9994,2 40087 047.0055 236.3642 0024357 163.8507 196.3158 14.52912555061176
1 40087U 14040B   15251.16684178  .00000059  00000-0  54135-4 0  9999,2 40087  47.0056 232.8216 0024406 167.3338 192.8164 14.52913047 61288
1 40087U 14040B   15251.37314344 +.00000053 +00000-0 +52901-4 0  9990,2 40087 047.0056 231.8556 0024419 168.2777 191.8679 14.52913107061316
1 40087U 14040B   15252.40465124  .00000043  00000-0  50396-4 0  9993,2 40087  47.0057 227.0249 0024474 172.9881 187.1349 14.52913560 61463
1 40087U 14040B   15252.95478851 +.00000034 +00000-0 +48332-4 0  9991,2 40087 047.0057 224.4485 0024504 175.5028 184.6080 14.52913796061546
1 40087U 14040B   15253.91752861 +.00000033 +00000-0 +48012-4 0  9998,2 40087 047.0058 219.9400 0024548 179.8502 180.2392 14.52914254061688
1 40087U 14040B   15254.12383001  .00000031  00000-0  47465-4 0  9997,2 40087  47.0058 218.9739 0024561 180.7771 179.3077 14.52914351 61717
1 40087U 14040B   15254.94903545 +.00000039 +00000-0 +49470-4 0  9994,2 40087 047.0058 215.1093 0024602 184.5002 175.5663 14.52914809061834
1 40087U 14040B   15255.15533680  .00000033  00000-0  48036-4 0  9998,2 40087  47.0058 214.1432 0024621 185.4431 174.6188 14.52914871 61861
1 40087U 14040B   15255.91177490 +.00000022 +00000-0 +45420-4 0  9997,2 40087 047.0059 210.6007 0024661 188.8596 171.1855 14.52915187061970
1 40087U 14040B   15256.32437766  .00000009  00000-0  42237-4 0  9996,2 40087  47.0058 208.6686 0024677 190.7076 169.3285 14.52915255 62031
1 40087U 14040B   15256.87451434 +.00000016 +00000-0 +43870-4 0  9996,2 40087 047.0059 206.0922 0024707 193.1949 166.8291 14.52915531062112
1 40087U 14040B   15257.83725362  .00000008  00000-0  41901-4 0  9991,2 40087  47.0059 201.5836 0024758 197.5308 162.4723 14.52915837 62255
1 40087U 14040B   15257.90602063 +.00000012 +00000-0 +42934-4 0  9993,2 40087 047.0059 201.2616 0024762 197.8299 162.1718 14.52915917062266
1 40087U 14040B   15258.86875965  .00000017  00000-0  44174-4 0  9995,2 40087  47.0060 196.7531 0024807 202.1459 157.8355 14.52916322 62405
1 40087U 14040B   15259.83149857 +.00000019 +00000-0 +44622-4 0  9997,2 40087 047.0061 192.2446 0024854 206.4687 153.4928 14.52916672062545
1 40087U 14040B   15260.17533379  .00000031  00000-0  47464-4 0  9993,2 40087  47.0062 190.6345 0024869 207.9977 151.9570 14.52916891 62594
1 40087U 14040B   15260.86300421 +.00000040 +00000-0 +49531-4 0  9996,2 40087 047.0062 187.4141 0024898 211.0611 148.8801 14.52917237062693
1 40087U 14040B   15261.27560636  .00000070  00000-0  56866-4 0  9990,2 40087  47.0063 185.4819 0024912 212.8841 147.0493 14.52917608 62752
1 40087U 14040B   15261.89450951 +.00000078 +00000-0 +58696-4 0  9997,2 40087 047.0064 182.5836 0024945 215.6452 144.2766 14.52917986062846
1 40087U 14040B   15262.85724754  .00000121  00000-0  68987-4 0  9992,2 40087  47.0064 178.0751 0024978 219.9422 139.9624 14.52918757 62988
1 40087U 14040B   15263.88875199 +.00000177 +00000-0 +82445-4 0  9992,2 40087 047.0064 173.2447 0025012 224.4888 135.3987 14.52919788063139
1 40087U 14040B   15264.16381985  .00000177  00000-0  82518-4 0  9990,2 40087  47.0064 171.9566 0025020 225.7002 134.1829 14.52919978 63174
1 40087U 14040B   15264.92025630 +.00000161 +00000-0 +78684-4 0  9998,2 40087 047.0064 168.4141 0025052 229.0528 130.8187 14.52920448063285
1 40087U 14040B   15265.19532419  .00000157  00000-0  77527-4 0  9996,2 40087  47.0063 167.1261 0025054 230.2767 129.5908 14.52920584 63326
1 40087U 14040B   15265.88299347 +.00000164 +00000-0 +79246-4 0  9990,2 40087 047.0063 163.9056 0025082 233.3100 126.5478 14.52921135063421
1 40087U 14040B   15266.84573041  .00000160  00000-0  78240-4 0  9992,2 40087  47.0062 159.3971 0025112 237.5570 122.2884 14.52921802 63566
1 40087U 14040B   15266.91449731 +.00000160 +00000-0 +78327-4 0  9994,2 40087 047.0062 159.0751 0025116 237.8603 121.9843 14.52921852063570
1 40087U 14040B   15267.87723406 +.00000171 +00000-0 +80852-4 0  9992,2 40087 047.0061 154.5664 0025135 242.0943 117.7394 14.52922599063717
1 40087U 14040B   15268.15230171  .00000185  00000-0  84311-4 0  9995,2 40087  47.0061 153.2784 0025138 243.3211 116.5098 14.52922858 63751
1 40087U 14040B   15268.90873753 +.00000204 +00000-0 +88863-4 0  9995,2 40087 047.0061 149.7358 0025147 246.6409 113.1829 14.52923501063866
1 40087U 14040B   15269.80270714  .00000170  00000-0  80764-4 0  9997,2 40087  47.0060 145.5492 0025163 250.5674 109.2490 14.52923906 63997
1 40087U 14040B   15269.87147400 +.00000186 +00000-0 +84447-4 0  9998,2 40087 047.0060 145.2272 0025163 250.8643 108.9516 14.52924040064007
1 40087U 14040B   15270.83421037  .00000184  00000-0  83979-4 0  9994,2 40087  47.0060 140.7185 0025173 255.0872 104.7223 14.52924657 64140
1 40087U 14040B   15270.90297728 +.00000181 +00000-0 +83249-4 0  9997,2 40087 047.0060 140.3965 0025173 255.3912 104.4179 14.52924673064156
1 40087U 14040B   15271.86571362 +.00000177 +00000-0 +82457-4 0  9997,2 40087 047.0060 135.8879 0025183 259.6386 100.1659 14.52925252064297
1 40087U 14040B   15272.07201425  .00000174  00000-0  81661-4 0  9994,2 40087  47.0060 134.9218 0025182 260.5511  99.2525 14.52925364 64322
1 40087U 14040B   15272.89721669 +.00000155 +00000-0 +77103-4 0  9996,2 40087 047.0060 131.0572 0025189 264.1591 095.6420 14.52925771064447
1 40087U 14040B   15273.10351728  .00000149  00000-0  75665-4 0  9990,2 40087  47.0059 130.0911 0025191 265.0768  94.7239 14.52925873 64474
1 40087U 14040B   15273.92871960 +.00000161 +00000-0 +78620-4 0  9993,2 40087 047.0059 126.2266 0025188 268.6855 091.1143 14.52926471064599
1 40087U 14040B   15274.82268865  .00000177  00000-0  82517-4 0  9994,2 40087  47.0059 122.0399 0025188 272.6298  87.1702 14.52927152 64724
1 40087U 14040B   15274.89145550 +.00000179 +00000-0 +82837-4 0  9993,2 40087 047.0059 121.7179 0025187 272.9369 086.8632 14.52927203064733
1 40087U 14040B   15275.92295807 +.00000190 +00000-0 +85638-4 0  9994,2 40087 047.0059 116.8871 0025171 277.4393 082.3631 14.52927957064889
1 40087U 14040B   15276.06049170  .00000192  00000-0  85958-4 0  9997,2 40087  47.0058 116.2430 0025169 278.0518  81.7510 14.52928075 64900
1 40087U 14040B   15276.88569362 +.00000190 +00000-0 +85415-4 0  9993,2 40087 047.0058 112.3784 0025158 281.6593 078.1468 14.52928620065022
1 40087U 14040B   15277.57336176  .00000180  00000-0  83062-4 0  9990,2 40087  47.0058 109.1577 0025147 284.6928  75.1168 14.52929062 65125
1 40087U 14040B   15277.91719589 +.00000160 +00000-0 +78331-4 0  9992,2 40087 047.0057 107.5475 0025139 286.2069 073.6048 14.52929171065174
1 40087U 14040B   15278.87993125  .00000139  00000-0  73441-4 0  9991,2 40087  47.0058 103.0386 0025122 290.4556  69.3631 14.52929687 65315
1 40087U 14040B   15279.91143329  .00000119  00000-0  68600-4 0  9999,2 40087  47.0057  98.2077 0025097 295.0143  64.8134 14.52930257 65469
1 40087U 14040B   15280.87416803 +.00000160 +00000-0 +78394-4 0  9993,2 40087 047.0059 093.6990 0025062 299.2277 060.6100 14.52931223065607
1 40087U 14040B   15280.94293482  .00000158  00000-0  77920-4 0  9998,2 40087  47.0059  93.3769 0025060 299.5422  60.2963 14.52931258 65613
1 40087U 14040B   15281.90566939 +.00000169 +00000-0 +80451-4 0  9990,2 40087 047.0060 088.8682 0025031 303.7865 056.0635 14.52932048065757
1 40087U 14040B   15282.52457019  .00000140  00000-0  73635-4 0  9992,2 40087  47.0061  85.9696 0025011 306.5014  53.3565 14.52932332 65844
1 40087U 14040B   15282.86840397 +.00000126 +00000-0 +70163-4 0  9991,2 40087 047.0061 084.3595 0024996 308.0325 051.8303 14.52932495065896
1 40087U 14040B   15283.83113842  .00000100  00000-0  63909-4 0  9999,2 40087  47.0063  79.8509 0024959 312.2896  47.5872 14.52933018 66033
1 40087U 14040B   15283.89990515 +.00000102 +00000-0 +64545-4 0  9994,2 40087 047.0063 079.5288 0024958 312.5928 047.2851 14.52933085066041
1 40087U 14040B   15284.86263940  .00000108  00000-0  65954-4 0  9998,2 40087  47.0064  75.0202 0024918 316.8619  43.0312 14.52933746 66184
1 40087U 14040B   15285.89414013  .00000113  00000-0  67185-4 0  9995,2 40087  47.0065  70.1895 0024873 321.4496  38.4611 14.52934455 66339
1 40087U 14040B   15286.85687403 +.00000109 +00000-0 +66161-4 0  9995,2 40087 047.0067 065.6809 0024831 325.7345 034.1936 14.52935037066474
1 40087U 14040B   15287.40700750  .00000166  00000-0  79827-4 0  9994,2 40087  47.0068  63.1044 0024807 328.1830  31.7554 14.52935686 66556
1 40087U 14040B   15287.81960761 +.00000162 +00000-0 +78790-4 0  9993,2 40087 047.0068 061.1722 0024786 330.0353 029.9111 14.52935915066615
1 40087U 14040B   15288.71357444  .00000150  00000-0  75909-4 0  9997,2 40087  47.0069  56.9855 0024740 333.9951  25.9688 14.52936338 66740
1 40087U 14040B   15288.85110768 +.00000175 +00000-0 +81995-4 0  9997,2 40087 047.0069 056.3415 0024735 334.6161 025.3506 14.52936589066764
1 40087U 14040B   15289.81384067  .00000200  00000-0  88099-4 0  9990,2 40087  47.0070  51.8328 0024683 338.9062  21.0802 14.52937349 66901
1 40087U 14040B   15290.77657335 +.00000206 +00000-0 +89510-4 0  9993,2 40087 047.0072 047.3242 0024628 343.2111 016.7955 14.52938009067041
1 40087U 14040B   15291.46423902  .00000251  00000-0  10029-3 0  9999,2 40087  47.0073  44.1037 0024590 346.2725  13.7487 14.52938807 67145
1 40087U 14040B   15291.73930527 +.00000263 +00000-0 +10319-3 0  9990,2 40087 047.0073 042.8156 0024576 347.5199 012.5073 14.52939089067180
1 40087U 14040B   15292.49573706  .00000306  00000-0  11334-3 0  9992,2 40087  47.0075  39.2731 0024534 350.9063   9.1374 14.52940001 67297
1 40087U 14040B   15292.77080310 +.00000309 +00000-0 +11416-3 0  9991,2 40087 047.0075 037.9851 0024519 352.1613 007.8885 14.52940274067332
1 40087U 14040B   15293.73353363  .00000365  00000-0  12750-3 0  9993,2 40087  47.0076  33.4766 0024466 356.5016   3.5693 14.52941524 67479
1 40087U 14040B   15294.69626327 +.00000406 +00000-0 +13732-3 0  9999,2 40087 047.0076 028.9681 0024414 000.8701 359.2221 14.52942828067619
1 40087U 14040B   15295.24639401  .00000419  00000-0  14045-3 0  9990,2 40087  47.0077  26.3917 0024383   3.3241 356.7800 14.52943568 67691
1 40087U 14040B   15295.65899189 +.00000440 +00000-0 +14545-3 0  9995,2 40087 047.0077 024.4595 0024363 005.2092 354.9041 14.52944213067757
1 40087U 14040B   15296.41542070  .00000518  00000-0  16424-3 0  9998,2 40087  47.0077  20.9170 0024315   8.6315 351.4983 14.52945675 67861
1 40087U 14040B   15296.69048577 +.00000468 +00000-0 +15214-3 0  9991,2 40087 047.0077 019.6289 0024302 009.9151 350.2207 14.52945743067902
1 40087U 14040B   15297.65321214  .00000554  00000-0  17269-3 0  9998,2 40087  47.0076  15.1203 0024247  14.3013 345.8552 14.52947599 68043
1 40087U 14040B   15298.61593770 +.00000521 +00000-0 +16484-3 0  9995,2 40087 047.0076 010.6116 0024194 018.6893 341.4873 14.52948800068189
1 40087U 14040B   15299.16606610  .00000504  00000-0  16082-3 0  9999,2 40087  47.0076   8.0352 0024165  21.1840 339.0039 14.52949510 68266
1 40087U 14040B   15299.64742839 +.00000450 +00000-0 +14799-3 0  9999,2 40087 047.0076 005.7809 0024140 023.3859 336.8117 14.52949866068338
1 40087U 14040B   15300.19755642  .00000428  00000-0  14272-3 0  9999,2 40087  47.0076   3.2044 0024106  25.9140 334.2945 14.52950452 68418
1 40087U 14040B   15300.54138627 +.00000413 +00000-0 +13904-3 0  9991,2 40087 047.0076 001.5943 0024093 027.4878 332.7274 14.52950831068461
1 40087U 14040B   15300.54138627 +.00000413 +00000-0 +13904-3 0  9991,2 40087 047.0076 001.5943 0024093 027.4878 332.7274 14.52950831068461
1 40087U 14040B   15301.50410927  .00000392  00000-0  13411-3 0  9993,2 40087  47.0075 357.0857 0024047  31.9178 328.3157 14.52951936 68609
1 40087U 14040B   15301.57287520 +.00000379 +00000-0 +13086-3 0  9994,2 40087 047.0075 356.7636 0024046 032.2261 328.0087 14.52951938068618
1 40087U 14040B   15302.60436323  .00000366  00000-0  12786-3 0  9998,2 40087  47.0075 351.9330 0024003  36.9466 323.3066 14.52953060 68766
1 40087U 14040B   15303.56708454 +.00000362 +00000-0 +12675-3 0  9994,2 40087 047.0075 347.4244 0023959 041.3876 318.8818 14.52954066068901
1 40087U 14040B   15304.18597617  .00000374  00000-0  12959-3 0  9998,2 40087  47.0074 344.5259 0023929  44.2493 316.0298 14.52954832 68990
1 40087U 14040B   15304.59857086 +.00000327 +00000-0 +11840-3 0  9998,2 40087 047.0074 342.5937 0023917 046.1515 314.1340 14.52954909069054
1 40087U 14040B   15305.49252500  .00000398  00000-0  13551-3 0  9997,2 40087  47.0073 338.4072 0023888  50.2770 310.0214 14.52956105 69182
1 40087U 14040B   15305.56129065 +.00000401 +00000-0 +13608-3 0  9992,2 40087 047.0073 338.0851 0023885 050.5922 309.7072 14.52956189069192
1 40087U 14040B   15306.52400980  .00000380  00000-0  13115-3 0  9996,2 40087  47.0072 333.5764 0023854  55.0475 305.2645 14.52956880 69334
1 40087U 14040B   15307.55549368  .00000313  00000-0  11516-3 0  9993,2 40087  47.0071 328.7456 0023824  59.8327 300.4913 14.52957388 69487
1 40087U 14040B   15308.51821106 +.00000285 +00000-0 +10843-3 0  9993,2 40087 047.0070 324.2367 0023799 064.3148 296.0189 14.52958060069620
1 40087U 14040B   15309.06833498  .00000280  00000-0  10717-3 0  9996,2 40087  47.0070 321.6602 0023783  66.8650 293.4736 14.52958465 69708
1 40087U 14040B   15309.48092783 +.00000241 +00000-0 +97937-4 0  9993,2 40087 047.0069 319.7279 0023781 068.7741 291.5680 14.52958571069765
1 40087U 14040B   15310.09981670  .00000219  00000-0  92655-4 0  9991,2 40087  47.0069 316.8293 0023764  71.6612 288.6853 14.52958944 69853
1 40087U 14040B   15310.85623610 +.00000192 +00000-0 +86115-4 0  9996,2 40087 047.0069 313.2867 0023755 075.1709 285.1804 14.52959371069962
1 40087U 14040B   15311.13129750  .00000203  00000-0  88716-4 0  9996,2 40087  47.0069 311.9984 0023751  76.4870 283.8658 14.52959666 70002
1 40087U 14040B   15311.95648112 +.00000239 +00000-0 +97453-4 0  9991,2 40087 047.0069 308.1337 0023744 080.2984 280.0580 14.52960603070122
1 40087U 14040B   15312.36907273  .00000243  00000-0  98310-4 0  9991,2 40087  47.0069 306.2015 0023748  82.2379 278.1200 14.52961001 70184
1 40087U 14040B   15312.85042950 +.00000224 +00000-0 +93746-4 0  9994,2 40087 047.0069 303.9471 0023740 084.4686 275.8905 14.52961296070251
1 40087U 14040B   15313.46931614  .00000273  00000-0  10538-3 0  9997,2 40087  47.0069 301.0486 0023748  87.3713 272.9888 14.52962192 70341
1 40087U 14040B   15314.84461867  .00000274  00000-0  10582-3 0  9998,2 40087  47.0069 294.6074 0023740  93.8055 266.5543 14.52963520 70549
1 40087U 14040B   15314.91338362 +.00000327 +00000-0 +11833-3 0  9998,2 40087 047.0068 294.2854 0023741 094.1277 266.2320 14.52963899070551
1 40087U 14040B   15315.94485928 +.00000295 +00000-0 +11068-3 0  9997,2 40087 047.0068 289.4546 0023751 098.9454 261.4119 14.52964710070708
1 40087U 14040B   15316.15115428  .00000291  00000-0  10979-3 0  9992,2 40087  47.0068 288.4884 0023758  99.9054 260.4513 14.52964898 70733
1 40087U 14040B   15316.90756907 +.00000228 +00000-0 +94663-4 0  9991,2 40087 047.0068 284.9458 0023766 103.4211 256.9323 14.52965236070844
1 40087U 14040B   15317.32015872  .00000260  00000-0  10236-3 0  9996,2 40087  47.0067 283.0136 0023779 105.3354 255.0160 14.52965792 70902
1 40087U 14040B   15317.93904261 +.00000267 +00000-0 +10414-3 0  9997,2 40087 047.0067 280.1150 0023784 108.2197 252.1278 14.52966476070996
1 40087U 14040B   15318.35163176  .00000290  00000-0  10955-3 0  9992,2 40087  47.0067 278.1827 0023799 110.1395 250.2052 14.52966990 71050
1 40087U 14040B   15318.90175032 +.00000282 +00000-0 +10768-3 0  9990,2 40087 047.0067 275.6061 0023799 112.7368 247.6034 14.52967461071133
1 40087U 14040B   15319.86445702  .00000285  00000-0  10828-3 0  9990,2 40087  47.0067 271.0973 0023825 117.1941 243.1374 14.52968429 71279
1 40087U 14040B   15319.93322176 +.00000262 +00000-0 +10292-3 0  9997,2 40087 047.0067 270.7753 0023829 117.5110 242.8199 14.52968384071289
1 40087U 14040B   15320.34580980 +.00000347 +00000-0 +12310-3 0  9990,2 40087 047.0067 268.8431 0023848 119.3915 240.9354 14.52969336071341
1 40087U 14040B   15321.17098540  .00000389  00000-0  13312-3 0  9997,2 40087  47.0068 264.9784 0023873 123.2517 237.0658 14.52970526 71460
1 40087U 14040B   15321.72110222 +.00000404 +00000-0 +13678-3 0  9993,2 40087 047.0068 262.4019 0023886 125.8034 234.5074 14.52971211071545
1 40087U 14040B   15322.27121843  .00000459  00000-0  14998-3 0  9991,2 40087  47.0068 259.8256 0023916 128.3407 231.9631 14.52972219 71622
1 40087U 14040B   15322.89009886 +.00000438 +00000-0 +14488-3 0  9992,2 40087 047.0068 256.9271 0023939 131.1869 229.1084 14.52972900071714
1 40087U 14040B   15323.30268533  .00000478  00000-0  15436-3 0  9993,2 40087  47.0067 254.9948 0023961 133.0723 227.2171 14.52973723 71773
1 40087U 14040B   15323.85280068 +.00000440 +00000-0 +14532-3 0  9995,2 40087 047.0067 252.4183 0023983 135.6176 224.6635 14.52974230071850
1 40087U 14040B   15324.88426589 +.00000381 +00000-0 +13119-3 0  9993,2 40087 047.0066 247.5876 0024034 140.3814 219.8831 14.52975299072001
1 40087U 14040B   15325.15932308  .00000375  00000-0  12977-3 0  9999,2 40087  47.0066 246.2995 0024046 141.6472 218.6127 14.52975628 72041
1 40087U 14040B   15325.91572975 +.00000373 +00000-0 +12923-3 0  9992,2 40087 047.0065 242.7569 0024080 145.1651 215.0814 14.52976655072151
1 40087U 14040B   15326.19078672  .00000357  00000-0  12555-3 0  9991,2 40087  47.0064 241.4688 0024096 146.4268 213.8148 14.52976906 72192
1 40087U 14040B   15326.87842850 +.00000354 +00000-0 +12475-3 0  9991,2 40087 047.0063 238.2481 0024133 149.6001 210.6288 14.52977792072293
1 40087U 14040B   15327.22224929  .00000389  00000-0  13317-3 0  9996,2 40087  47.0063 236.6379 0024154 151.1768 209.0455 14.52978399 72340
1 40087U 14040B   15327.84112653 +.00000340 +00000-0 +12147-3 0  9991,2 40087 047.0062 233.7394 0024190 154.0368 206.1734 14.52978839072439
1 40087U 14040B   15328.87258794 +.00000289 +00000-0 +10924-3 0  9995,2 40087 047.0061 228.9084 0024252 158.7661 201.4234 14.52979645072581
1 40087U 14040B   15329.83528451  .00000307  00000-0  11338-3 0  9993,2 40087  47.0060 224.3996 0024311 163.1602 197.0094 14.52980702 72729
1 40087U 14040B   15329.90404864 +.00000240 +00000-0 +97551-4 0  9990,2 40087 047.0060 224.0776 0024317 163.4670 196.7011 14.52980385072739
1 40087U 14040B   15330.86674481 +.00000203 +00000-0 +88602-4 0  9997,2 40087 047.0059 219.5687 0024375 167.8324 192.3153 14.52980999072870
1 40087U 14040B   15330.86674481 +.00000203 +00000-0 +88602-4 0  9997,2 40087 047.0059 219.5687 0024375 167.8324 192.3153 14.52980999072870
1 40087U 14040B   15331.14180081  .00000192  00000-0  86030-4 0  9997,2 40087  47.0059 218.2806 0024388 169.0812 191.0606 14.52981147 72919
1 40087U 14040B   15331.89820437 +.00000181 +00000-0 +83418-4 0  9990,2 40087 047.0058 214.7379 0024441 172.5312 187.5940 14.52981690073025
1 40087U 14040B   15332.17326019  .00000171  00000-0  81061-4 0  9990,2 40087  47.0058 213.4497 0024451 173.7762 186.3429 14.52981843 73068
1 40087U 14040B   15332.86089946 +.00000158 +00000-0 +77786-4 0  9995,2 40087 047.0058 210.2291 0024500 176.8973 183.2066 14.52982293073162
1 40087U 14040B   15333.82359423  .00000149  00000-0  75628-4 0  9995,2 40087  47.0056 205.7204 0024558 181.2457 178.8369 14.52982888 73305
1 40087U 14040B   15333.89235810 +.00000131 +00000-0 +71295-4 0  9992,2 40087 047.0056 205.3983 0024564 181.5581 178.5230 14.52982842073318
1 40087U 14040B   15334.71752450 +.00000172 +00000-0 +81216-4 0  9997,2 40087 047.0055 201.5337 0024611 185.3087 174.7538 14.52983638073430
1 40087U 14040B   15335.13010775  .00000136  00000-0  72595-4 0  9991,2 40087  47.0054 199.6014 0024628 187.1568 172.8966 14.52983694 73492
1 40087U 14040B   15335.88651002 +.00000135 +00000-0 +72354-4 0  9999,2 40087 047.0053 196.0587 0024677 190.5755 169.4613 14.52984169073609
1 40087U 14040B   15336.84920356  .00000109  00000-0  66088-4 0  9995,2 40087  47.0052 191.5499 0024733 194.9052 165.1105 14.52984626 73743
1 40087U 14040B   15337.88066058 +.00000099 +00000-0 +63625-4 0  9992,2 40087 047.0050 186.7189 0024788 199.5433 160.4502 14.52985176073893
1 40087U 14040B   15337.94942438  .00000100  00000-0  64012-4 0  9998,2 40087  47.0050 186.3969 0024792 199.8456 160.1465 14.52985222 73907
1 40087U 14040B   15338.91211717 +.00000110 +00000-0 +66322-4 0  9992,2 40087 047.0049 181.8879 0024841 204.1745 155.7974 14.52985868074048
1 40087U 14040B   15339.04964467  .00000117  00000-0  68019-4 0  9996,2 40087  47.0049 181.2438 0024844 204.7918 155.1773 14.52985997 74060
1 40087U 14040B   15339.87480950 +.00000183 +00000-0 +83756-4 0  9995,2 40087 047.0049 177.3789 0024892 208.4952 151.4572 14.52986902074183
1 40087U 14040B   15340.97502863  .00000287  00000-0  10856-3 0  9991,2 40087  47.0049 172.2258 0024953 213.3916 146.5394 14.52988306 74346
1 40087U 14040B   15340.97502863 +.00000287 +00000-0 +10856-3 0  9991,2 40087 047.0049 172.2258 0024953 213.3916 146.5394 14.52988306074346
1 40087U 14040B   15341.93771992 +.00000321 +00000-0 +11665-3 0  9997,2 40087 047.0049 167.7168 0025007 217.6823 142.2309 14.52989291074488
1 40087U 14040B   15342.00648354  .00000324  00000-0  11738-3 0  9995,2 40087  47.0049 167.3947 0025008 217.9910 141.9210 14.52989378 74494
1 40087U 14040B   15342.90041092 +.00000266 +00000-0 +10355-3 0  9999,2 40087 047.0050 163.2078 0025048 221.9763 137.9201 14.52989838074622
1 40087U 14040B   15343.51928345  .00000322  00000-0  11699-3 0  9997,2 40087  47.0051 160.3091 0025075 224.7468 135.1393 14.52990692 74711
1 40087U 14040B   15343.86310134 +.00000351 +00000-0 +12397-3 0  9994,2 40087 047.0051 158.6989 0025100 226.2553 133.6252 14.52991201074767
1 40087U 14040B   15344.75702738  .00000439  00000-0  14494-3 0  9995,2 40087  47.0052 154.5119 0025148 230.2271 129.6397 14.52992679 74891
1 40087U 14040B   15344.89455464 +.00000318 +00000-0 +11596-3 0  9997,2 40087 047.0051 153.8678 0025154 230.8315 129.0334 14.52992134074918
1 40087U 14040B   15345.78848036  .00000408  00000-0  13755-3 0  9996,2 40087  47.0053 149.6809 0025172 234.8070 125.0456 14.52993632 75041
1 40087U 14040B   15345.85724390 +.00000393 +00000-0 +13383-3 0  9990,2 40087 047.0053 149.3589 0025172 235.1119 124.7398 14.52993621075051
1 40087U 14040B   15346.81993261  .00000405  00000-0  13691-3 0  9998,2 40087  47.0053 144.8500 0025208 239.3821 120.4576 14.52994809 75195
1 40087U 14040B   15346.88869613 +.00000370 +00000-0 +12844-3 0  9998,2 40087 047.0053 144.5279 0025207 239.6888 120.1501 14.52994684075208
1 40087U 14040B   15347.85138439  .00000399  00000-0  13539-3 0  9994,2 40087  47.0054 140.0189 0025245 243.9409 115.8875 14.52995940 75345
1 40087U 14040B   15348.88283539  .00000461  00000-0  15011-3 0  9997,2 40087  47.0055 135.1878 0025294 248.5191 111.2995 14.52997526 75490
1 40087U 14040B   15349.84552244 +.00000503 +00000-0 +16011-3 0  9994,2 40087 047.0056 130.6789 0025321 252.7889 107.0222 14.52998958075636
1 40087U 14040B   15350.18933906  .00000497  00000-0  15888-3 0  9994,2 40087  47.0057 129.0685 0025335 254.3196 105.4892 14.52999384 75682
1 40087U 14040B   15350.87697279 +.00000370 +00000-0 +12851-3 0  9997,2 40087 047.0058 125.8479 0025351 257.3392 102.4657 14.52999413075787
1 40087U 14040B   15351.49584260  .00000364  00000-0  12707-3 0  9994,2 40087  47.0059 122.9492 0025376 260.0699  99.7319 14.53000126 75877
1 40087U 14040B   15351.83965928 +.00000331 +00000-0 +11920-3 0  9996,2 40087 047.0060 121.3389 0025374 261.5883 098.2124 14.53000314075929
1 40087U 14040B   15352.80234537  .00000407  00000-0  13720-3 0  9993,2 40087  47.0062 116.8301 0025382 265.8530  93.9452 14.53001800 76062
1 40087U 14040B   15353.76503115 +.00000358 +00000-0 +12548-3 0  9992,2 40087 047.0063 112.3213 0025386 270.1017 089.6958 14.53002594076209
1 40087U 14040B   15354.17761071  .00000289  00000-0  10904-3 0  9992,2 40087  47.0065 110.3889 0025394 271.9269  87.8706 14.53002665 76261
1 40087U 14040B   15354.72771644 +.00000308 +00000-0 +11353-3 0  9991,2 40087 047.0065 107.8125 0025402 274.3463 085.4518 14.53003414076345
1 40087U 14040B   15355.48411103  .00000434  00000-0  14375-3 0  9993,2 40087  47.0066 104.2699 0025395 277.6834  82.1166 14.53005168 76455
1 40087U 14040B   15355.69040070 +.00000406 +00000-0 +13692-3 0  9997,2 40087 047.0067 103.3038 0025395 278.5973 081.2034 14.53005218076480
1 40087U 14040B   15356.72184805  .00000369  00000-0  12831-3 0  9999,2 40087  47.0067  98.4729 0025396 283.1437  76.6612 14.53006251 76634
1 40087U 14040B   15357.34071633 +.00000357 +00000-0 +12526-3 0  9990,2 40087 047.0068 095.5742 0025402 285.8729 073.9355 14.53006884076725
1 40087U 14040B   15357.75329498  .00000331  00000-0  11922-3 0  9991,2 40087  47.0068  93.6420 0025393 287.6958  72.1154 14.53007270 76784
1 40087U 14040B   15358.71597812 +.00000356 +00000-0 +12520-3 0  9997,2 40087 047.0070 089.1331 0025384 291.9570 067.8616 14.53008600076924
1 40087U 14040B   15359.47237162  .00000378  00000-0  13026-3 0  9996,2 40087  47.0070  85.5904 0025382 295.2972  64.5283 14.53009661 77036
1 40087U 14040B   15359.67866080 +.00000354 +00000-0 +12469-3 0  9999,2 40087 047.0070 084.6242 0025372 296.2097 063.6179 14.53009769077065
1 40087U 14040B   15360.50381706  .00000334  00000-0  11986-3 0  9991,2 40087  47.0071  80.7594 0025365 299.8460  59.9903 14.53010647 77181
1 40087U 14040B   15360.71010613 +.00000310 +00000-0 +11404-3 0  9999,2 40087 047.0071 079.7933 0025357 300.7671 059.0716 14.53010755077210
1 40087U 14040B   15361.67278800  .00000308  00000-0  11362-3 0  9999,2 40087  47.0073  75.2844 0025335 305.0378  54.8129 14.53011846 77350
1 40087U 14040B   15362.63546966 +.00000271 +00000-0 +10480-3 0  9996,2 40087 047.0073 070.7755 0025309 309.3073 050.5566 14.53012619077493
1 40087U 14040B   15363.11681037  .00000235  00000-0  96090-4 0  9991,2 40087  47.0074  68.5211 0025304 311.4367  48.4343 14.53012888 77566
1 40087U 14040B   15363.66691398 +.00000274 +00000-0 +10553-3 0  9994,2 40087 047.0074 065.9447 0025281 313.8860 045.9935 14.53013626077645
1 40087U 14040B   15364.21701741  .00000299  00000-0  11154-3 0  9995,2 40087  47.0075  63.3681 0025267 316.3217  43.5666 14.53014285 77722
1 40087U 14040B   15364.62959496 +.00000290 +00000-0 +10935-3 0  9999,2 40087 047.0075 061.4359 0025250 318.1673 041.7281 14.53014624077787
1 40087U 14040B   15365.52351274  .00000296  00000-0  11068-3 0  9993,2 40087  47.0075  57.2491 0025217 322.1518  37.7592 14.53015454 77910
1 40087U 14040B   15365.59227562 +.00000298 +00000-0 +11135-3 0  9999,2 40087 047.0075 056.9271 0025213 322.4589 037.4533 14.53015534077921
1 40087U 14040B   16001.62371866  .00000249  00000-0  99668-4 0  9992,2 40087  47.0074  52.0961 0025165 327.0687  32.8628 14.53016231 78075
1 40087U 14040B   16002.58639860 +.00000218 +00000-0 +92178-4 0  9994,2 40087 047.0074 047.5872 0025132 331.3886 028.5618 14.53016892078218
1 40087U 14040B   16003.13650122  .00000185  00000-0  84321-4 0  9994,2 40087  47.0074  45.0106 0025110 333.8404  26.1209 14.53017173 78291
1 40087U 14040B   16003.54907812 +.00000232 +00000-0 +95403-4 0  9996,2 40087 047.0074 043.0783 0025090 335.6979 024.2720 14.53017765078355
1 40087U 14040B   16004.16794335  .00000175  00000-0  81940-4 0  9996,2 40087  47.0074  40.1795 0025060 338.4634  21.5194 14.53017963 78447
1 40087U 14040B   16004.58052019 +.00000187 +00000-0 +84782-4 0  9998,2 40087 047.0074 038.2472 0025049 340.3331 019.6585 14.53018335078503
1 40087U 14040B   16005.19938525  .00000175  00000-0  81860-4 0  9992,2 40087  47.0074  35.3485 0025020 343.1092  16.8957 14.53018747 78597
1 40087U 14040B   16005.88701288 +.00000148 +00000-0 +75416-4 0  9992,2 40087 047.0074 032.1278 0025000 346.2145 013.8053 14.53019127078691
1 40087U 14040B   16006.50587769  .00000184  00000-0  84098-4 0  9994,2 40087  47.0074  29.2293 0024972 349.0225  11.0111 14.53019750 78789
1 40087U 14040B   16006.84969144 +.00000163 +00000-0 +79125-4 0  9994,2 40087 047.0075 027.6189 0024966 350.5715 009.4697 14.53019861078839
1 40087U 14040B   16007.53731887  .00000139  00000-0  73265-4 0  9994,2 40087  47.0074  24.3982 0024935 353.6921   6.3645 14.53020143 78937
1 40087U 14040B   16007.88113242 +.00000145 +00000-0 +74870-4 0  9991,2 40087 047.0075 022.7878 0024923 355.2389 004.8255 14.53020406078984
1 40087U 14040B   16008.84381028  .00000123  00000-0  69496-4 0  9991,2 40087  47.0076  18.2789 0024890 359.6160   0.4700 14.53020877 79120
1 40087U 14040B   16008.91257299 +.00000118 +00000-0 +68336-4 0  9997,2 40087 047.0076 017.9568 0024882 359.9247 000.1629 14.53020876079138
1 40087U 14040B   16009.87525034 +.00000119 +00000-0 +68600-4 0  9993,2 40087 047.0076 013.4479 0024838 004.3005 355.8088 14.53021478079277
1 40087U 14040B   16010.15030093  .00000113  00000-0  67135-4 0  9998,2 40087  47.0075  12.1596 0024818   5.5579 354.5575 14.53021620 79310
1 40087U 14040B   16010.49411418 +.00000118 +00000-0 +68321-4 0  9992,2 40087 047.0075 010.5493 0024797 007.1351 352.9881 14.53021842079363
1 40087U 14040B   16011.38802810  .00000136  00000-0  72722-4 0  9991,2 40087  47.0075   6.3624 0024756  11.2250 348.9181 14.53022545 79494
1 40087U 14040B   16011.86936603 +.00000152 +00000-0 +76392-4 0  9997,2 40087 047.0076 004.1079 0024723 013.4045 346.7490 14.53022999079565
1 40087U 14040B   16012.41946635  .00000238  00000-0  97101-4 0  9991,2 40087  47.0075   1.5313 0024690  15.9396 344.2260 14.53023895 79648
1 40087U 14040B   16013.93224173 +.00000201 +00000-0 +88073-4 0  9993,2 40087 047.0075 354.4456 0024622 022.8700 337.3275 14.53024759079860
1 40087U 14040B   16014.13852904  .00000202  00000-0  88502-4 0  9993,2 40087  47.0075 353.4794 0024593  23.8253 336.3764 14.53024962 79896
1 40087U 14040B   16015.16996561  .00000191  00000-0  85851-4 0  9996,2 40087  47.0076 348.6483 0024550  28.5781 331.6443 14.53025715 80047
1 40087U 14040B   16015.37625283 +.00000197 +00000-0 +87250-4 0  9990,2 40087 047.0075 347.6821 0024546 029.5266 330.6998 14.53025912080071
1 40087U 14040B   16015.92635201 +.00000194 +00000-0 +86532-4 0  9991,2 40087 047.0076 345.1055 0024517 032.0520 328.1849 14.53026293080153
1 40087U 14040B   16016.20140154  .00000193  00000-0  86226-4 0  9990,2 40087  47.0076 343.8172 0024510  33.3325 326.9096 14.53026493 80194
1 40087U 14040B   16016.95778735 +.00000187 +00000-0 +84831-4 0  9997,2 40087 047.0076 340.2744 0024482 036.8327 323.4233 14.53027052080308
1 40087U 14040B   16017.37036137  .00000197  00000-0  87270-4 0  9998,2 40087  47.0076 338.3421 0024480  38.7511 321.5123 14.53027404 80366
1 40087U 14040B   16017.85169740 +.00000208 +00000-0 +89834-4 0  9999,2 40087 047.0077 336.0875 0024463 040.9680 319.3036 14.53027841080439
1 40087U 14040B   16018.88313138  .00000194  00000-0  86497-4 0  9991,2 40087  47.0076 331.2565 0024426  45.7608 314.5275 14.53028519 80584
1 40087U 14040B   16019.84580230 +.00000222 +00000-0 +93128-4 0  9998,2 40087 047.0076 326.7476 0024406 050.2339 310.0690 14.53029372080720
1 40087U 14040B   16020.18961318  .00000170  00000-0  80809-4 0  9991,2 40087  47.0076 325.1374 0024397  51.8455 308.4622 14.53029361 80774
1 40087U 14040B   16020.87723449 +.00000216 +00000-0 +91788-4 0  9997,2 40087 047.0075 321.9167 0024389 055.0438 305.2732 14.53030167080879
1 40087U 14040B   16021.28980671  .00000255  00000-0  10103-3 0  9999,2 40087  47.0075 319.9844 0024373  56.9714 303.3506 14.53030824 80933
1 40087U 14040B   16021.90866515 +.00000254 +00000-0 +10094-3 0  9996,2 40087 047.0075 317.0857 0024354 059.8544 300.4749 14.53031375081028
1 40087U 14040B   16022.80257107  .00000288  00000-0  10901-3 0  9991,2 40087  47.0073 312.8988 0024336  64.0158 296.3229 14.53032396 81157
1 40087U 14040B   16023.90276215 +.00000254 +00000-0 +10087-3 0  9992,2 40087 047.0072 307.7457 0024322 069.1684 291.1801 14.53033237081317
1 40087U 14040B   16024.17780973  .00000255  00000-0  10096-3 0  9994,2 40087  47.0072 306.4576 0024326  70.4528 289.8979 14.53033494 81350
1 40087U 14040B   16024.86542841 +.00000230 +00000-0 +94987-4 0  9995,2 40087 047.0071 303.2367 0024322 073.6718 286.6838 14.53033988081452
1 40087U 14040B   16025.20923761  .00000234  00000-0  96148-4 0  9993,2 40087  47.0071 301.6265 0024315  75.2743 285.0833 14.53034314 81507
1 40087U 14040B   16025.89685570 +.00000166 +00000-0 +79878-4 0  9996,2 40087 047.0070 298.4057 0024309 078.4989 281.8622 14.53034541081601
1 40087U 14040B   16025.89685570 +.00000166 +00000-0 +79878-4 0  9996,2 40087 047.0070 298.4057 0024309 078.4989 281.8622 14.53034541081601
1 40087U 14040B   16026.85952036  .00000173  00000-0  81511-4 0  9992,2 40087  47.0069 293.8967 0024312  83.0130 277.3518 14.53035375 81747
1 40087U 14040B   16027.89094625 +.00000099 +00000-0 +63836-4 0  9995,2 40087 047.0067 289.0657 0024324 087.8374 272.5294 14.53035677081892
1 40087U 14040B   16028.02846966  .00000096  00000-0  63193-4 0  9997,2 40087  47.0067 288.4216 0024323  88.4758 271.8911 14.53035735 81914
1 40087U 14040B   16028.92237137 +.00000086 +00000-0 +60797-4 0  9996,2 40087 047.0066 284.2347 0024331 092.6769 267.6900 14.53036201082045
1 40087U 14040B   16029.12865633  .00000082  00000-0  59830-4 0  9999,2 40087  47.0065 283.2686 0024337  93.6316 266.7351 14.53036291 82076
1 40087U 14040B   16029.88503413 +.00000074 +00000-0 +57766-4 0  9994,2 40087 047.0064 279.7257 0024337 097.1854 263.1797 14.53036663082185
1 40087U 14040B   16030.16008057  .00000069  00000-0  56542-4 0  9996,2 40087  47.0063 278.4375 0024344  98.4674 261.8970 14.53036767 82221
1 40087U 14040B   16030.91645793 +.00000058 +00000-0 +54072-4 0  9997,2 40087 047.0062 274.8947 0024360 102.0133 258.3483 14.53037083082339
1 40087U 14040B   16031.81035794  .00000073  00000-0  57622-4 0  9992,2 40087  47.0060 270.7077 0024385 106.1980 254.1589 14.53037582 82467
1 40087U 14040B   16031.87911942 +.00000091 +00000-0 +61921-4 0  9993,2 40087 047.0060 270.3857 0024382 106.5242 253.8322 14.53037714082470
1 40087U 14040B   16032.91054172 +.00000091 +00000-0 +61885-4 0  9991,2 40087 047.0058 265.5545 0024409 111.3494 248.9998 14.53038215082628
1 40087U 14040B   16033.11682612  .00000090  00000-0  61569-4 0  9998,2 40087  47.0057 264.5883 0024418 112.3079 248.0396 14.53038304 82656
1 40087U 14040B   16033.94196339 +.00000086 +00000-0 +60764-4 0  9996,2 40087 047.0056 260.7233 0024448 116.1731 244.1671 14.53038667082770
1 40087U 14040B   16034.83586133  .00000121  00000-0  69058-4 0  9995,2 40087  47.0054 256.5361 0024477 120.3525 239.9783 14.53039339 82901
1 40087U 14040B   16034.90462276 +.00000097 +00000-0 +63224-4 0  9995,2 40087 047.0054 256.2140 0024479 120.6693 239.6607 14.53039223082919
1 40087U 14040B   16035.59223614 +.00000117 +00000-0 +67974-4 0  9991,2 40087 047.0053 252.9931 0024502 123.8730 236.4489 14.53039720083010
1 40087U 14040B   16036.07356531  .00000118  00000-0  68318-4 0  9994,2 40087  47.0053 250.7386 0024531 126.1110 234.2049 14.53040024 83084
1 40087U 14040B   16036.69241666 +.00000143 +00000-0 +74274-4 0  9990,2 40087 047.0053 247.8397 0024555 129.0041 231.3034 14.53040598083172
1 40087U 14040B   16037.79259617  .00000184  00000-0  84015-4 0  9996,2 40087  47.0052 242.6863 0024597 134.1128 226.1785 14.53041594 83331
1 40087U 14040B   16037.93011855 +.00000178 +00000-0 +82673-4 0  9993,2 40087 047.0052 242.0423 0024608 134.7398 225.5493 14.53041669083359
1 40087U 14040B   16038.89277452 +.00000248 +00000-0 +99267-4 0  9991,2 40087 047.0052 237.5331 0024651 139.2135 221.0599 14.53042839083496
1 40087U 14040B   16038.96153562  .00000249  00000-0  99553-4 0  9993,2 40087  47.0052 237.2110 0024654 139.5292 220.7431 14.53042908 83508
1 40087U 14040B   16039.92419039 +.00000273 +00000-0 +10532-3 0  9990,2 40087 047.0052 232.7017 0024711 144.0121 216.2432 14.53043991083649
1 40087U 14040B   16040.54303962  .00000315  00000-0  11531-3 0  9994,2 40087  47.0051 229.8029 0024728 146.8677 213.3760 14.53044782 83733
1 40087U 14040B   16041.50569292 +.00000375 +00000-0 +12965-3 0  9999,2 40087 047.0050 225.2936 0024773 151.3187 208.9064 14.53046134083871
1 40087U 14040B   16041.98701936  .00000300  00000-0  11173-3 0  9992,2 40087  47.0050 223.0391 0024796 153.5163 206.6993 14.53046252 83940
1 40087U 14040B   16042.88091039 +.00000401 +00000-0 +13589-3 0  9993,2 40087 047.0051 218.8519 0024849 157.6670 202.5301 14.53047833084071
1 40087U 14040B   16043.49975756  .00000429  00000-0  14242-3 0  9995,2 40087  47.0050 215.9529 0024878 160.5231 199.6608 14.53048708 84165
1 40087U 14040B   16043.91232208 +.00000443 +00000-0 +14594-3 0  9996,2 40087 047.0051 214.0205 0024905 162.4195 197.7556 14.53049305084220
1 40087U 14040B   16044.53116871  .00000426  00000-0  14171-3 0  9994,2 40087  47.0051 211.1215 0024947 165.2806 194.8809 14.53049937 84315
1 40087U 14040B   16044.87497238 +.00000401 +00000-0 +13571-3 0  9996,2 40087 047.0051 209.5112 0024965 166.8541 193.2998 14.53050172084365
1 40087U 14040B   16045.83762158  .00000509  00000-0  16154-3 0  9998,2 40087  47.0053 205.0019 0025024 171.2731 188.8592 14.53051940 84502
1 40087U 14040B   16045.90638219 +.00000472 +00000-0 +15283-3 0  9997,2 40087 047.0053 204.6798 0025028 171.5862 188.5446 14.53051846084514
1 40087U 14040B   16046.86903073  .00000383  00000-0  13149-3 0  9996,2 40087  47.0055 200.1705 0025091 176.0038 184.1050 14.53052509 84655
1 40087U 14040B   16047.90043842  .00000548  00000-0  17086-3 0  9998,2 40087  47.0056 195.3392 0025155 180.7480 179.3369 14.53054776 84801
1 40087U 14040B   16048.86308557 +.00000371 +00000-0 +12849-3 0  9997,2 40087 047.0058 190.8301 0025215 185.1381 174.9247 14.53054929084940
1 40087U 14040B   16049.48192937  .00000438  00000-0  14453-3 0  9996,2 40087  47.0059 187.9313 0025254 187.9620 172.0866 14.53056095 85033
1 40087U 14040B   16049.82573174 +.00000398 +00000-0 +13506-3 0  9993,2 40087 047.0059 186.3210 0025267 189.5114 170.5294 14.53056218085082
1 40087U 14040B   16050.37581510 +.00000363 +00000-0 +12663-3 0  9993,2 40087 047.0059 183.7443 0025307 192.0310 167.9971 14.53056606085165
1 40087U 14040B   16051.47598129  .00000252  00000-0  10006-3 0  9995,2 40087  47.0060 178.5911 0025382 197.0237 162.9797 14.53057169 85329
1 40087U 14040B   16051.81978332 +.00000213 +00000-0 +90955-4 0  9990,2 40087 047.0060 176.9808 0025390 198.5519 161.4440 14.53057253085372
1 40087U 14040B   16052.50738683  .00000179  00000-0  82634-4 0  9996,2 40087  47.0060 173.7599 0025437 201.6739 158.3069 14.53057706 85472
1 40087U 14040B   16052.71366794 +.00000178 +00000-0 +82457-4 0  9991,2 40087 047.0060 172.7938 0025445 202.5976 157.3788 14.53057857085508
1 40087U 14040B   16053.60755225  .00000162  00000-0  78713-4 0  9994,2 40087  47.0061 168.6067 0025493 206.6498 153.3077 14.53058503 85633
1 40087U 14040B   16054.57019671 +.00000150 +00000-0 +75720-4 0  9991,2 40087 047.0061 164.0976 0025542 210.9729 148.9649 14.53059138085777
1 40087U 14040B   16055.32655989  .00000164  00000-0  79064-4 0  9993,2 40087  47.0061 160.5547 0025580 214.3717 145.5512 14.53059767 85881
1 40087U 14040B   16055.53287489  .00000206  00000-0  89134-4 0  9998,2 40087  47.0059 159.5884 0025486 215.5675 144.3510 14.53038121 85911
1 40087U 14040B   16055.53287489  .00000206  00000-0  89134-4 0  9998,2 40087  47.0059 159.5884 0025486 215.5675 144.3510 14.53038121 85911
1 40087U 14040B   16056.56429448  .00000262  00000-0  10245-3 0  9993,2 40087  47.0061 154.7576 0025540 220.1908 139.7087 14.53039143 86060
1 40087U 14040B   16057.66447495  .00000230  00000-0  94888-4 0  9998,2 40087  47.0063 149.6045 0025604 224.9193 134.9619 14.53039869 86226
1 40087U 14040B   16058.69589380  .00000241  00000-0  97539-4 0  9990,2 40087  47.0064 144.7735 0025659 229.5091 130.3556 14.53040768 86373
1 40087U 14040B   16059.58979000 +.00000232 +00000-0 +95275-4 0  9996,2 40087 047.0064 140.5866 0025704 233.4929 126.3586 14.53041401086505
1 40087U 14040B   16060.20864098  .00000175  00000-0  81809-4 0  9991,2 40087  47.0064 137.6879 0025731 236.2691 123.5740 14.53041619 86594
1 40087U 14040B   16060.62120844 +.00000184 +00000-0 +84000-4 0  9997,2 40087 047.0064 135.7556 0025744 238.0896 121.7483 14.53041957086652
1 40087U 14040B   16061.51510412  .00000224  00000-0  93556-4 0  9991,2 40087  47.0064 131.5686 0025778 242.0671 117.7602 14.53042886 86787
1 40087U 14040B   16061.65262664 +.00000222 +00000-0 +93034-4 0  9998,2 40087 047.0064 130.9246 0025782 242.7005 117.1253 14.53042947086802
1 40087U 14040B   16062.61528352  .00000198  00000-0  87280-4 0  9992,2 40087  47.0063 126.4155 0025814 246.9802 112.8358 14.53043505 86941
1 40087U 14040B   16063.64670141  .00000185  00000-0  84143-4 0  9991,2 40087  47.0062 121.5843 0025840 251.5618 108.2456 14.53044164 87093
1 40087U 14040B   16064.60935816 +.00000193 +00000-0 +86022-4 0  9998,2 40087 047.0061 117.0752 0025853 255.8327 103.9684 14.53044823087232
1 40087U 14040B   16065.15944749  .00000212  00000-0  90617-4 0  9991,2 40087  47.0061 114.4984 0025869 258.2767 101.5213 14.53045314 87319
1 40087U 14040B   16065.57201475 +.00000219 +00000-0 +92251-4 0  9992,2 40087 047.0061 112.5660 0025872 260.0992 099.6970 14.53045563087373
1 40087U 14040B   16066.19086528  .00000173  00000-0  81320-4 0  9995,2 40087  47.0061 109.6671 0025884 262.8328  96.9612 14.53045734 87461
1 40087U 14040B   16066.53467127 +.00000204 +00000-0 +88700-4 0  9995,2 40087 047.0061 108.0568 0025887 264.3724 095.4207 14.53046085087519
1 40087U 14040B   16067.49732730  .00000221  00000-0  92799-4 0  9998,2 40087  47.0061 103.5475 0025892 268.6258  91.1659 14.53046918 87655
1 40087U 14040B   16067.56608850 +.00000217 +00000-0 +91687-4 0  9991,2 40087 047.0061 103.2255 0025893 268.9364 090.8552 14.53046928087660
1 40087U 14040B   16068.52874454 +.00000191 +00000-0 +85696-4 0  9997,2 40087 047.0061 098.7163 0025896 273.2124 086.5796 14.53047493087808
1 40087U 14040B   16069.07883361  .00000166  00000-0  79724-4 0  9992,2 40087  47.0062  96.1395 0025903 275.6439  84.1490 14.53047763 87885
1 40087U 14040B   16069.42263931 +.00000174 +00000-0 +81551-4 0  9996,2 40087 047.0062 094.5292 0025895 277.1725 082.6215 14.53048057087939
1 40087U 14040B   16070.17901161  .00000156  00000-0  77231-4 0  9994,2 40087  47.0062  90.9862 0025893 280.5074  79.2893 14.53048562 88043
1 40087U 14040B   16070.52281725 +.00000165 +00000-0 +79427-4 0  9999,2 40087 047.0062 089.3759 0025883 282.0269 077.7714 14.53048865088098
1 40087U 14040B   16071.48547273  .00000167  00000-0  79961-4 0  9993,2 40087  47.0063  84.8667 0025872 286.2756  73.5282 14.53049633 88236
1 40087U 14040B   16072.51688907  .00000184  00000-0  83875-4 0  9996,2 40087  47.0063  80.0353 0025852 290.8420  68.9695 14.53050548 88382
1 40087U 14040B   16073.47954433 +.00000173 +00000-0 +81412-4 0  9995,2 40087 047.0063 075.5261 0025829 295.1167 064.7037 14.53051194088527
1 40087U 14040B   16074.16715511  .00000126  00000-0  70136-4 0  9993,2 40087  47.0064  72.3051 0025814 298.1740  61.6536 14.53051435 88623
1 40087U 14040B   16074.44219946 +.00000127 +00000-0 +70448-4 0  9992,2 40087 047.0064 071.0168 0025805 299.4132 060.4176 14.53051616088669
1 40087U 14040B   16075.40485435  .00000213  00000-0  90900-4 0  9998,2 40087  47.0065  66.5075 0025778 303.7284  56.1143 14.53052738 88800
1 40087U 14040B   16075.47361550 +.00000189 +00000-0 +85135-4 0  9992,2 40087 047.0065 066.1854 0025777 304.0379 055.8057 14.53052630088811
1 40087U 14040B   16076.43627006  .00000234  00000-0  96000-4 0  9994,2 40087  47.0067  61.6762 0025740 308.3185  51.5385 14.53053598 88959
1 40087U 14040B   16077.94901295 +.00000161 +00000-0 +78471-4 0  9997,2 40087 047.0069 054.5902 0025688 315.0750 044.8054 14.53054226089174
1 40087U 14040B   16078.15529607  .00000189  00000-0  85196-4 0  9996,2 40087  47.0070  53.6240 0025674 315.9915  43.8924 14.53054505 89207
1 40087U 14040B   16078.36157914 +.00000192 +00000-0 +85847-4 0  9994,2 40087 047.0070 052.6578 0025665 316.9317 042.9559 14.53054665089231
1 40087U 14040B   16079.18671126  .00000170  00000-0  80638-4 0  9990,2 40087  47.0072  48.7928 0025626 320.5910  39.3109 14.53055127 89353
1 40087U 14040B   16079.94308211 +.00000152 +00000-0 +76253-4 0  9994,2 40087 047.0072 045.2499 0025593 323.9736 035.9422 14.53055606089468
1 40087U 14040B   16080.35564822  .00000153  00000-0  76509-4 0  9998,2 40087  47.0073  43.3176 0025571 325.8360  34.0877 14.53055855 89527
1 40087U 14040B   16081.93715062 +.00000120 +00000-0 +68717-4 0  9993,2 40087 047.0075 035.9097 0025492 332.9289 027.0264 14.53056740089750
1 40087U 14040B   16082.89980405  .00000082  00000-0  59569-4 0  9996,2 40087  47.0075  31.4007 0025438 337.2805  22.6951 14.53057126 89892
1 40087U 14040B   16084.20626198  .00000112  00000-0  66934-4 0  9997,2 40087  47.0076  25.2814 0025364 343.2163  16.7879 14.53058011 90082
1 40087U 14040B   16084.27502290 +.00000116 +00000-0 +67737-4 0  9996,2 40087 047.0076 024.9594 0025362 343.5408 016.4650 14.53058072090098
1 40087U 14040B   16085.23767582  .00000082  00000-0  59588-4 0  9997,2 40087  47.0077  20.4503 0025305 347.9250  12.1024 14.53058394 90231
1 40087U 14040B   16085.92528477 +.00000069 +00000-0 +56620-4 0  9990,2 40087 047.0078 017.2294 0025258 351.0192 009.0236 14.53058718090332
