1 40088U 14040C   14365.09238035  .00000873  00000-0  25079-3 0  9992,2 40088 047.0086 328.5452 0021227 102.3372 257.9863 14.52632581 24764
1 40088U 14040C   15001.33043309  .00000931  00000-0  26473-3 0  9999,2 40088 047.0083 322.7500 0021232 108.0247 252.2968 14.52635365 24948
1 40088U 14040C   15002.36214137  .00000801  00000-0  23335-3 0  9992,2 40088 047.0090 317.9206 0021269 112.9087 247.4051 14.52636910 25094
1 40088U 14040C   15003.87531206  .00000545  00000-0  17175-3 0  9998,2 40088 047.0087 310.8362 0021314 119.8177 240.4838 14.52638140 25310
1 40088U 14040C   15005.18213756  .00000603  00000-0  18571-3 0  9997,2 40088 047.0089 304.7204 0021302 125.7638 234.5193 14.52640443 25502
1 40088U 14040C   15006.21384114  .00000741  00000-0  21890-3 0  9990,2 40088 047.0090 299.8904 0021329 130.4850 229.7906 14.52642837 25656
1 40088U 14040C   15007.79578133  .00000989  00000-0  27870-3 0  9998,2 40088 047.0091 292.4855 0021395 138.0408 222.2167 14.52647442 25886
1 40088U 14040C   15008.96503694  .00000966  00000-0  27307-3 0  9998,2 40088 047.0096 287.0129 0021473 143.5612 216.6680 14.52649828 26057
1 40088U 14040C   15009.99673341  .00000919  00000-0  26174-3 0  9998,2 40088 047.0093 282.1833 0021498 148.1102 212.1057 14.52651946 26204
1 40088U 14040C   15011.16598729  .00000891  00000-0  25484-3 0  9998,2 40088 047.0089 276.7102 0021541 153.5393 206.6604 14.52654316 26376
1 40088U 14040C   15012.19767915  .00000893  00000-0  25533-3 0  9994,2 40088 047.0087 271.8811 0021699 158.4677 201.7122 14.52656399 26521
1 40088U 14040C   15013.71082569  .00000639  00000-0  19407-3 0  9999,2 40088 047.0086 264.7979 0022026 165.4261 194.7259 14.52658033 26741
1 40088U 14040C   15015.08641212  .00000569  00000-0  17737-3 0  9993,2 40088 047.0082 258.3581 0022045 171.4599 188.6667 14.52659712 26949
1 40088U 14040C   15016.11810077  .00000526  00000-0  16683-3 0  9997,2 40088 047.0079 253.5281 0021983 176.0264 184.0801 14.52660886 27090
1 40088U 14040C   15017.28734610  .00000597  00000-0  18403-3 0  9994,2 40088 047.0079 248.0557 0022050 181.3132 178.7701 14.52662903 27264
1 40088U 14040C   15018.66292750  .00000440  00000-0  14611-3 0  9995,2 40088 047.0081 241.6161 0022047 187.4533 172.5991 14.52663922 27462
1 40088U 14040C   15019.83217187  .00000328  00000-0  11915-3 0  9995,2 40088 047.0072 236.1421 0021935 192.6637 167.3682 14.52664679 27636
1 40088U 14040C   15021.07019291  .00000477  00000-0  15496-3 0  9993,2 40088 047.0069 230.3482 0022250 198.3032 161.7060 14.52666680 27810
1 40088U 14040C   15022.37699177  .00000463  00000-0  15170-3 0  9998,2 40088 047.0066 224.2293 0022188 204.2678 155.7165 14.52668230 28006
1 40088U 14040C   15023.54623080  .00000539  00000-0  16998-3 0  9991,2 40088 047.0060 218.7552 0022352 209.5083 150.4552 14.52670288 28173
1 40088U 14040C   15024.71546934  .00000361  00000-0  12701-3 0  9994,2 40088 047.0073 213.2813 0022325 214.6434 145.2925 14.52670730 28341
1 40088U 14040C   15025.74715105  .00000332  00000-0  11997-3 0  9990,2 40088 047.0076 208.4518 0022418 219.1815 140.7423 14.52671869 28491
1 40088U 14040C   15027.05394602  .00000627  00000-0  19124-3 0  9998,2 40088 047.0088 202.3344 0022536 224.6875 135.2229 14.52674851 28680
1 40088U 14040C   15028.49829546  .00000596  00000-0  18364-3 0  9997,2 40088 047.0088 195.5722 0022529 231.2003 128.6875 14.52676879 28890
1 40088U 14040C   15029.66752984  .00000600  00000-0  18454-3 0  9994,2 40088 047.0084 190.0993 0022488 236.6339 123.2388 14.52678704 29060
1 40088U 14040C   15031.04309763  .00000819  00000-0  23734-3 0  9991,2 40088 047.0074 183.6602 0022424 242.5740 117.2882 14.52682126 29263
1 40088U 14040C   15032.41866190  .00000897  00000-0  25613-3 0  9999,2 40088 047.0070 177.2198 0022542 248.4779 111.3725 14.52685412 29460
1 40088U 14040C   15033.45033396  .00000905  00000-0  25813-3 0  9990,2 40088 047.0075 172.3905 0022607 252.9316 106.9101 14.52687553 29619
1 40088U 14040C   15034.61956142  .00000810  00000-0  23510-3 0  9999,2 40088 047.0071 166.9157 0022557 258.2394 101.5952 14.52689371 29785
1 40088U 14040C   15035.78878682  .00000986  00000-0  27746-3 0  9999,2 40088 047.0082 161.4430 0022565 263.3424 096.4897 14.52692739 29952
1 40088U 14040C   15036.88923202  .00001063  00000-0  29600-3 0  9998,2 40088 047.0086 156.2906 0022599 268.1846 091.6447 14.52695665 30113
1 40088U 14040C   15037.92089868  .00000953  00000-0  26951-3 0  9998,2 40088 047.0082 151.4600 0022590 272.6930 087.1371 14.52697554 30263
1 40088U 14040C   15039.50278269  .00001125  00000-0  31085-3 0  9995,2 40088 047.0089 144.0572 0022592 278.8629 080.9678 14.52702355 30493
1 40088U 14040C   15040.80955435  .00001337  00000-0  36200-3 0  9996,2 40088 047.0089 137.9375 0022547 285.1027 074.7385 14.52706950 30680
1 40088U 14040C   15042.25387511  .00001584  00000-0  42128-3 0  9991,2 40088 047.0091 131.1758 0022535 291.6953 068.1556 14.52712956 30894
1 40088U 14040C   15043.76696985  .00001333  00000-0  36098-3 0  9997,2 40088 047.0103 124.0917 0022463 298.2621 061.5992 14.52716589 31114
1 40088U 14040C   15048.78767891  .00000752  00000-0  22112-3 0  9995,2 40088 047.0102 100.5899 0022411 321.7792 038.1521 14.52724842 31844
1 40088U 14040C   15050.09443433  .00000679  00000-0  20349-3 0  9993,2 40088 047.0100 094.4714 0022462 327.8282 032.1232 14.52726745 32035
1 40088U 14040C   15051.26363407  .00000743  00000-0  21904-3 0  9995,2 40088 047.0090 088.9980 0022399 332.9861 026.9837 14.52729195 32208
1 40088U 14040C   15052.29528071  .00000660  00000-0  19906-3 0  9996,2 40088 047.0083 084.1685 0022396 337.7510 022.2360 14.52730420 32350
1 40088U 14040C   15053.53325645  .00000551  00000-0  17268-3 0  9994,2 40088 047.0063 078.3710 0022321 343.4235 016.5924 14.52731667 32534
1 40088U 14040C   15055.04633441  .00000605  00000-0  18583-3 0  9999,2 40088 047.0061 071.2857 0022119 350.2484 009.7981 14.52734153 32757
1 40088U 14040C   15056.49063394  .00000665  00000-0  20008-3 0  9994,2 40088 047.0061 064.5225 0022108 356.8788 003.1961 14.52736630 32969
1 40088U 14040C   15057.52227564  .00000531  00000-0  16803-3 0  9990,2 40088 047.0069 059.6935 0022049 001.5045 358.5896 14.52737587 33118
1 40088U 14040C   15059.03534804  .00000517  00000-0  16447-3 0  9994,2 40088 047.0066 052.6077 0022064 008.4086 351.7157 14.52739624 33336
1 40088U 14040C   15060.34209070  .00000519  00000-0  16499-3 0  9993,2 40088 047.0056 046.4887 0022118 014.3860 345.7648 14.52741423 33520
1 40088U 14040C   15061.37372748  .00000684  00000-0  20482-3 0  9990,2 40088 047.0057 041.6585 0022106 019.0827 341.0880 14.52743833 33675
1 40088U 14040C   15062.40536255  .00000874  00000-0  25046-3 0  9992,2 40088 047.0056 036.8290 0022037 023.7701 336.4204 14.52746613 33823
1 40088U 14040C   15064.12474990  .00000985  00000-0  27702-3 0  9994,2 40088 047.0066 028.7798 0022055 031.7232 328.4958 14.52750968 34078
1 40088U 14040C   15065.29393097  .00000839  00000-0  24191-3 0  9998,2 40088 047.0071 023.3065 0022001 037.1655 323.0722 14.52752965 34240
1 40088U 14040C   15066.66943647  .00000766  00000-0  22433-3 0  9998,2 40088 047.0073 016.8668 0022085 043.3405 316.9205 14.52755275 34448
1 40088U 14040C   15067.83861248  .00000857  00000-0  24622-3 0  9997,2 40088 047.0063 011.3921 0022074 048.6393 311.6394 14.52758153 34619
1 40088U 14040C   15068.93901050  .00000962  00000-0  27155-3 0  9996,2 40088 047.0044 006.2411 0021960 053.8218 306.4667 14.52760813 34770
1 40088U 14040C   15070.24573137  .00000930  00000-0  26377-3 0  9994,2 40088 047.0041 000.1228 0021903 059.8470 300.4562 14.52763603 34968
1 40088U 14040C   15071.75877328  .00000853  00000-0  24531-3 0  9994,2 40088 047.0057 353.0387 0021691 067.1140 293.2043 14.52766544 35186
1 40088U 14040C   15072.79039168  .00000773  00000-0  22609-3 0  9996,2 40088 047.0067 348.2106 0021730 071.4243 288.9021 14.52768186 35336
1 40088U 14040C   15073.82200719  .00000791  00000-0  23050-3 0  9994,2 40088 047.0075 343.3804 0021669 076.2703 284.0613 14.52770334 35489
1 40088U 14040C   15074.92239546  .00000604  00000-0  18546-3 0  9993,2 40088 047.0075 338.2293 0021723 081.3639 278.9640 14.52771146 35642
1 40088U 14040C   15076.09155848  .00000526  00000-0  16659-3 0  9991,2 40088 047.0083 332.7549 0021750 086.9705 273.3678 14.52772688 35810
1 40088U 14040C   15077.19194328  .00000745  00000-0  21925-3 0  9994,2 40088 047.0089 327.6031 0021776 092.3254 268.0146 14.52775553 35975
1 40088U 14040C   15078.70496787  .00001013  00000-0  28369-3 0  9994,2 40088 047.0088 320.5186 0021750 099.4341 260.9022 14.52779952 36190
1 40088U 14040C   15079.73657289  .00001057  00000-0  29424-3 0  9995,2 40088 047.0089 315.6887 0021798 104.0001 256.3296 14.52782624 36341
1 40088U 14040C   15080.76817741  .00000854  00000-0  24553-3 0  9993,2 40088 047.0081 310.8582 0021784 108.6902 251.6328 14.52783719 36493
1 40088U 14040C   15081.79978211  .00000467  00000-0  15231-3 0  9990,2 40088 047.0079 306.0286 0021863 113.3407 246.9754 14.52783438 36644
1 40088U 14040C   15082.83138537  .00000360  00000-0  12661-3 0  9991,2 40088 047.0079 301.1986 0021867 118.2314 242.0779 14.52784171 36797
1 40088U 14040C   15084.00053332  .00000394  00000-0  13479-3 0  9996,2 40088 047.0075 295.7244 0021970 124.0146 236.2825 14.52785601 36966
1 40088U 14040C   15085.37599992  .00000351  00000-0  12442-3 0  9996,2 40088 047.0072 289.2848 0022021 130.4093 229.8699 14.52786994 37167
1 40088U 14040C   15086.54514433  .00000601  00000-0  18467-3 0  9994,2 40088 047.0065 283.8095 0022016 135.7625 224.5052 14.52789846 37339
1 40088U 14040C   15087.64551366  .00000542  00000-0  17044-3 0  9996,2 40088 047.0062 278.6568 0021954 140.4819 219.7627 14.52790921 37498
1 40088U 14040C   15088.88342894  .00000586  00000-0  18086-3 0  9992,2 40088 047.0055 272.8603 0021887 145.9200 214.3098 14.52792971 37675
1 40088U 14040C   15089.91502137  .00000772  00000-0  22572-3 0  9997,2 40088 047.0046 268.0304 0021944 151.0266 209.1844 14.52795553 37821
1 40088U 14040C   15090.94661233  .00000968  00000-0  27273-3 0  9995,2 40088 047.0047 263.1999 0021957 155.6969 204.4958 14.52798483 37977
1 40088U 14040C   15092.32206418  .00000863  00000-0  24748-3 0  9997,2 40088 047.0053 256.7592 0022046 162.3179 197.8469 14.52801039 38176
1 40088U 14040C   15093.35365227  .00000823  00000-0  23793-3 0  9990,2 40088 047.0049 251.9289 0022106 167.2191 192.9261 14.52802650 38329
1 40088U 14040C   15094.45401251  .00000498  00000-0  15979-3 0  9995,2 40088 047.0060 246.7769 0022307 172.1966 187.9271 14.52802939 38487
1 40088U 14040C   15095.62314160  .00000881  00000-0  25164-3 0  9990,2 40088 047.0068 241.3040 0022314 177.4366 182.6652 14.52806956 38655
1 40088U 14040C   15096.86104120  .00000830  00000-0  23944-3 0  9998,2 40088 047.0072 235.5067 0022480 182.8581 177.2181 14.52809139 38830
1 40088U 14040C   15098.37402750  .00000619  00000-0  18864-3 0  9996,2 40088 047.0069 228.4212 0022565 189.7769 170.2673 14.52810968 39053
1 40088U 14040C   15099.40560811  .00000649  00000-0  19605-3 0  9991,2 40088 047.0071 223.5910 0022617 194.4643 165.5603 14.52812735 39200
1 40088U 14040C   15100.50595946  .00000601  00000-0  18438-3 0  9993,2 40088 047.0073 218.4396 0022752 199.4089 160.5922 14.52814132 39361
1 40088U 14040C   15101.74385235  .00000924  00000-0  26199-3 0  9999,2 40088 047.0073 212.6448 0022780 204.8812 155.0995 14.52818038 39549
1 40088U 14040C   15102.77542685  .00001140  00000-0  31367-3 0  9991,2 40088 047.0072 207.8143 0022747 209.6236 150.3361 14.52821361 39696
1 40088U 14040C   15104.49471579  .00000910  00000-0  25853-3 0  9992,2 40088 047.0073 199.7635 0022630 217.6897 142.2373 14.52824402 39945
1 40088U 14040C   15105.73260216  .00000844  00000-0  24256-3 0  9996,2 40088 047.0074 193.9671 0022717 223.1986 136.7121 14.52826738 40124
1 40088U 14040C   15107.38311379  .00000841  00000-0  24193-3 0  9993,2 40088 047.0074 186.2381 0022738 230.6189 129.2685 14.52830107 40361
1 40088U 14040C   15108.62099379  .00001075  00000-0  29800-3 0  9994,2 40088 047.0075 180.4416 0022762 236.0306 123.8414 14.52834139 40544
1 40088U 14040C   15110.20272747  .00000959  00000-0  27022-3 0  9997,2 40088 047.0070 173.0365 0022861 242.9373 116.9171 14.52837308 40779
1 40088U 14040C   15111.37183378  .00000823  00000-0  23749-3 0  9999,2 40088 047.0073 167.5644 0022820 248.3460 111.4971 14.52839213 40946
1 40088U 14040C   15112.60970908  .00000890  00000-0  25356-3 0  9999,2 40088 047.0069 161.7661 0022798 254.1084 105.7280 14.52841952 41120
1 40088U 14040C   15113.98512302  .00000995  00000-0  27889-3 0  9990,2 40088 047.0067 155.3250 0022847 260.3380 099.4926 14.52845593 41327
1 40088U 14040C   15115.49807571  .00000917  00000-0  26015-3 0  9997,2 40088 047.0065 148.2393 0022875 266.9496 092.8751 14.52848512 41546
1 40088U 14040C   15116.52963416  .00000790  00000-0  22964-3 0  9991,2 40088 047.0060 143.4088 0022853 271.6822 088.1443 14.52850007 41695
1 40088U 14040C   15118.11135512  .00000595  00000-0  18270-3 0  9994,2 40088 047.0061 136.0015 0022917 278.8074 081.0202 14.52851701 41926
1 40088U 14040C   15119.48676479  .00000487  00000-0  15677-3 0  9995,2 40088 047.0064 129.5613 0022848 284.9974 074.8383 14.52852969 42120
1 40088U 14040C   15120.51832021  .00000570  00000-0  17691-3 0  9999,2 40088 047.0061 124.7304 0022861 289.7412 070.1002 14.52854736 42273
1 40088U 14040C   15122.03126745  .00000465  00000-0  15159-3 0  9997,2 40088 047.0057 117.6456 0022819 296.2630 063.5899 14.52856221 42490
1 40088U 14040C   15123.13159218  .00000405  00000-0  13716-3 0  9991,2 40088 047.0052 112.4922 0022820 301.3879 058.4762 14.52857318 42659
1 40088U 14040C   15124.36945655  .00000426  00000-0  14227-3 0  9996,2 40088 047.0054 106.6957 0022843 306.9010 052.9767 14.52858814 42833
1 40088U 14040C   15125.74486041  .00000399  00000-0  13587-3 0  9995,2 40088 047.0058 100.2557 0022848 312.9185 046.9770 14.52860397 43037
1 40088U 14040C   15126.98272309  .00000334  00000-0  12023-3 0  9995,2 40088 047.0055 094.4588 0022777 318.2093 041.7032 14.52861336 43218
1 40088U 14040C   15128.01427619  .00000243  00000-0  98332-4 0  9994,2 40088 047.0050 089.6289 0022694 322.2138 037.7185 14.52861653 43362
1 40088U 14040C   15129.04582589  .00000498  00000-0  15957-3 0  9999,2 40088 047.0056 084.7988 0022642 326.8662 033.0806 14.52864253 43510
1 40088U 14040C   15130.07737502  .00000774  00000-0  22566-3 0  9992,2 40088 047.0061 079.9683 0022717 331.7929 028.1711 14.52866974 43666
1 40088U 14040C   15131.31523333  .00000565  00000-0  17572-3 0  9994,2 40088 047.0075 074.1716 0022621 337.5197 022.4681 14.52868414 43844
1 40088U 14040C   15132.82816907  .00000669  00000-0  20052-3 0  9995,2 40088 047.0077 067.0859 0022503 344.6209 015.3990 14.52871233 44069
1 40088U 14040C   15133.24078722 -.00001507  00000-0 -32168-3 0  9992,2 40088 047.0076 065.1534 0022480 345.0292 014.9288 14.52857983 44126
1 40088U 14040C   15134.20358870 -.00005993  00000-0 -14004-2 0  9995,2 40088 047.0078 060.6464 0022319 351.7714 008.1646 14.52828811 44260
1 40088U 14040C   15134.75377419 -.00000797  00000-0  00000+0 0  9999,2 40088 047.0043 058.0779 0023087 355.1458 004.9678 14.52854327 44358
1 40088U 14040C   15134.82255154 -.00000845  00000-0  00000+0 0  9992,2 40088 047.0033 057.7576 0022416 353.0452 007.0597 14.52846774 44366
1 40088U 14040C   15134.82256606 -.00008108  00000-0 -19100-2 0  9990,2 40088 047.0076 057.7464 0022713 354.4766 005.5950 14.52811299 44351
1 40088U 14040C   15135.99170278 -.00007393  00000-0 -17384-2 0  9996,2 40088 047.0072 052.2733 0022302 359.6726 000.4401 14.52799017 44520
1 40088U 14040C   15136.26679079 -.00004469  00000-0 -10343-2 0  9999,2 40088 047.0072 050.9848 0022303 000.9233 359.2261 14.52810450 44560
1 40088U 14040C   15137.09204650  .00001101  00000-0  30449-3 0  9998,2 40088 047.0080 047.1214 0022000 003.5646 356.5844 14.52827377 44681
1 40088U 14040C   15138.12361432  .00001045  00000-0  29097-3 0  9999,2 40088 047.0076 042.2894 0022029 008.4960 351.6269 14.52829611 44837
1 40088U 14040C   15139.15519022  .00000988  00000-0  27737-3 0  9997,2 40088 047.0084 037.4595 0022082 013.2827 346.8646 14.52831910 44981
1 40088U 14040C   15141.01202163  .00000904  00000-0  25713-3 0  9990,2 40088 047.0090 028.7634 0022241 021.9936 338.1880 14.52835437 45252
1 40088U 14040C   15142.04359194  .00000846  00000-0  24333-3 0  9993,2 40088 047.0089 023.9337 0022220 026.5565 333.6420 14.52837426 45400
1 40088U 14040C   15143.07516117  .00000790  00000-0  22970-3 0  9990,2 40088 047.0090 019.1045 0022133 031.1214 329.0944 14.52839165 45559
1 40088U 14040C   15144.10673204  .00000263  00000-0  10339-3 0  9997,2 40088 047.0068 014.2766 0021940 036.1374 324.0993 14.52837959 45702
1 40088U 14040C   15145.13830021  .00000315  00000-0  11569-3 0  9997,2 40088 047.0067 009.4480 0021791 040.9140 319.3379 14.52839112 45852
1 40088U 14040C   15146.23863822  .00000393  00000-0  13447-3 0  9997,2 40088 047.0075 004.2944 0021714 045.9305 314.3357 14.52840527 46014
1 40088U 14040C   15147.54528886  .00000330  00000-0  11932-3 0  9998,2 40088 047.0074 358.1738 0021526 052.3913 307.8948 14.52841587 46204
1 40088U 14040C   15148.98948101  .00000258  00000-0  10216-3 0  9996,2 40088 047.0060 351.4179 0021417 058.4443 301.8529 14.52842328 46414
1 40088U 14040C   15150.15858762  .00000189  00000-0  85573-4 0  9993,2 40088 047.0060 345.9433 0021375 063.9678 296.3404 14.52842794 46584
1 40088U 14040C   15150.15858762  .00000189  00000-0  85573-4 0  9993,2 40088 047.0060 345.9433 0021375 063.9678 296.3404 14.52842794 46584
1 40088U 14040C   15151.80908944  .00000268  00000-0  10448-3 0  9990,2 40088 047.0061 338.2147 0021337 071.7177 288.6026 14.52844281 46825
1 40088U 14040C   15152.97819347  .00000122  00000-0  69517-4 0  9998,2 40088 047.0060 332.7404 0021320 077.2202 283.1062 14.52844346 46991
1 40088U 14040C   15154.49115028  .00000145  00000-0  75051-4 0  9997,2 40088 047.0060 325.6558 0021294 084.3634 275.9677 14.52845430 47212
1 40088U 14040C   15155.79779339  .00000218  00000-0  92458-4 0  9993,2 40088 047.0060 319.5374 0021294 090.5115 269.8209 14.52846659 47401
1 40088U 14040C   15156.82935267  .00000244  00000-0  98738-4 0  9998,2 40088 047.0059 314.7070 0021293 095.3576 264.9737 14.52847509 47555
1 40088U 14040C   15157.86091107  .00000330  00000-0  11932-3 0  9995,2 40088 047.0058 309.8766 0021294 100.2319 260.0967 14.52848684 47707
1 40088U 14040C   15158.89246813  .00000413  00000-0  13917-3 0  9992,2 40088 047.0058 305.0460 0021296 105.1168 255.2073 14.52850002 47851
1 40088U 14040C   15159.85525336 +.00000533 +00000-0 +16803-3 0  9999,2 40088 047.0058 300.5377 0021311 109.6025 250.7162 14.52851690047838
1 40088U 14040C   15160.40541598  .00000540  00000-0  16973-3 0  9996,2 40088 047.0058 297.9614 0021313 112.2024 248.1123 14.52852318 48075
1 40088U 14040C   15160.81803749 +.00000594 +00000-0 +18275-3 0  9996,2 40088 047.0058 296.0293 0021326 114.1410 246.1706 14.52853145047974
1 40088U 14040C   15161.43696950  .00000594  00000-0  18263-3 0  9996,2 40088 047.0058 293.1310 0021334 117.0602 243.2462 14.52853940 48225
1 40088U 14040C   15161.84959044 +.00000662 +00000-0 +19912-3 0  9995,2 40088 047.0057 291.1989 0021346 118.9916 241.3111 14.52854894048123
1 40088U 14040C   15162.46852125  .00000667  00000-0  20023-3 0  9996,2 40088 047.0057 288.3006 0021358 121.9235 238.3730 14.52855919 48371
1 40088U 14040C   15162.74360157 +.00000649 +00000-0 +19589-3 0  9991,2 40088 047.0057 287.0126 0021368 123.1878 237.1058 14.52856230048252
1 40088U 14040C   15163.77515139 +.00000755 +00000-0 +22121-3 0  9991,2 40088 047.0057 282.1823 0021398 128.0259 232.2560 14.52858514048400
1 40088U 14040C   15164.80669975 +.00000734 +00000-0 +21617-3 0  9990,2 40088 047.0055 277.3520 0021424 132.8754 227.3932 14.52860156048718
1 40088U 14040C   15165.76947661 +.00000688 +00000-0 +20528-3 0  9995,2 40088 047.0054 272.8437 0021458 137.4055 222.8496 14.52861663048692
1 40088U 14040C   15166.31963453 +.00000601 +00000-0 +18428-3 0  9995,2 40088 047.0053 270.2673 0021478 139.9794 220.2676 14.52862090048938
1 40088U 14040C   15167.62625781  .00000527  00000-0  16663-3 0  9995,2 40088 047.0052 264.1489 0021537 146.0949 214.1316 14.52863818 49114
1 40088U 14040C   15168.65780120  .00000451  00000-0  14835-3 0  9993,2 40088 047.0051 259.3186 0021585 150.8708 209.3384 14.52865012 49267
1 40088U 14040C   15169.34549635 +.00000377 +00000-0 +13062-3 0  9992,2 40088 047.0050 256.0983 0021612 154.0413 206.1559 14.52865590049210
1 40088U 14040C   15170.23949934  .00000336  00000-0  12066-3 0  9996,2 40088 047.0049 251.9119 0021655 158.1768 202.0043 14.52866535 49491
1 40088U 14040C   15171.54611844  .00000235  00000-0  96431-4 0  9994,2 40088 047.0048 245.7934 0021731 164.1680 195.9887 14.52867439 49682
1 40088U 14040C   15172.64642853  .00000158  00000-0  77931-4 0  9998,2 40088 047.0047 240.6412 0021770 169.2709 190.8643 14.52868041 49849
1 40088U 14040C   15174.15935402  .00000110  00000-0  66302-4 0  9999,2 40088 047.0045 233.5565 0021858 176.2224 183.8828 14.52868855 50060
1 40088U 14040C   15175.19089251  .00000246  00000-0  99113-4 0  9992,2 40088 047.0043 228.7261 0021907 180.9259 179.1587 14.52870567 50212
1 40088U 14040C   15176.42873981  .00000106  00000-0  65485-4 0  9990,2 40088 047.0041 222.9295 0021978 186.5314 173.5286 14.52870389 50390
1 40088U 14040C   15177.46027826  .00000093  00000-0  62194-4 0  9993,2 40088 047.0040 218.0990 0022036 191.2025 168.8371 14.52870939 50545
1 40088U 14040C   15178.49181643  .00000057  00000-0  53587-4 0  9991,2 40088 047.0039 213.2684 0022091 195.8584 164.1610 14.52871351 50691
1 40088U 14040C   15179.52335435  .00000031  00000-0  47443-4 0  9992,2 40088 047.0038 208.4378 0022150 200.5121 159.4875 14.52871770 50845
1 40088U 14040C   15180.55489214 -.00000011  00000-0  37459-4 0  9997,2 40088 047.0038 203.6072 0022200 205.1561 154.8243 14.52872038 50990
1 40088U 14040C   15180.55489214 -.00000011  00000-0  37459-4 0  9997,2 40088 047.0038 203.6072 0022200 205.1561 154.8243 14.52872038 50990
1 40088U 14040C   15182.06780248 -.00000041  00000-0  30241-4 0  9991,2 40088 047.0038 196.5223 0022279 211.9384 148.0150 14.52872455 51213
1 40088U 14040C   15183.09934014 -.00000045  00000-0  29085-4 0  9995,2 40088 047.0038 191.6918 0022328 216.5416 143.3944 14.52872769 51365
1 40088U 14040C   15184.13087786 -.00000064  00000-0  24668-4 0  9999,2 40088 047.0038 186.8612 0022376 221.1293 138.7904 14.52872976 51511
1 40088U 14040C   15185.16241563 -.00000021  00000-0  34963-4 0  9990,2 40088 047.0038 182.0307 0022425 225.7075 134.1969 14.52873460 51669
1 40088U 14040C   15186.40026064  .00000101  00000-0  64294-4 0  9993,2 40088 047.0037 176.2340 0022463 231.1968 128.6909 14.52874518 51841
1 40088U 14040C   15187.43179781  .00000096  00000-0  62978-4 0  9992,2 40088 047.0038 171.4033 0022491 235.7509 124.1244 14.52874951 51990
1 40088U 14040C   15189.08225686  .00000202  00000-0  88513-4 0  9993,2 40088 047.0040 163.6742 0022523 243.0584 116.7998 14.52876401 52237
1 40088U 14040C   15190.18256228  .00000291  00000-0  10985-3 0  9997,2 40088 047.0041 158.5216 0022559 247.9031 111.9457 14.52877645 52391
1 40088U 14040C   15191.35163644  .00000160  00000-0  78374-4 0  9998,2 40088 047.0043 153.0470 0022573 253.0372 106.8038 14.52877885 52560
1 40088U 14040C   15192.79578591  .00000304  00000-0  11300-3 0  9993,2 40088 047.0046 146.2843 0022599 259.3850 100.4488 14.52879979 52777
1 40088U 14040C   15193.82732130  .00000221  00000-0  92935-4 0  9991,2 40088 047.0047 141.4538 0022607 263.9085 095.9222 14.52880385 52921
1 40088U 14040C   15194.85885612  .00000239  00000-0  97408-4 0  9998,2 40088 047.0048 136.6233 0022604 268.4305 091.3989 14.52881402 53070
1 40088U 14040C   15196.16546687  .00000210  00000-0  90240-4 0  9996,2 40088 047.0049 130.5048 0022584 274.1619 085.6683 14.52882275 53264
1 40088U 14040C   15197.26577045  .00000129  00000-0  70857-4 0  9991,2 40088 047.0050 125.3523 0022554 279.0197 080.8134 14.52882696 53421
1 40088U 14040C   15198.84745638  .00000095  00000-0  62721-4 0  9994,2 40088 047.0052 117.9455 0022522 285.9717 073.8685 14.52883648 53659
1 40088U 14040C   15200.15406633  .00000093  00000-0  62310-4 0  9993,2 40088 047.0053 111.8270 0022477 291.7554 068.0938 14.52884500 53847
1 40088U 14040C   15201.18560027  .00000051  00000-0  52200-4 0  9996,2 40088 047.0055 106.9966 0022442 296.2982 063.5596 14.52884927 53992
1 40088U 14040C   15203.79881899  .00000065  00000-0  55687-4 0  9995,2 40088 047.0056 094.7594 0022343 307.8370 052.0491 14.52886575 54375
1 40088U 14040C   15205.10542784  .00000093  00000-0  62219-4 0  9999,2 40088 047.0055 088.6409 0022264 313.6068 046.2968 14.52887500 54566
1 40088U 14040C   15206.13696110  .00000082  00000-0  59659-4 0  9998,2 40088 047.0055 083.8104 0022212 318.2025 041.7162 14.52888018 54710
1 40088U 14040C   15208.06248936  .00000057  00000-0  53698-4 0  9990,2 40088 047.0055 074.7933 0022088 326.7533 033.1962 14.52888883 54991
1 40088U 14040C   15209.09402202  .00000058  00000-0  53889-4 0  9995,2 40088 047.0055 069.9626 0022017 331.3390 028.6282 14.52889423 55144
1 40088U 14040C   15210.81324271  .00000110  00000-0  66425-4 0  9995,2 40088 047.0056 061.9115 0021916 339.0453 020.9530 14.52890546 55398
1 40088U 14040C   15210.81324271  .00000110  00000-0  66425-4 0  9995,2 40088 047.0056 061.9115 0021916 339.0453 020.9530 14.52890546 55398
1 40088U 14040C   15212.05108117  .00000123  00000-0  69550-4 0  9998,2 40088 047.0056 056.1148 0021829 344.6226 015.3992 14.52891221 55574
1 40088U 14040C   15213.56399401  .00000160  00000-0  78461-4 0  9995,2 40088 047.0057 049.0300 0021737 351.4236 008.6273 14.52892238 55791
1 40088U 14040C   15214.87059988  .00000154  00000-0  76924-4 0  9998,2 40088 047.0057 042.9110 0021622 357.3372 002.7393 14.52892936 55985
1 40088U 14040C   15215.97089921  .00000123  00000-0  69663-4 0  9998,2 40088 047.0057 037.7584 0021571 002.3686 357.7296 14.52893399 56148
1 40088U 14040C   15217.48380978  .00000136  00000-0  72750-4 0  9997,2 40088 047.0057 030.6733 0021456 009.2383 350.8892 14.52894309 56360
1 40088U 14040C   15218.85918210  .00000123  00000-0  69657-4 0  9993,2 40088 047.0058 024.2324 0021365 015.5326 344.6209 14.52895057 56568
1 40088U 14040C   15219.89071076  .00000163  00000-0  79203-4 0  9990,2 40088 047.0059 019.4018 0021320 020.2805 339.8921 14.52895866 56713
1 40088U 14040C   15220.92223875  .00000205  00000-0  89161-4 0  9993,2 40088 047.0060 014.5711 0021251 025.0399 335.1511 14.52896715 56869
1 40088U 14040C   15222.50391382  .00000147  00000-0  75342-4 0  9999,2 40088 047.0062 007.1642 0021146 032.3170 327.9005 14.52897433 57094
1 40088U 14040C   15223.81051389  .00000109  00000-0  66328-4 0  9996,2 40088 047.0062 001.0456 0021061 038.3656 321.8721 14.52898052 57288
1 40088U 14040C   15224.84203963  .00000083  00000-0  60011-4 0  9991,2 40088 047.0063 356.2151 0021030 043.1471 317.1056 14.52898554 57434
1 40088U 14040C   15226.14863782  .00000054  00000-0  53111-4 0  9998,2 40088 047.0064 350.0965 0020959 049.1987 311.0710 14.52899202 57629
1 40088U 14040C   15227.52400326  .00000086  00000-0  60760-4 0  9995,2 40088 047.0064 343.6557 0020908 055.6425 304.6433 14.52900149 57833
1 40088U 14040C   15228.69306241  .00000207  00000-0  89640-4 0  9998,2 40088 047.0064 338.1813 0020845 061.0907 299.2065 14.52901610 58007
1 40088U 14040C   15229.72458463  .00000195  00000-0  86872-4 0  9997,2 40088 047.0064 333.3509 0020809 065.8890 294.4167 14.52902208 58159
1 40088U 14040C   15230.75610623  .00000149  00000-0  75801-4 0  9999,2 40088 047.0064 328.5204 0020789 070.7281 289.5849 14.52902608 58306
1 40088U 14040C   15231.71885897 +.00000094 +00000-0 +62509-4 0  9993,2 40088 047.0063 324.0120 0020765 075.2377 285.0806 14.52902945058288
1 40088U 14040C   15232.47530700  .00000117  00000-0  68191-4 0  9996,2 40088 047.0063 320.4696 0020743 078.7959 281.5255 14.52903565 58554
1 40088U 14040C   15233.50682654  .00000068  00000-0  56378-4 0  9996,2 40088 047.0062 315.6392 0020723 083.6262 276.6981 14.52903938 58704
1 40088U 14040C   15234.60711338 +.00000056 +00000-0 +53415-4 0  9996,2 40088 047.0060 310.4868 0020704 088.7795 271.5460 14.52904487058862
1 40088U 14040C   15235.63863156 +.00000073 +00000-0 +57652-4 0  9992,2 40088 047.0058 305.6562 0020693 093.6033 266.7218 14.52905096059015
1 40088U 14040C   15236.67014926 +.00000059 +00000-0 +54267-4 0  9993,2 40088 047.0056 300.8255 0020694 098.4629 261.8601 14.52905453059169
1 40088U 14040C   15238.52687955  .00000039  00000-0  49309-4 0  9996,2 40088 047.0052 292.1303 0020706 107.2015 253.1137 14.52906073 59431
1 40088U 14040C   15240.45237520 +.00000061 +00000-0 +54576-4 0  9997,2 40088 047.0050 283.1128 0020734 116.2486 244.0531 14.52907054059557
1 40088U 14040C   15241.14005165  .00000051  00000-0  52226-4 0  9991,2 40088 047.0049 279.8922 0020743 119.4642 240.8314 14.52907334 59811
1 40088U 14040C   15241.55265742 +.00000060 +00000-0 +54496-4 0  9996,2 40088 047.0048 277.9601 0020754 121.3781 238.9136 14.52907585059718
1 40088U 14040C   15242.17156582  .00000047  00000-0  51401-4 0  9994,2 40088 047.0048 275.0615 0020766 124.2848 236.0005 14.52907822 59955
1 40088U 14040C   15242.58417141 +.00000025 +00000-0 +46000-4 0  9995,2 40088 047.0047 273.1293 0020785 126.2047 234.0762 14.52907888059869
1 40088U 14040C   15243.47814977  .00000015  00000-0  43506-4 0  9999,2 40088 047.0046 268.9426 0020819 130.3862 229.8843 14.52908240 60145
1 40088U 14040C   15243.54691732 +.00000014 +00000-0 +43400-4 0  9991,2 40088 047.0046 268.6205 0020815 130.6968 229.5728 14.52908271060001
1 40088U 14040C   15244.50966282  .00000004  00000-0  41016-4 0  9993,2 40088  47.0044 264.1118 0020845 135.1765 225.0806 14.52908626 60294
1 40088U 14040C   15245.54117548 -.00000021 +00000-0 +34866-4 0  9996,2 40088 047.0043 259.2810 0020880 139.9578 220.2849 14.52908864060445
1 40088U 14040C   15246.43515277 -.00000034 +00000-0 +31754-4 0  9993,2 40088 047.0042 255.0942 0020921 144.1004 216.1289 14.52909077060429
1 40088U 14040C   15247.19159478 -.00000029  00000-0  33165-4 0  9996,2 40088  47.0041 251.5514 0020953 147.6117 212.6057 14.52909348 60685
1 40088U 14040C   15247.46666457 -.00000020 +00000-0 +35160-4 0  9994,2 40088 047.0041 250.2632 0020966 148.8618 211.3513 14.52909472060574
1 40088U 14040C   15248.49817585  .00000012  00000-0  42951-4 0  9994,2 40088  47.0040 245.4324 0021004 153.6023 206.5935 14.52909986 60872
1 40088U 14040C   15249.94229082 +.00000028 +00000-0 +46676-4 0  9999,2 40088 047.0041 238.6690 0021077 160.2712 199.8991 14.52910622060934
1 40088U 14040C   15250.14859293  .00000024  00000-0  45663-4 0  9997,2 40088  47.0042 237.7029 0021090 161.2086 198.9580 14.52910687 61117
1 40088U 14040C   15250.42366236 +.00000026 +00000-0 +46272-4 0  9997,2 40088 047.0042 236.4147 0021112 162.4888 197.6728 14.52910812061000
1 40088U 14040C   15251.38640499  .00000052  00000-0  52350-4 0  9992,2 40088  47.0043 231.9060 0021168 166.9161 193.2275 14.52911372 61291
1 40088U 14040C   15252.41791465  .00000042  00000-0  49945-4 0  9992,2 40088  47.0043 227.0752 0021205 171.5724 188.5519 14.52911794 61447
1 40088U 14040C   15252.89928557 +.00000033 +00000-0 +47887-4 0  9991,2 40088 047.0044 224.8208 0021230 173.7874 186.3277 14.52911999061362
1 40088U 14040C   15253.79326000  .00000043  00000-0  50256-4 0  9991,2 40088  47.0045 220.6343 0021282 177.8596 182.2382 14.52912516 61649
1 40088U 14040C   15253.93079448 +.00000031 +00000-0 +47519-4 0  9993,2 40088 047.0044 219.9902 0021291 178.4770 181.6181 14.52912529061511
1 40088U 14040C   15254.89353588  .00000042  00000-0  49950-4 0  9992,2 40088  47.0045 215.4816 0021339 182.8228 177.2538 14.52913039 61803
1 40088U 14040C   15254.96230311 +.00000040 +00000-0 +49551-4 0  9993,2 40088 047.0045 215.1595 0021343 183.1275 176.9478 14.52913071061664
1 40088U 14040C   15255.92504428 +.00000018 +00000-0 +44166-4 0  9995,2 40088 047.0045 210.6509 0021393 187.4551 172.6017 14.52913401061803
1 40088U 14040C   15256.20011320  .00000008  00000-0  41961-4 0  9990,2 40088  47.0045 209.3628 0021414 188.7098 171.3417 14.52913452 61990
1 40088U 14040C   15256.88778524 +.00000014 +00000-0 +43408-4 0  9995,2 40088 047.0046 206.1423 0021444 191.7984 168.2400 14.52913790061947
1 40088U 14040C   15257.23162133  .00000010  00000-0  42325-4 0  9991,2 40088  47.0046 204.5321 0021466 193.3366 166.6952 14.52913887 62146
1 40088U 14040C   15257.85052605 +.00000012 +00000-0 +42931-4 0  9996,2 40088 047.0046 201.6336 0021501 196.1427 163.8773 14.52914140062085
1 40088U 14040C   15258.33189635  .00000020  00000-0  44680-4 0  9996,2 40088  47.0046 199.3794 0021528 198.2912 161.7199 14.52914380 62307
1 40088U 14040C   15258.88203379 +.00000018 +00000-0 +44262-4 0  9991,2 40088 047.0047 196.8029 0021551 200.7650 159.2359 14.52914586062235
1 40088U 14040C   15259.84477424  .00000023  00000-0  45348-4 0  9994,2 40088  47.0048 192.2943 0021592 205.0293 154.9545 14.52914961 62525
1 40088U 14040C   15260.87628147  .00000045  00000-0  50748-4 0  9993,2 40088  47.0049 187.4636 0021642 209.6352 150.3307 14.52915544 62673
1 40088U 14040C   15261.83902133 +.00000071 +00000-0 +56915-4 0  9991,2 40088 047.0050 182.9550 0021684 213.9097 146.0401 14.52916150062660
1 40088U 14040C   15262.18285684  .00000121  00000-0  69051-4 0  9996,2 40088  47.0050 181.3450 0021692 215.4277 144.5166 14.52916626 62869
1 40088U 14040C   15262.87052784 +.00000123 +00000-0 +69334-4 0  9991,2 40088 047.0051 178.1244 0021723 218.4716 141.4619 14.52917048062814
1 40088U 14040C   15263.21436328  .00000162  00000-0  78696-4 0  9994,2 40088  47.0051 176.5144 0021734 220.0073 139.9210 14.52917460 63012
1 40088U 14040C   15263.90203388 +.00000168 +00000-0 +80213-4 0  9992,2 40088 047.0051 173.2939 0021767 223.0511 136.8670 14.52917991062962
1 40088U 14040C   15264.86477265 +.00000157 +00000-0 +77510-4 0  9999,2 40088 047.0050 168.7853 0021798 227.2850 132.6198 14.52918618063104
1 40088U 14040C   15265.13984082  .00000160  00000-0  78311-4 0  9994,2 40088  47.0050 167.4972 0021807 228.4909 131.4103 14.52918827 63296
1 40088U 14040C   15265.89627822 +.00000157 +00000-0 +77672-4 0  9998,2 40088 047.0049 163.9546 0021834 231.8185 128.0731 14.52919350063253
1 40088U 14040C   15266.17134640  .00000161  00000-0  78530-4 0  9990,2 40088  47.0049 162.6666 0021836 233.0407 126.8477 14.52919541 63441
1 40088U 14040C   15266.85901653 +.00000155 +00000-0 +77203-4 0  9990,2 40088 047.0049 159.4460 0021859 236.0604 123.8201 14.52920010063393
1 40088U 14040C   15267.75298754  .00000176  00000-0  82022-4 0  9999,2 40088  47.0047 155.2594 0021888 239.9973 119.8738 14.52920753 63671
1 40088U 14040C   15267.82175454 +.00000171 +00000-0 +80980-4 0  9994,2 40088 047.0047 154.9373 0021889 240.2936 119.5768 14.52920783063535
1 40088U 14040C   15268.85325935  .00000201  00000-0  88021-4 0  9997,2 40088  47.0047 150.1066 0021908 244.8247 115.0364 14.52921669 63839
1 40088U 14040C   15269.88476404 +.00000183 +00000-0 +83722-4 0  9991,2 40088 047.0046 145.2758 0021928 249.3456 110.5076 14.52922240063831
1 40088U 14040C   15270.15983203  .00000171  00000-0  81004-4 0  9991,2 40088  47.0046 143.9877 0021935 250.5718 109.2795 14.52922324 64029
1 40088U 14040C   15270.91626860 +.00000179 +00000-0 +82838-4 0  9992,2 40088 047.0046 140.4450 0021943 253.8602 105.9866 14.52922862063988
1 40088U 14040C   15271.81023911  .00000140  00000-0  73598-4 0  9991,2 40088  47.0046 136.2584 0021953 257.7519 102.0906 14.52923216 64269
1 40088U 14040C   15271.87900606 +.00000170 +00000-0 +80704-4 0  9992,2 40088 047.0046 135.9363 0021953 258.0602 101.7820 14.52923416064125
1 40088U 14040C   15272.84174332  .00000155  00000-0  77027-4 0  9996,2 40088  47.0046 131.4276 0021955 262.2469  97.5922 14.52923945 64413
1 40088U 14040C   15272.91051028 +.00000154 +00000-0 +76778-4 0  9991,2 40088 047.0046 131.1056 0021956 262.5621 097.2767 14.52923977064273
1 40088U 14040C   15273.94201439 +.00000156 +00000-0 +77375-4 0  9994,2 40088 047.0046 126.2749 0021955 267.0715 092.7656 14.52924631064422
1 40088U 14040C   15274.01078132  .00000154  00000-0  76786-4 0  9998,2 40088  47.0046 125.9528 0021954 267.3806  92.4564 14.52924667 64587
1 40088U 14040C   15274.90475128 +.00000174 +00000-0 +81611-4 0  9997,2 40088 047.0045 121.7661 0021951 271.2769 088.5600 14.52925373064567
1 40088U 14040C   15275.04228507  .00000178  00000-0  82541-4 0  9997,2 40088  47.0045 121.1220 0021942 271.8655  87.9715 14.52925506 64739
1 40088U 14040C   15275.93625484 +.00000192 +00000-0 +86011-4 0  9992,2 40088 047.0045 116.9352 0021938 275.7730 084.0652 14.52926178064711
1 40088U 14040C   15276.55515691  .00000203  00000-0  88676-4 0  9991,2 40088  47.0044 114.0366 0021940 278.4862  81.3535 14.52926638 64950
1 40088U 14040C   15276.89899134 +.00000192 +00000-0 +85959-4 0  9993,2 40088 047.0044 112.4263 0021929 279.9680 079.8729 14.52926824064852
1 40088U 14040C   15277.86172768  .00000157  00000-0  77538-4 0  9993,2 40088  47.0044 107.9174 0021915 284.1665  75.6783 14.52927296 65149
1 40088U 14040C   15277.93049455 +.00000160 +00000-0 +78218-4 0  9997,2 40088 047.0044 107.5954 0021912 284.4808 075.3645 14.52927359065009
1 40088U 14040C   15278.89323076 +.00000139 +00000-0 +73344-4 0  9998,2 40088 047.0044 103.0865 0021893 288.6890 071.1617 14.52927890065144
1 40088U 14040C   15278.96199762  .00000140  00000-0  73445-4 0  9993,2 40088  47.0044 102.7644 0021891 288.9960  70.8552 14.52927944 65306
1 40088U 14040C   15279.92473371 +.00000120 +00000-0 +68661-4 0  9993,2 40088 047.0044 098.2555 0021872 293.2431 066.6150 14.52928435065298
1 40088U 14040C   15280.54363505  .00000167  00000-0  80025-4 0  9999,2 40088  47.0045  95.3568 0021853 295.9169  63.9463 14.52929196 65536
1 40088U 14040C   15280.88746928 +.00000154 +00000-0 +76900-4 0  9993,2 40088 047.0045 093.7466 0021836 297.4136 062.4527 14.52929354065437
1 40088U 14040C   15281.85020463  .00000168  00000-0  80298-4 0  9990,2 40088  47.0047  89.2378 0021808 301.6409  58.2347 14.52930171 65725
1 40088U 14040C   15282.88170682  .00000126  00000-0  70214-4 0  9994,2 40088  47.0048  84.4070 0021772 306.2011  53.6859 14.52930643 65879
1 40088U 14040C   15283.84444196 +.00000105 +00000-0 +65108-4 0  9998,2 40088 047.0050 079.8983 0021738 310.4322 049.4665 14.52931197065869
1 40088U 14040C   15283.91320874  .00000102  00000-0  64515-4 0  9990,2 40088  47.0050  79.5762 0021736 310.7355  49.1641 14.52931235 66021
1 40088U 14040C   15284.87594369 +.00000109 +00000-0 +65990-4 0  9993,2 40088 047.0051 075.0675 0021695 314.9907 044.9218 14.52931905066015
1 40088U 14040C   15285.42607787  .00000108  00000-0  65763-4 0  9991,2 40088  47.0052  72.4909 0021677 317.4069  42.5133 14.52932236 66247
1 40088U 14040C   15285.83867841 +.00000111 +00000-0 +66611-4 0  9992,2 40088 047.0052 070.5586 0021651 319.2313 040.6950 14.52932529066152
1 40088U 14040C   15286.52634594  .00000111  00000-0  66671-4 0  9992,2 40088  47.0053  67.3380 0021620 322.2601  37.6765 14.52932966 66402
1 40088U 14040C   15286.87017959 +.00000115 +00000-0 +67522-4 0  9990,2 40088 047.0053 065.7279 0021608 323.7754 036.1666 14.52933232066302
1 40088U 14040C   15287.83291383  .00000164  00000-0  79250-4 0  9997,2 40088  47.0055  61.2192 0021569 328.0861  31.8715 14.52934099 66592
1 40088U 14040C   15288.79564794 +.00000162 +00000-0 +78851-4 0  9996,2 40088 047.0056 056.7105 0021524 332.3707 027.6031 14.52934627066584
1 40088U 14040C   15289.13948128  .00000184  00000-0  84120-4 0  9992,2 40088  47.0057  55.1001 0021512 333.8941  26.0857 14.52935008 66781
1 40088U 14040C   15289.82714816 +.00000208 +00000-0 +89832-4 0  9995,2 40088 047.0057 051.8796 0021473 336.9496 023.0422 14.52935559066731
1 40088U 14040C   15290.51481485  .00000206  00000-0  89407-4 0  9992,2 40088  47.0058  48.6590 0021436 340.0168  19.9874 14.52935997 66987
1 40088U 14040C   15290.78988145 +.00000207 +00000-0 +89612-4 0  9995,2 40088 047.0059 047.3709 0021422 341.2544 018.7549 14.52936196066878
1 40088U 14040C   15291.75261393  .00000270  00000-0  10466-3 0  9992,2 40088  47.0060  42.8622 0021369 345.5674  14.4597 14.52937321 67165
1 40088U 14040C   15292.78411231  .00000320  00000-0  11682-3 0  9991,2 40088  47.0062  38.0316 0021313 350.1678   9.8786 14.52938532 67319
1 40088U 14040C   15293.67807697 +.00000364 +00000-0 +12735-3 0  9993,2 40088 047.0063 033.8451 0021267 354.1841 005.8792 14.52939659067298
1 40088U 14040C   15294.15944212  .00000406  00000-0  13738-3 0  9993,2 40088  47.0064  31.5908 0021246 356.3215   3.7509 14.52940426 67519
1 40088U 14040C   15294.70957351 +.00000424 +00000-0 +14153-3 0  9994,2 40088 047.0064 029.0144 0021210 358.8475 001.2356 14.52941179067440
1 40088U 14040C   15295.19093825  .00000435  00000-0  14423-3 0  9997,2 40088  47.0064  26.7601 0021186   1.0075 359.0848 14.52941813 67666
1 40088U 14040C   15295.67230275 +.00000453 +00000-0 +14857-3 0  9993,2 40088 047.0063 024.5058 0021158 003.2075 356.8940 14.52942526067581
1 40088U 14040C   15296.22243322  .00000523  00000-0  16526-3 0  9995,2 40088  47.0064  21.9293 0021129   5.6812 354.4307 14.52943646 67818
1 40088U 14040C   15296.63503104 +.00000467 +00000-0 +15204-3 0  9996,2 40088 047.0063 019.9971 0021105 007.5762 352.5436 14.52943888067726
1 40088U 14040C   15297.39145938  .00000587  00000-0  18073-3 0  9997,2 40088  47.0064  16.4545 0021062  10.9915 349.1425 14.52945662 67986
1 40088U 14040C   15297.66652420 +.00000558 +00000-0 +17376-3 0  9999,2 40088 047.0063 015.1664 0021049 012.2516 347.8876 14.52945887067872
1 40088U 14040C   15298.62925044  .00000525  00000-0  16591-3 0  9993,2 40088  47.0063  10.6576 0020998  16.6527 343.5042 14.52947069 68161
1 40088U 14040C   15299.66074185  .00000446  00000-0  14690-3 0  9999,2 40088  47.0063   5.8268 0020942  21.3519 338.8234 14.52948081 68310
1 40088U 14040C   15300.62346634 +.00000406 +00000-0 +13739-3 0  9998,2 40088 047.0063 001.3181 0020890 025.7718 334.4202 14.52949128068305
1 40088U 14040C   15300.62346634 +.00000406 +00000-0 +13739-3 0  9998,2 40088 047.0063 001.3181 0020890 025.7718 334.4202 14.52949128068305
1 40088U 14040C   15301.17359419  .00000402  00000-0  13645-3 0  9996,2 40088  47.0063 358.7416 0020858  28.2919 331.9093 14.52949799 68539
1 40088U 14040C   15301.58619004 +.00000371 +00000-0 +12886-3 0  9991,2 40088 047.0063 356.8094 0020837 030.1912 330.0167 14.52950113068446
1 40088U 14040C   15302.20508345  .00000367  00000-0  12791-3 0  9996,2 40088  47.0063 353.9108 0020802  33.0346 327.1833 14.52950798 68687
1 40088U 14040C   15302.61767885 +.00000356 +00000-0 +12546-3 0  9993,2 40088 047.0063 351.9786 0020786 034.9264 325.2978 14.52951225068592
1 40088U 14040C   15303.44286918  .00000351  00000-0  12423-3 0  9997,2 40088  47.0062 348.1140 0020746  38.7377 321.4990 14.52952105 68866
1 40088U 14040C   15303.58040096 +.00000348 +00000-0 +12346-3 0  9997,2 40088 047.0062 347.4699 0020742 039.3733 320.8654 14.52952202068730
1 40088U 14040C   15304.47435650  .00000338  00000-0  12094-3 0  9999,2 40088  47.0061 343.2832 0020699  43.5107 316.7405 14.52953040 69016
1 40088U 14040C   15304.54312237 +.00000326 +00000-0 +11807-3 0  9990,2 40088 047.0061 342.9612 0020698 043.8044 316.4478 14.52953013068870
1 40088U 14040C   15305.50584309  .00000389  00000-0  13334-3 0  9994,2 40088  47.0060 338.4525 0020665  48.2817 311.9830 14.52954243 69164
1 40088U 14040C   15305.57460881 +.00000393 +00000-0 +13411-3 0  9990,2 40088 047.0060 338.1304 0020663 048.5893 311.6762 14.52954327069020
1 40088U 14040C   15306.53732886  .00000373  00000-0  12930-3 0  9997,2 40088  47.0059 333.6216 0020632  53.0516 307.2253 14.52955030 69319
1 40088U 14040C   15307.56881374  .00000310  00000-0  11429-3 0  9991,2 40088  47.0058 328.7907 0020601  57.8648 302.4232 14.52955558 69469
1 40088U 14040C   15308.53153205 +.00000290 +00000-0 +10943-3 0  9991,2 40088 047.0057 324.2818 0020575 062.3579 297.9390 14.52956279069457
1 40088U 14040C   15309.15042206  .00000281  00000-0  10743-3 0  9996,2 40088  47.0057 321.3831 0020558  65.2553 295.0468 14.52956750 69690
1 40088U 14040C   15309.42548432 +.00000243 +00000-0 +98191-4 0  9990,2 40088 047.0056 320.0950 0020558 066.5291 293.7751 14.52956725069580
1 40088U 14040C   15310.45696687  .00000227  00000-0  94334-4 0  9998,2 40088  47.0056 315.2640 0020541  71.3279 288.9832 14.52957431 69888
1 40088U 14040C   15310.86955965 +.00000212 +00000-0 +90861-4 0  9995,2 40088 047.0056 313.3316 0020530 073.2453 287.0682 14.52957670069798
1 40088U 14040C   15311.48844832  .00000274  00000-0  10567-3 0  9996,2 40088  47.0056 310.4330 0020529  76.1755 284.1411 14.52958562 70035
1 40088U 14040C   15311.96980594 +.00000240 +00000-0 +97565-4 0  9992,2 40088 047.0056 308.1785 0020519 078.4073 281.9113 14.52958812069951
1 40088U 14040C   15312.79499005  .00000225  00000-0  93932-4 0  9993,2 40088  47.0056 304.3139 0020517  82.2552 278.0660 14.52959469 70220
1 40088U 14040C   15312.86375530 +.00000229 +00000-0 +94998-4 0  9994,2 40088 047.0056 303.9918 0020516 082.5723 277.7491 14.52959569070085
1 40088U 14040C   15313.41387754 +.00000273 +00000-0 +10550-3 0  9997,2 40088 047.0056 301.4153 0020517 085.1932 275.1294 14.52960330070161
1 40088U 14040C   15314.37659081  .00000286  00000-0  10844-3 0  9998,2 40088  47.0056 296.9065 0020517  89.7059 270.6176 14.52961318 70459
1 40088U 14040C   15314.92671225 +.00000318 +00000-0 +11626-3 0  9998,2 40088 047.0055 294.3299 0020512 092.2872 268.0361 14.52962025070381
1 40088U 14040C   15315.88942423  .00000272  00000-0  10523-3 0  9999,2 40088  47.0055 289.8212 0020522  96.7844 263.5375 14.52962692 70671
1 40088U 14040C   15316.92090044 +.00000227 +00000-0 +94327-4 0  9993,2 40088 047.0055 284.9902 0020536 101.5915 258.7275 14.52963401070676
1 40088U 14040C   15316.98966548  .00000223  00000-0  93495-4 0  9991,2 40088  47.0055 284.6681 0020538 101.9224 258.3963 14.52963457 70835
1 40088U 14040C   15317.95237543 +.00000267 +00000-0 +10399-3 0  9994,2 40088 047.0055 280.1592 0020554 106.4386 253.8758 14.52964640070820
1 40088U 14040C   15318.15867030  .00000268  00000-0  10418-3 0  9990,2 40088  47.0055 279.1931 0020557 107.4228 252.8905 14.52964854 71005
1 40088U 14040C   15318.91508457 +.00000255 +00000-0 +10122-3 0  9997,2 40088 047.0054 275.6503 0020571 110.9510 249.3577 14.52965500070968
1 40088U 14040C   15319.32767393  .00000283  00000-0  10791-3 0  9992,2 40088  47.0054 273.7181 0020588 112.8545 247.4515 14.52966052 71174
1 40088U 14040C   15319.94655759 +.00000265 +00000-0 +10354-3 0  9997,2 40088 047.0054 270.8194 0020599 115.7635 244.5377 14.52966567071119
1 40088U 14040C   15320.29038152 +.00000349 +00000-0 +12370-3 0  9992,2 40088 047.0054 269.2092 0020615 117.3392 242.9593 14.52967423071164
1 40088U 14040C   15321.18432324  .00000383  00000-0  13175-3 0  9992,2 40088  47.0055 265.0224 0020641 121.5170 238.7733 14.52968643 71441
1 40088U 14040C   15321.66567618 +.00000411 +00000-0 +13850-3 0  9992,2 40088 047.0055 262.7679 0020654 123.7399 236.5456 14.52969347071361
1 40088U 14040C   15322.28455799  .00000462  00000-0  15061-3 0  9999,2 40088  47.0055 259.8694 0020683 126.6124 233.6665 14.52970398 71600
1 40088U 14040C   15322.90343947 +.00000437 +00000-0 +14458-3 0  9990,2 40088 047.0055 256.9709 0020705 129.4636 230.8083 14.52971047071547
1 40088U 14040C   15323.31602663  .00000476  00000-0  15406-3 0  9996,2 40088  47.0054 255.0386 0020724 131.3544 228.9126 14.52971860 71750
1 40088U 14040C   15323.86614289 +.00000437 +00000-0 +14475-3 0  9995,2 40088 047.0054 252.4620 0020746 133.9267 226.3333 14.52972359071684
1 40088U 14040C   15324.82884538 +.00000384 +00000-0 +13207-3 0  9991,2 40088 047.0053 247.9533 0020788 138.4001 221.8468 14.52973371071827
1 40088U 14040C   15325.17266750  .00000373  00000-0  12938-3 0  9998,2 40088  47.0053 246.3431 0020806 139.9860 220.2561 14.52973764 72023
1 40088U 14040C   15325.86031119 +.00000367 +00000-0 +12782-3 0  9993,2 40088 047.0052 243.1224 0020844 143.1979 217.0339 14.52974655071977
1 40088U 14040C   15326.20413300  .00000352  00000-0  12430-3 0  9992,2 40088  47.0051 241.5122 0020862 144.7631 215.4636 14.52974998 72172
1 40088U 14040C   15326.89177602 +.00000349 +00000-0 +12363-3 0  9990,2 40088 047.0051 238.2915 0020899 147.9473 212.2685 14.52975869072126
1 40088U 14040C   15327.23559737  .00000388  00000-0  13297-3 0  9992,2 40088  47.0050 236.6813 0020916 149.5301 210.6802 14.52976511 72322
1 40088U 14040C   15327.92323998 +.00000337 +00000-0 +12055-3 0  9991,2 40088 047.0049 233.4606 0020956 152.6970 207.5019 14.52977006072275
1 40088U 14040C   15328.88593903 +.00000283 +00000-0 +10782-3 0  9997,2 40088 047.0048 228.9517 0021014 157.1258 203.0565 14.52977718072412
1 40088U 14040C   15329.84863737  .00000301  00000-0  11196-3 0  9990,2 40088  47.0047 224.4428 0021067 161.5574 198.6077 14.52978751 72708
1 40088U 14040C   15329.91740162 +.00000236 +00000-0 +96454-4 0  9992,2 40088 047.0047 224.1207 0021073 161.8663 198.2976 14.52978440072562
1 40088U 14040C   15330.88009946 +.00000195 +00000-0 +86747-4 0  9996,2 40088 047.0046 219.6118 0021132 166.2694 193.8768 14.52979061072706
1 40088U 14040C   15330.88009946 +.00000195 +00000-0 +86747-4 0  9996,2 40088 047.0046 219.6118 0021132 166.2694 193.8768 14.52979061072706
1 40088U 14040C   15331.15515594  .00000187  00000-0  84646-4 0  9995,2 40088  47.0046 218.3236 0021142 167.5287 192.6123 14.52979221 72896
1 40088U 14040C   15331.91156095 +.00000172 +00000-0 +81111-4 0  9994,2 40088 047.0046 214.7809 0021185 170.9673 189.1596 14.52979729072850
1 40088U 14040C   15332.18661729  .00000196  00000-0  86825-4 0  9992,2 40088  47.0045 213.4927 0021198 172.2093 187.9123 14.52980048 73041
1 40088U 14040C   15332.87425783 +.00000155 +00000-0 +76943-4 0  9991,2 40088 047.0045 210.2720 0021248 175.3222 184.7863 14.52980339072993
1 40088U 14040C   15333.83695433  .00000143  00000-0  74136-4 0  9998,2 40088  47.0044 205.7631 0021310 179.6620 180.4281 14.52980940 73289
1 40088U 14040C   15333.90571834 +.00000125 +00000-0 +69857-4 0  9998,2 40088 047.0044 205.4411 0021314 179.9698 180.1190 14.52980892073141
1 40088U 14040C   15334.73088619 +.00000171 +00000-0 +80864-4 0  9996,2 40088 047.0042 201.5763 0021367 183.6971 176.3757 14.52981732073263
1 40088U 14040C   15335.14347018  .00000139  00000-0  73274-4 0  9994,2 40088  47.0041 199.6440 0021382 185.5509 174.5140 14.52981803 73474
1 40088U 14040C   15335.89987383 +.00000132 +00000-0 +71437-4 0  9993,2 40088 047.0040 196.1012 0021437 188.9851 171.0651 14.52982217073433
1 40088U 14040C   15336.79380511  .00000109  00000-0  65912-4 0  9998,2 40088  47.0039 191.9143 0021487 192.9899 167.0434 14.52982672 73711
1 40088U 14040C   15336.93133302 +.00000109 +00000-0 +65910-4 0  9996,2 40088 047.0038 191.2702 0021494 193.5974 166.4333 14.52982740073585
1 40088U 14040C   15337.82526392  .00000117  00000-0  67879-4 0  9995,2 40088  47.0037 187.0832 0021553 197.6139 162.3999 14.52983334 73869
1 40088U 14040C   15337.89402785 +.00000100 +00000-0 +63764-4 0  9992,2 40088 047.0037 186.7612 0021556 197.9169 162.0956 14.52983279073723
1 40088U 14040C   15338.92548628 +.00000107 +00000-0 +65465-4 0  9991,2 40088 047.0036 181.9300 0021607 202.5451 157.4485 14.52983923073874
1 40088U 14040C   15339.06301401  .00000112  00000-0  66654-4 0  9990,2 40088  47.0036 181.2859 0021611 203.1596 156.8315 14.52984047 74041
1 40088U 14040C   15339.88818021 +.00000185 +00000-0 +84228-4 0  9998,2 40088 047.0036 177.4210 0021664 206.8567 153.1196 14.52984995074011
1 40088U 14040C   15340.91963742  .00000276  00000-0  10602-3 0  9990,2 40088  47.0036 172.5898 0021728 211.4472 148.5113 14.52986262 74316
1 40088U 14040C   15340.91963742 +.00000276 +00000-0 +10602-3 0  9990,2 40088 047.0036 172.5898 0021728 211.4472 148.5113 14.52986262074169
1 40088U 14040C   15341.88233043 +.00000316 +00000-0 +11544-3 0  9992,2 40088 047.0036 168.0808 0021771 215.7527 144.1900 14.52987239074303
1 40088U 14040C   15342.01985784  .00000320  00000-0  11661-3 0  9999,2 40088  47.0036 167.4366 0021778 216.3537 143.5868 14.52987426 74472
1 40088U 14040C   15342.91378664 +.00000268 +00000-0 +10401-3 0  9993,2 40088 047.0037 163.2496 0021824 220.3138 139.6128 14.52987917074453
1 40088U 14040C   15343.53266012  .00000325  00000-0  11757-3 0  9994,2 40088  47.0037 160.3508 0021854 223.0748 136.8426 14.52988788 74698
1 40088U 14040C   15343.87647857 +.00000287 +00000-0 +10864-3 0  9996,2 40088 047.0038 158.7406 0021868 224.5927 135.3198 14.52988951074598
1 40088U 14040C   15344.77040600  .00000443  00000-0  14586-3 0  9998,2 40088  47.0038 154.5536 0021922 228.5588 131.3412 14.52990773 74875
1 40088U 14040C   15344.90793347 +.00000323 +00000-0 +11715-3 0  9994,2 40088 047.0038 153.9095 0021930 229.1615 130.7367 14.52990232074743
1 40088U 14040C   15345.87062405  .00000419  00000-0  14025-3 0  9998,2 40088  47.0038 149.4004 0021966 233.4280 126.4582 14.52991861 75031
1 40088U 14040C   15346.90207789  .00000366  00000-0  12752-3 0  9995,2 40088  47.0039 144.5694 0021998 237.9969 121.8777 14.52992744 75183
1 40088U 14040C   15347.86476748 +.00000397 +00000-0 +13487-3 0  9994,2 40088 047.0040 140.0602 0022040 242.2395 117.6254 14.52994011075177
1 40088U 14040C   15348.41487567  .00000427  00000-0  14196-3 0  9999,2 40088  47.0040 137.4835 0022065 244.6768 115.1829 14.52994769 75409
1 40088U 14040C   15348.89621987 +.00000467 +00000-0 +15164-3 0  9997,2 40088 047.0041 135.2291 0022086 246.7944 113.0613 14.52995638075329
1 40088U 14040C   15349.51509079  .00000534  00000-0  16758-3 0  9999,2 40088  47.0042 132.3303 0022103 249.5353 110.3157 14.52996839 75560
1 40088U 14040C   15349.85890828 +.00000502 +00000-0 +16001-3 0  9997,2 40088 047.0042 130.7200 0022094 251.0488 108.8000 14.52997022075467
1 40088U 14040C   15350.82159651  .00000426  00000-0  14182-3 0  9991,2 40088  47.0044 126.2110 0022119 255.2950 104.5481 14.52997702 75750
1 40088U 14040C   15351.85304760  .00000359  00000-0  12589-3 0  9992,2 40088  47.0046 121.3799 0022151 259.8277 100.0107 14.52998535 75907
1 40088U 14040C   15351.85304760 +.00000359 +00000-0 +12589-3 0  9992,2 40088 047.0046 121.3799 0022151 259.8277 100.0107 14.52998535075750
1 40088U 14040C   15352.81573491 +.00000394 +00000-0 +13416-3 0  9997,2 40088 047.0048 116.8710 0022157 264.0662 095.7696 14.52999803075893
1 40088U 14040C   15353.50336840  .00000393  00000-0  13389-3 0  9997,2 40088  47.0050 113.6502 0022168 267.0869  92.7478 14.53000553 76144
1 40088U 14040C   15353.77842178 +.00000357 +00000-0 +12542-3 0  9992,2 40088 047.0050 112.3621 0022170 268.3004 091.5340 14.53000660076032
1 40088U 14040C   15354.74110814  .00000312  00000-0  11461-3 0  9995,2 40088  47.0052 107.8532 0022180 272.5255  87.3089 14.53001502 76321
1 40088U 14040C   15355.70379343 +.00000403 +00000-0 +13623-3 0  9999,2 40088 047.0053 103.3443 0022174 276.7599 083.0761 14.53003275076312
1 40088U 14040C   15355.77255686  .00000365  00000-0  12729-3 0  9992,2 40088  47.0053 103.0223 0022176 277.0683  82.7678 14.53003102 76474
1 40088U 14040C   15356.73524181 +.00000372 +00000-0 +12892-3 0  9997,2 40088 047.0054 098.5133 0022175 281.2896 078.5495 14.53004350076460
1 40088U 14040C   15357.35411070  .00000362  00000-0  12647-3 0  9995,2 40088  47.0055  95.6146 0022183 284.0095  75.8322 14.53004990 76700
1 40088U 14040C   15358.52308438  .00000361  00000-0  12620-3 0  9998,2 40088  47.0056  90.1395 0022181 289.1433  70.7049 14.53006439 76875
1 40088U 14040C   15358.72937383 +.00000352 +00000-0 +12409-3 0  9992,2 40088 047.0056 089.1733 0022172 290.0591 069.7906 14.53006640076756
1 40088U 14040C   15359.69205740  .00000349  00000-0  12345-3 0  9999,2 40088  47.0057  84.6643 0022165 294.2849  65.5720 14.53007799 77048
1 40088U 14040C   15360.65474063 +.00000308 +00000-0 +11357-3 0  9990,2 40088 047.0058 080.1554 0022158 298.5228 061.3425 14.53008687077033
1 40088U 14040C   15360.65474063 +.00000308 +00000-0 +11357-3 0  9990,2 40088 047.0058 080.1554 0022158 298.5228 061.3425 14.53008687077033
1 40088U 14040C   15361.47989723  .00000327  00000-0  11821-3 0  9992,2 40088  47.0059  76.2905 0022146 302.1666  57.7070 14.53009757 77309
1 40088U 14040C   15361.68618643 +.00000301 +00000-0 +11200-3 0  9998,2 40088 047.0059 075.3244 0022130 303.0893 056.7866 14.53009833077183
1 40088U 14040C   15362.51134290  .00000270  00000-0  10448-3 0  9990,2 40088  47.0060  71.4595 0022105 306.7186  53.1667 14.53010481 77459
1 40088U 14040C   15362.64886894 +.00000268 +00000-0 +10405-3 0  9998,2 40088 047.0060 070.8155 0022103 307.3395 052.5474 14.53010616077326
1 40088U 14040C   15363.61155119  .00000270  00000-0  10446-3 0  9993,2 40088  47.0061  66.3066 0022079 311.5957  48.3034 14.53011513 77615
1 40088U 14040C   15364.64299600  .00000281  00000-0  10719-3 0  9996,2 40088  47.0061  61.4757 0022047 316.1792  43.7342 14.53012540 77769
1 40088U 14040C   15365.60567748 +.00000289 +00000-0 +10899-3 0  9991,2 40088 047.0062 056.9668 0022017 320.4647 039.4629 14.53013441077754
1 40088U 14040C   16001.15578083  .00000287  00000-0  10869-3 0  9998,2 40088  47.0061  54.3901 0022001 322.8992  37.0370 14.53013961 77986
1 40088U 14040C   16001.56835841 +.00000252 +00000-0 +10028-3 0  9990,2 40088 047.0061 052.4578 0021982 324.7495 035.1934 14.53014132077897
1 40088U 14040C   16002.18722470  .00000182  00000-0  83486-4 0  9993,2 40088  47.0061  49.5591 0021960 327.4998  32.4532 14.53014269 78136
1 40088U 14040C   16002.59980209 +.00000213 +00000-0 +91034-4 0  9997,2 40088 047.0061 047.6268 0021950 329.3647 030.5953 14.53014793078045
1 40088U 14040C   16003.49371957  .00000212  00000-0  90749-4 0  9992,2 40088  47.0061  43.4398 0021913 333.3636  26.6121 14.53015518 78325
1 40088U 14040C   16003.56248243 +.00000224 +00000-0 +93517-4 0  9990,2 40088 047.0061 043.1177 0021912 333.6737 026.3032 14.53015640078189
1 40088U 14040C   16004.52516247  .00000188  00000-0  84987-4 0  9999,2 40088  47.0061  38.6087 0021871 337.9902  22.0040 14.53016201 78471
1 40088U 14040C   16004.59392534 +.00000184 +00000-0 +84071-4 0  9997,2 40088 047.0061 038.2866 0021877 338.2956 021.6999 14.53016227078332
1 40088U 14040C   16005.90041913 +.00000140 +00000-0 +73360-4 0  9996,2 40088 047.0061 032.1671 0021821 344.1680 015.8519 14.53016968078524
1 40088U 14040C   16006.17547045  .00000124  00000-0  69563-4 0  9995,2 40088  47.0061  30.8787 0021799 345.4012  14.6240 14.53017059 78715
1 40088U 14040C   16006.86309848 +.00000136 +00000-0 +72592-4 0  9997,2 40088 047.0062 027.6580 0021778 348.5118 011.5266 14.53017598078665
1 40088U 14040C   16007.41320080  .00000140  00000-0  73484-4 0  9996,2 40088  47.0061  25.0814 0021731 350.9910   9.0581 14.53017961 78893
1 40088U 14040C   16007.82577748 +.00000131 +00000-0 +71275-4 0  9992,2 40088 047.0062 023.1490 0021732 352.8523 007.2048 14.53018173078800
1 40088U 14040C   16008.85721890 +.00000118 +00000-0 +68334-4 0  9992,2 40088 047.0062 018.3179 0021684 357.5332 002.5441 14.53018730078956
1 40088U 14040C   16009.13226991  .00000105  00000-0  64996-4 0  9992,2 40088  47.0062  17.0295 0021660 358.7833   1.2995 14.53018807 79141
1 40088U 14040C   16009.88865991 +.00000109 +00000-0 +66178-4 0  9991,2 40088 047.0063 013.4868 0021645 002.2159 357.8817 14.53019282079100
1 40088U 14040C   16010.16371070  .00000105  00000-0  65060-4 0  9999,2 40088  47.0063  12.1984 0021614   3.4710 356.6320 14.53019440 79299
1 40088U 14040C   16010.43876156 +.00000113 +00000-0 +66957-4 0  9999,2 40088 047.0062 010.9102 0021601 004.7357 355.3727 14.53019629079187
1 40088U 14040C   16011.40143901  .00000130  00000-0  71156-4 0  9998,2 40088  47.0062   6.4012 0021557   9.1304 350.9968 14.53020345 79475
1 40088U 14040C   16011.95154004 +.00000143 +00000-0 +74258-4 0  9994,2 40088 047.0062 003.8244 0021528 011.6274 348.5102 14.53020820079409
1 40088U 14040C   16012.43287823  .00000225  00000-0  93944-4 0  9998,2 40088  47.0062   1.5699 0021492  13.8526 346.2943 14.53021648 79623
1 40088U 14040C   16013.46431707  .00000235  00000-0  96126-4 0  9990,2 40088  47.0062 356.7388 0021440  18.5787 341.5875 14.53022440 79776
1 40088U 14040C   16013.94565507 +.00000194 +00000-0 +86460-4 0  9993,2 40088 047.0062 354.4841 0021416 020.7792 339.3957 14.53022526079691
1 40088U 14040C   16015.18338039  .00000179  00000-0  82801-4 0  9997,2 40088  47.0063 348.6867 0021361  26.5098 333.6873 14.53023389 80028
1 40088U 14040C   16015.38966783 +.00000185 +00000-0 +84309-4 0  9994,2 40088 047.0062 347.7205 0021356 027.4628 332.7379 14.53023591079907
1 40088U 14040C   16015.93976762 +.00000180 +00000-0 +83191-4 0  9996,2 40088 047.0063 345.1438 0021330 029.9929 330.2172 14.53023958079980
1 40088U 14040C   16016.48986719  .00000181  00000-0  83367-4 0  9996,2 40088  47.0063 342.5673 0021311  32.5387 327.6805 14.53024381 80211
1 40088U 14040C   16016.90244173 +.00000203 +00000-0 +88670-4 0  9991,2 40088 047.0063 340.6347 0021292 034.4491 325.7768 14.53024787080120
1 40088U 14040C   16017.86511524  .00000204  00000-0  88916-4 0  9998,2 40088  47.0063 336.1257 0021259  38.9142 321.3267 14.53025505 80412
1 40088U 14040C   16017.93387763 +.00000166 +00000-0 +79751-4 0  9996,2 40088 047.0063 335.8036 0021261 039.2407 321.0013 14.53025353080275
1 40088U 14040C   16018.89655047  .00000187  00000-0  84714-4 0  9993,2 40088  47.0063 331.2946 0021219  43.7149 316.5410 14.53026159 80568
1 40088U 14040C   16019.85922268 +.00000218 +00000-0 +92280-4 0  9994,2 40088 047.0063 326.7857 0021201 048.1942 312.0748 14.53027005080554
1 40088U 14040C   16020.20303405  .00000167  00000-0  79900-4 0  9998,2 40088  47.0063 325.1754 0021196  49.8121 310.4614 14.53026976 80755
1 40088U 14040C   16020.89065629 +.00000209 +00000-0 +89953-4 0  9992,2 40088 047.0062 321.9546 0021179 053.0259 307.2560 14.53027742080708
1 40088U 14040C   16021.30322914  .00000246  00000-0  98838-4 0  9995,2 40088  47.0062 320.0223 0021173  54.9639 305.3227 14.53028370 80916
1 40088U 14040C   16021.92208846 +.00000244 +00000-0 +98387-4 0  9997,2 40088 047.0061 317.1235 0021151 057.8574 302.4358 14.53028907080853
1 40088U 14040C   16022.81599568  .00000282  00000-0  10744-3 0  9992,2 40088  47.0060 312.9366 0021132  62.0323 298.2696 14.53029933 81138
1 40088U 14040C   16023.91618849 +.00000250 +00000-0 +99781-4 0  9992,2 40088 047.0059 307.7833 0021127 067.2168 293.0945 14.53030743081147
1 40088U 14040C   16024.19123652  .00000246  00000-0  98811-4 0  9994,2 40088  47.0058 306.4952 0021127  68.5044 291.8090 14.53030969 81339
1 40088U 14040C   16024.87885627 +.00000222 +00000-0 +93195-4 0  9990,2 40088 047.0058 303.2743 0021117 071.7437 288.5742 14.53031474081286
1 40088U 14040C   16025.84152337  .00000204  00000-0  88776-4 0  9992,2 40088  47.0057 298.7653 0021111  76.2717 284.0515 14.53032188 81572
1 40088U 14040C   16025.91028534 +.00000156 +00000-0 +77454-4 0  9998,2 40088 047.0057 298.4432 0021111 076.6004 283.7231 14.53031979081430
1 40088U 14040C   16025.91028534 +.00000156 +00000-0 +77454-4 0  9998,2 40088 047.0057 298.4432 0021111 076.6004 283.7231 14.53031979081430
1 40088U 14040C   16026.87295170 +.00000146 +00000-0 +74982-4 0  9998,2 40088 047.0056 293.9341 0021105 081.1206 279.2066 14.53032678081574
1 40088U 14040C   16027.14799917  .00000136  00000-0  72660-4 0  9997,2 40088  47.0055 292.6459 0021109  82.4143 277.9137 14.53032814 81764
1 40088U 14040C   16027.90437932 +.00000092 +00000-0 +62019-4 0  9995,2 40088 047.0054 289.1030 0021111 085.9864 274.3432 14.53033096081728
1 40088U 14040C   16028.79828263  .00000102  00000-0  64381-4 0  9990,2 40088  47.0053 284.9160 0021105  90.1883 270.1419 14.53033689 82005
1 40088U 14040C   16028.86704455 +.00000082 +00000-0 +59582-4 0  9998,2 40088 047.0053 284.5940 0021109 090.5050 269.8253 14.53033587081862
1 40088U 14040C   16029.82970917  .00000077  00000-0  58511-4 0  9998,2 40088  47.0051 280.0849 0021117  95.0210 265.3084 14.53034076 82156
1 40088U 14040C   16029.89847096 +.00000070 +00000-0 +56641-4 0  9991,2 40088 047.0050 279.7628 0021117 095.3448 264.9845 14.53034050082018
1 40088U 14040C   16030.86113500 +.00000055 +00000-0 +53066-4 0  9997,2 40088 047.0049 275.2538 0021142 099.8867 260.4405 14.53034454082155
1 40088U 14040C   16031.13618180  .00000052  00000-0  52521-4 0  9994,2 40088  47.0048 273.9655 0021148 101.1720 259.1543 14.53034555 82341
1 40088U 14040C   16031.89256012 +.00000083 +00000-0 +59838-4 0  9991,2 40088 047.0046 270.4226 0021164 104.7454 255.5776 14.53035075082308
1 40088U 14040C   16032.16760671  .00000086  00000-0  60618-4 0  9994,2 40088  47.0045 269.1344 0021173 106.0245 254.2972 14.53035222 82494
1 40088U 14040C   16032.85522280 +.00000119 +00000-0 +68392-4 0  9996,2 40088 047.0044 265.9135 0021188 109.2697 251.0480 14.53035749082445
1 40088U 14040C   16033.81788504  .00000105  00000-0  65114-4 0  9990,2 40088  47.0043 261.4041 0021219 113.7992 246.5119 14.53036123 82731
1 40088U 14040C   16033.88664661 +.00000085 +00000-0 +60313-4 0  9997,2 40088 047.0042 261.0821 0021221 114.1287 246.1818 14.53036042082593
1 40088U 14040C   16034.84930803  .00000116  00000-0  67681-4 0  9998,2 40088  47.0041 256.5728 0021251 118.6399 241.6625 14.53036713 82886
1 40088U 14040C   16035.81196889 +.00000112 +00000-0 +66874-4 0  9993,2 40088 047.0040 252.0635 0021288 123.1412 237.1518 14.53037205082877
1 40088U 14040C   16036.01825327  .00000114  00000-0  67194-4 0  9990,2 40088  47.0040 251.0972 0021298 124.0939 236.1969 14.53037329 83052
1 40088U 14040C   16036.63710604 +.00000133 +00000-0 +71787-4 0  9993,2 40088 047.0039 248.1982 0021315 126.9996 233.2842 14.53037844082994
1 40088U 14040C   16037.53100414  .00000155  00000-0  77070-4 0  9990,2 40088  47.0039 244.0111 0021349 131.1689 229.1040 14.53038537 83273
1 40088U 14040C   16037.94357207 +.00000162 +00000-0 +78667-4 0  9990,2 40088 047.0039 242.0786 0021383 133.1171 227.1506 14.53038920083186
1 40088U 14040C   16038.56242389  .00000212  00000-0  90684-4 0  9992,2 40088  47.0039 239.1797 0021411 136.0079 224.2513 14.53039658 83428
1 40088U 14040C   16038.90623026 +.00000235 +00000-0 +96072-4 0  9993,2 40088 047.0039 237.5693 0021424 137.5886 222.6657 14.53040082083324
1 40088U 14040C   16039.86888742  .00000301  00000-0  11185-3 0  9992,2 40088  47.0038 233.0600 0021474 142.0712 218.1688 14.53041340 83610
1 40088U 14040C   16039.93764867 +.00000250 +00000-0 +99740-4 0  9998,2 40088 047.0038 232.7379 0021478 142.3877 217.8513 14.53041122083473
1 40088U 14040C   16040.90030495 +.00000308 +00000-0 +11368-3 0  9993,2 40088 047.0038 228.2286 0021535 146.8802 213.3434 14.53042378083614
1 40088U 14040C   16040.96906607  .00000309  00000-0  11380-3 0  9991,2 40088  47.0038 227.9065 0021538 147.1998 213.0227 14.53042454 83777
1 40088U 14040C   16041.93172142 +.00000284 +00000-0 +10787-3 0  9990,2 40088 047.0037 223.3972 0021589 151.6699 208.5363 14.53043311083769
1 40088U 14040C   16042.00048240  .00000288  00000-0  10887-3 0  9995,2 40088  47.0037 223.0751 0021588 151.9843 208.2206 14.53043432 83929
1 40088U 14040C   16042.89437565 +.00000382 +00000-0 +13139-3 0  9992,2 40088 047.0037 218.8878 0021634 156.1380 204.0511 14.53044933083904
1 40088U 14040C   16043.51322437  .00000405  00000-0  13687-3 0  9997,2 40088  47.0037 215.9888 0021661 159.0033 201.1744 14.53045772 84145
1 40088U 14040C   16043.85702910 +.00000414 +00000-0 +13887-3 0  9994,2 40088 047.0037 214.3784 0021673 160.5633 199.6082 14.53046217084049
1 40088U 14040C   16044.81968183  .00000390  00000-0  13322-3 0  9994,2 40088  47.0038 209.8690 0021728 164.9969 195.1564 14.53047170 84333
1 40088U 14040C   16044.88844272 +.00000386 +00000-0 +13222-3 0  9997,2 40088 047.0038 209.5469 0021731 165.3133 194.8386 14.53047225084199
1 40088U 14040C   16045.85109435  .00000489  00000-0  15674-3 0  9997,2 40088  47.0039 205.0375 0021796 169.7671 190.3661 14.53048922 84487
1 40088U 14040C   16046.88250622  .00000367  00000-0  12771-3 0  9996,2 40088  47.0041 200.2061 0021846 174.4858 185.6269 14.53049474 84636
1 40088U 14040C   16047.84515627 +.00000461 +00000-0 +14999-3 0  9991,2 40088 047.0043 195.6968 0021905 178.9219 181.1715 14.53051131084626
1 40088U 14040C   16048.46400204  .00000483  00000-0  15543-3 0  9994,2 40088  47.0044 192.7979 0021942 181.7376 178.3434 14.53052099 84860
1 40088U 14040C   16048.87656619 +.00000366 +00000-0 +12729-3 0  9995,2 40088 047.0044 190.8655 0021972 183.6427 176.4299 14.53051894084771
1 40088U 14040C   16049.77045433  .00000391  00000-0  13347-3 0  9996,2 40088  47.0046 186.6784 0022013 187.6771 172.3779 14.53053067 85056
1 40088U 14040C   16049.83921492 +.00000389 +00000-0 +13281-3 0  9995,2 40088 047.0046 186.3564 0022016 187.9943 172.0592 14.53053135084916
1 40088U 14040C   16050.38929973 +.00000352 +00000-0 +12409-3 0  9990,2 40088 047.0046 183.7796 0022055 190.5125 169.5300 14.53053506084997
1 40088U 14040C   16051.48946880  .00000249  00000-0  99393-4 0  9991,2 40088  47.0047 178.6263 0022121 195.4877 164.5332 14.53054076 85301
1 40088U 14040C   16051.83327164 +.00000215 +00000-0 +91371-4 0  9999,2 40088 047.0047 177.0159 0022136 197.0265 162.9877 14.53054194085209
1 40088U 14040C   16052.72715853  .00000180  00000-0  82804-4 0  9996,2 40088  47.0047 172.8288 0022192 201.0707 158.9264 14.53054794 85485
1 40088U 14040C   16053.41476350 +.00000162 +00000-0 +78672-4 0  9997,2 40088 047.0048 169.6078 0022239 204.2079 155.7761 14.53055293085433
1 40088U 14040C   16054.44617081  .00000162  00000-0  78678-4 0  9995,2 40088  47.0048 164.7765 0022293 208.8349 151.1304 14.53056077 85739
1 40088U 14040C   16054.58369180 +.00000168 +00000-0 +79939-4 0  9991,2 40088 047.0048 164.1325 0022296 209.4486 150.5143 14.53056190085603
1 40088U 14040C   16055.47757764  .00000185  00000-0  84013-4 0  9997,2 40088  47.0049 159.9453 0022350 213.4928 146.4543 14.53056964 85882
1 40088U 14040C   16055.54633821 +.00000166 +00000-0 +79627-4 0  9996,2 40088 047.0049 159.6232 0022350 213.7846 146.1614 14.53056880085744
1 40088U 14040C   16055.54633821 +.00000166 +00000-0 +79627-4 0  9996,2 40088 047.0049 159.6232 0022350 213.7846 146.1614 14.53056880085744
1 40088U 14040C   16056.57774465  .00000201  00000-0  87956-4 0  9994,2 40088  47.0049 154.7920 0022416 218.4119 141.5169 14.53057800 86043
1 40088U 14040C   16057.67791132  .00000179  00000-0  82694-4 0  9994,2 40088  47.0049 149.6387 0022473 223.3493 136.5623 14.53058436 86209
1 40088U 14040C   16058.70931703  .00000210  00000-0  90123-4 0  9991,2 40088  47.0050 144.8075 0022525 227.9122 131.9846 14.53059405 86358
1 40088U 14040C   16059.60320189 +.00000207 +00000-0 +89435-4 0  9991,2 40088 047.0051 140.6204 0022568 231.9054 127.9794 14.53060041086336
1 40088U 14040C   16060.22204503  .00000155  00000-0  76988-4 0  9993,2 40088  47.0051 137.7216 0022595 234.6803 125.1968 14.53060241 86579
1 40088U 14040C   16060.56584689 +.00000168 +00000-0 +80066-4 0  9992,2 40088 047.0051 136.1113 0022611 236.1914 123.6816 14.53060524086475
1 40088U 14040C   16061.45973118  .00000209  00000-0  89731-4 0  9994,2 40088  47.0050 131.9242 0022646 240.1622 119.7010 14.53061435 86754
1 40088U 14040C   16061.66601227 +.00000208 +00000-0 +89590-4 0  9998,2 40088 047.0050 130.9580 0022649 241.0934 118.7677 14.53061559086639
1 40088U 14040C   16062.69742188  .00000196  00000-0  86818-4 0  9990,2 40088  47.0048 126.1265 0022659 245.7346 114.1170 14.53053902 86936
1 40088U 14040C   16063.59131126 +.00000129 +00000-0 +70813-4 0  9998,2 40088 047.0049 121.9394 0022669 249.6452 110.1995 14.53054157086917
1 40088U 14040C   16063.93511479  .00000075  00000-0  57873-4 0  9990,2 40088  47.0049 120.3289 0022679 251.1721 108.6702 14.53054243 87118
1 40088U 14040C   16064.62272194 +.00000132 +00000-0 +71514-4 0  9997,2 40088 047.0048 117.1081 0022688 254.2099 105.6282 14.53054807087063
1 40088U 14040C   16065.17280747  .00000144  00000-0  74339-4 0  9992,2 40088  47.0047 114.5312 0022701 256.6449 103.1903 14.53055206 87293
1 40088U 14040C   16065.58537178 +.00000158 +00000-0 +77673-4 0  9999,2 40088 047.0047 112.5987 0022698 258.4542 101.3793 14.53055500087203
1 40088U 14040C   16066.47926077  .00000164  00000-0  79075-4 0  9993,2 40088  47.0048 108.4115 0022720 262.4288  97.4014 14.53056012 87489
1 40088U 14040C   16066.54802144 +.00000174 +00000-0 +81396-4 0  9999,2 40088 047.0048 108.0894 0022720 262.7384 097.0917 14.53056111087342
1 40088U 14040C   16067.51067064  .00000205  00000-0  88949-4 0  9997,2 40088  47.0048 103.5801 0022726 266.9764  92.8519 14.53056974 87634
1 40088U 14040C   16067.57943133 +.00000202 +00000-0 +88236-4 0  9999,2 40088 047.0048 103.2580 0022726 267.2772 092.5510 14.53056999087497
1 40088U 14040C   16068.54208050 +.00000179 +00000-0 +82553-4 0  9998,2 40088 047.0048 098.7487 0022727 271.5374 088.2906 14.53057554087633
1 40088U 14040C   16069.09216564  .00000156  00000-0  77277-4 0  9990,2 40088  47.0049  96.1718 0022733 273.9635  85.8650 14.53057823 87869
1 40088U 14040C   16069.50472952 +.00000164 +00000-0 +79158-4 0  9990,2 40088 047.0049 094.2394 0022727 275.7965 084.0327 14.53058157087770
1 40088U 14040C   16070.19233579  .00000148  00000-0  75332-4 0  9999,2 40088  47.0049  91.0184 0022727 278.8228  81.0082 14.53058593 88026
1 40088U 14040C   16070.53613896 +.00000157 +00000-0 +77295-4 0  9991,2 40088 047.0049 089.4080 0022721 280.3561 079.4762 14.53058881087928
1 40088U 14040C   16071.49878751  .00000154  00000-0  76759-4 0  9991,2 40088  47.0050  84.8986 0022710 284.6130  75.2235 14.53059609 88212
1 40088U 14040C   16072.46143577 +.00000181 +00000-0 +83168-4 0  9992,2 40088 047.0050 080.3893 0022696 288.8650 070.9772 14.53060512088208
1 40088U 14040C   16073.14904169  .00000144  00000-0  74322-4 0  9991,2 40088  47.0050  77.1681 0022686 291.8949  67.9522 14.53060801 88458
1 40088U 14040C   16073.49284472 +.00000162 +00000-0 +78566-4 0  9991,2 40088 047.0050 075.5578 0022676 293.4349 066.4150 14.53061107088356
1 40088U 14040C   16074.18045049  .00000116  00000-0  67645-4 0  9998,2 40088  47.0051  72.3367 0022661 296.4670  63.3889 14.53061344 88608
1 40088U 14040C   16074.45549283 +.00000116 +00000-0 +67600-4 0  9998,2 40088 047.0051 071.0483 0022651 297.6977 062.1608 14.53061518088491
1 40088U 14040C   16075.41814072  .00000199  00000-0  87441-4 0  9992,2 40088  47.0052  66.5390 0022627 301.9971  57.8714 14.53062605 88783
1 40088U 14040C   16075.96822525 +.00000172 +00000-0 +81002-4 0  9992,2 40088 047.0053 063.9621 0022616 304.4429 055.4317 14.53062793088710
1 40088U 14040C   16076.44954895  .00000215  00000-0  91286-4 0  9995,2 40088  47.0054  61.7075 0022593 306.5589  53.3215 14.53063394 88930
1 40088U 14040C   16076.93087284 +.00000159 +00000-0 +78027-4 0  9993,2 40088 047.0055 059.4527 0022580 308.6969 051.1895 14.53063386088850
1 40088U 14040C   16077.96228071 +.00000147 +00000-0 +75149-4 0  9997,2 40088 047.0056 054.6213 0022539 313.2576 046.6426 14.53064044089009
1 40088U 14040C   16078.16856229  .00000175  00000-0  81797-4 0  9999,2 40088  47.0057  53.6550 0022527 314.1554  45.7477 14.53064322 89180
1 40088U 14040C   16078.92492790 +.00000147 +00000-0 +75092-4 0  9992,2 40088 047.0058 050.1120 0022501 317.5234 042.3908 14.53064681089146
1 40088U 14040C   16079.40625155  .00000152  00000-0  76292-4 0  9998,2 40088  47.0059  47.8575 0022474 319.6897  40.2320 14.53065001 89367
1 40088U 14040C   16079.95633542 +.00000134 +00000-0 +71923-4 0  9993,2 40088 047.0059 045.2807 0022450 322.1399 037.7905 14.53065302089293
1 40088U 14040C   16080.36889849 +.00000137 +00000-0 +72679-4 0  9995,2 40088 047.0060 043.3483 0022426 324.0115 035.9258 14.53065563089351
1 40088U 14040C   16081.12526374  .00000121  00000-0  68766-4 0  9996,2 40088  47.0061  39.8053 0022388 327.3877  32.5623 14.53065979 89612
1 40088U 14040C   16081.88162891 +.00000109 +00000-0 +65929-4 0  9993,2 40088 047.0062 036.2623 0022354 330.7919 029.1713 14.53066378089723
1 40088U 14040C   16082.91303577 +.00000072 +00000-0 +57126-4 0  9995,2 40088 047.0062 031.4310 0022292 335.4548 024.5273 14.53066794089726
1 40088U 14040C   16083.11931705  .00000075  00000-0  57852-4 0  9997,2 40088  47.0063  30.4648 0022281 336.3747  23.6112 14.53066948 89902
1 40088U 14040C   16084.15072365  .00000101  00000-0  64056-4 0  9994,2 40088  47.0064  25.6336 0022224 341.0437  18.9617 14.53067641 90055
1 40088U 14040C   16084.90708830 +.00000062 +00000-0 +54764-4 0  9991,2 40088 047.0064 022.0906 0022182 344.4487 015.5713 14.53067825090014
1 40088U 14040C   16085.18212995  .00000074  00000-0  57581-4 0  9997,2 40088  47.0064  20.8023 0022169 345.7094  14.3161 14.53068029 90205
1 40088U 14040C   16085.25089036 +.00000074 +00000-0 +57563-4 0  9993,2 40088 047.0064 020.4803 0022165 346.0303 013.9965 14.53068067090063
