1 40091U 14040F   14365.32595990  .00000890  00000-0  25485-3 0  9998,2 40091 047.0099 327.7697 0013387 095.4656 264.7740 14.52647078 24799
1 40091U 14040F   15001.90789961  .00000900  00000-0  25724-3 0  9991,2 40091 047.0092 320.3625 0013387 103.4382 256.8000 14.52650498 25026
1 40091U 14040F   15003.07715757  .00000678  00000-0  20370-3 0  9997,2 40091 047.0099 314.8900 0013409 109.0347 251.1945 14.52651580 25192
1 40091U 14040F   15004.10885534  .00000567  00000-0  17697-3 0  9998,2 40091 047.0100 310.0606 0013453 114.0963 246.1307 14.52652745 25342
1 40091U 14040F   15005.27811017  .00000708  00000-0  21088-3 0  9998,2 40091 047.0100 304.5877 0013512 120.1020 240.1207 14.52655320 25512
1 40091U 14040F   15007.82295097  .00000930  00000-0  26438-3 0  9996,2 40091 047.0106 292.6747 0013577 132.2160 227.9903 14.52661365 25883
1 40091U 14040F   15008.99219709  .00001042  00000-0  29150-3 0  9990,2 40091 047.0098 287.2009 0013595 137.5355 222.6564 14.52664490 26055
1 40091U 14040F   15010.02388291  .00001061  00000-0  29595-3 0  9994,2 40091 047.0110 282.3723 0013617 141.8295 218.3495 14.52667295 26203
1 40091U 14040F   15011.19312705  .00000936  00000-0  26586-3 0  9997,2 40091 047.0105 276.8982 0013798 147.2891 212.8865 14.52669400 26372
1 40091U 14040F   15012.22481011  .00000835  00000-0  24147-3 0  9998,2 40091 047.0103 272.0699 0013864 152.5830 207.5790 14.52671011 26525
1 40091U 14040F   15013.66916504  .00000663  00000-0  19993-3 0  9999,2 40091 047.0101 265.3085 0014003 159.3675 200.7786 14.52672799 26732
1 40091U 14040F   15014.70084580  .00000632  00000-0  19241-3 0  9997,2 40091 047.0095 260.4794 0014067 163.8628 196.2696 14.52674105 26883
1 40091U 14040F   15016.07641852  .00000683  00000-0  20466-3 0  9997,2 40091 047.0092 254.0394 0013917 169.7798 190.3376 14.52676528 27085
1 40091U 14040F   15017.10809760  .00000526  00000-0  16682-3 0  9997,2 40091 047.0089 249.2108 0013865 173.9566 186.1484 14.52677210 27231
1 40091U 14040F   15018.13977513  .00000423  00000-0  14194-3 0  9995,2 40091 047.0103 244.3822 0013991 178.8351 181.2566 14.52678183 27386
1 40091U 14040F   15019.24023008  .00000457  00000-0  15009-3 0  9992,2 40091 047.0098 239.2311 0014227 183.8522 176.2268 14.52679560 27545
1 40091U 14040F   15020.82213221  .00000392  00000-0  13451-3 0  9993,2 40091 047.0084 231.8257 0014250 190.7733 169.2827 14.52681023 27779
1 40091U 14040F   15022.12892011  .00000487  00000-0  15732-3 0  9997,2 40091 047.0085 225.7088 0014312 197.0467 162.9953 14.52682923 27968
1 40091U 14040F   15023.36692736  .00000557  00000-0  17432-3 0  9993,2 40091 047.0076 219.9128 0014274 202.6466 157.3787 14.52684841 28142
1 40091U 14040F   15024.53615578  .00000480  00000-0  15567-3 0  9994,2 40091 047.0077 214.4377 0014367 207.8028 152.2097 14.52686034 28316
1 40091U 14040F   15025.56782700  .00000499  00000-0  16028-3 0  9993,2 40091 047.0080 209.6083 0014389 212.4565 147.5446 14.52687470 28468
1 40091U 14040F   15026.73705306  .00000371  00000-0  12946-3 0  9994,2 40091 047.0073 204.1338 0014525 217.1767 142.8089 14.52688187 28637
1 40091U 14040F   15027.90627800  .00000644  00000-0  19525-3 0  9999,2 40091 047.0075 198.6608 0014630 221.9971 137.9807 14.52691121 28807
1 40091U 14040F   15029.41939009  .00000708  00000-0  21065-3 0  9997,2 40091 047.0081 191.5750 0014690 228.5404 131.4237 14.52693847 29022
1 40091U 14040F   15030.45105583  .00000777  00000-0  22723-3 0  9993,2 40091 047.0073 186.7471 0014798 232.8681 127.0872 14.52695992 29178
1 40091U 14040F   15030.45105583  .00000777  00000-0  22723-3 0  9993,2 40091 047.0073 186.7471 0014798 232.8681 127.0872 14.52695992 29178
1 40091U 14040F   15031.82660777  .00000875  00000-0  25100-3 0  9997,2 40091 047.0078 180.3075 0014729 239.0958 120.8472 14.52699074 29377
1 40091U 14040F   15032.99582546  .00000819  00000-0  23738-3 0  9996,2 40091 047.0087 174.8342 0014791 243.9633 115.9728 14.52701295 29542
1 40091U 14040F   15034.37137275  .00001013  00000-0  28419-3 0  9993,2 40091 047.0092 168.3961 0014863 249.7935 110.1377 14.52705316 29749
1 40091U 14040F   15035.74691784  .00000917  00000-0  26095-3 0  9995,2 40091 047.0091 161.9560 0014802 256.0255 103.8972 14.52707671 29949
1 40091U 14040F   15036.84735174  .00001052  00000-0  29350-3 0  9997,2 40091 047.0098 156.8053 0014783 261.2440 098.6770 14.52711001 30107
1 40091U 14040F   15037.87900656  .00001125  00000-0  31100-3 0  9997,2 40091 047.0096 151.9748 0014828 265.4197 094.5002 14.52713728 30254
1 40091U 14040F   15039.46087477  .00001075  00000-0  29898-3 0  9996,2 40091 047.0085 144.5678 0014791 272.8832 087.0372 14.52717376 30484
1 40091U 14040F   15040.49252498  .00001221  00000-0  33432-3 0  9990,2 40091 047.0090 139.7393 0014847 276.8201 083.1021 14.52720855 30637
1 40091U 14040F   15041.66172403  .00001542  00000-0  41150-3 0  9999,2 40091 047.0086 134.2655 0014807 282.3404 077.5793 14.52725955 30804
1 40091U 14040F   15042.76214578  .00001557  00000-0  41514-3 0  9991,2 40091 047.0094 129.1148 0014793 287.4955 072.4308 14.52729937 30961
1 40091U 14040F   15043.79378868  .00001433  00000-0  38525-3 0  9999,2 40091 047.0087 124.2866 0014808 291.4324 068.4977 14.52732653 31112
1 40091U 14040F   15049.57106159  .00000520  00000-0  16531-3 0  9992,2 40091 047.0100 097.2387 0014630 318.0497 041.9320 14.52713863 31957
1 40091U 14040F   15051.08417400 -.00001334  00000-0  00000+0 0  9990,2 40091 047.0100 090.1512 0014740 325.6154 034.4269 14.52703122 32176
1 40091U 14040F   15051.42803837  .00000679  00000-0  20349-3 0  9993,2 40091 047.0096 088.5443 0014659 326.5529 033.4390 14.52717482 32223
1 40091U 14040F   15052.59724612  .00000643  00000-0  19493-3 0  9994,2 40091 047.0099 083.0716 0014675 331.8644 028.1445 14.52719402 32398
1 40091U 14040F   15054.11033507  .00000632  00000-0  19222-3 0  9998,2 40091 047.0083 075.9875 0014571 338.6097 021.4151 14.52721547 32617
1 40091U 14040F   15055.48587017  .00000568  00000-0  17684-3 0  9997,2 40091 047.0076 069.5467 0014242 344.2500 015.7971 14.52723030 32819
1 40091U 14040F   15057.06773083  .00000644  00000-0  19511-3 0  9999,2 40091 047.0075 062.1412 0014076 351.3421 008.7199 14.52725747 33040
1 40091U 14040F   15058.23693206  .00000540  00000-0  17016-3 0  9990,2 40091 047.0078 056.6652 0014176 356.9181 003.1600 14.52727025 33218
1 40091U 14040F   15059.33735566  .00000550  00000-0  17255-3 0  9994,2 40091 047.0086 051.5135 0014180 002.1653 357.9297 14.52728732 33371
1 40091U 14040F   15060.36900152  .00000456  00000-0  14980-3 0  9991,2 40091 047.0080 046.6837 0014157 006.9286 353.1772 14.52729460 33529
1 40091U 14040F   15060.36900152  .00000456  00000-0  14980-3 0  9991,2 40091 047.0080 046.6837 0014157 006.9286 353.1772 14.52729460 33529
1 40091U 14040F   15062.08840797  .00000758  00000-0  22267-3 0  9992,2 40091 047.0076 038.6329 0014437 014.9641 345.1694 14.52733938 33772
1 40091U 14040F   15063.12004793  .00000899  00000-0  25673-3 0  9996,2 40091 047.0082 033.8053 0014204 019.8256 340.3150 14.52736655 33928
1 40091U 14040F   15064.28924009  .00000800  00000-0  23265-3 0  9992,2 40091 047.0083 028.3306 0013958 025.0833 335.0744 14.52738535 34092
1 40091U 14040F   15065.32087756  .00000794  00000-0  23133-3 0  9993,2 40091 047.0090 023.5003 0013947 029.7425 330.4257 14.52740763 34248
1 40091U 14040F   15066.83394266  .00000990  00000-0  27858-3 0  9993,2 40091 047.0082 016.4167 0013826 036.7880 323.3947 14.52744667 34468
1 40091U 14040F   15067.86557691  .00000799  00000-0  23257-3 0  9996,2 40091 047.0071 011.5875 0013807 041.5224 318.6687 14.52745770 34614
1 40091U 14040F   15068.96598428  .00000870  00000-0  24969-3 0  9992,2 40091 047.0051 006.4371 0013776 047.1096 313.0930 14.52748448 34772
1 40091U 14040F   15069.99761359  .00000829  00000-0  23961-3 0  9996,2 40091 047.0062 001.6086 0013857 051.8283 308.3764 14.52750454 34923
1 40091U 14040F   15071.16679452  .00000674  00000-0  20237-3 0  9991,2 40091 047.0065 356.1349 0013743 057.8514 302.3702 14.52752111 35090
1 40091U 14040F   15072.19842081  .00000828  00000-0  23949-3 0  9999,2 40091 047.0067 351.3077 0013585 063.2738 296.9547 14.52754986 35244
1 40091U 14040F   15073.23004579  .00000861  00000-0  24741-3 0  9995,2 40091 047.0067 346.4777 0013561 067.9926 292.2394 14.52757016 35392
1 40091U 14040F   15074.74309390  .00000629  00000-0  19138-3 0  9997,2 40091 047.0073 339.3922 0013589 074.5087 285.7281 14.52758808 35611
1 40091U 14040F   15076.11858992  .00000662  00000-0  19941-3 0  9996,2 40091 047.0078 332.9513 0013638 080.8034 279.4389 14.52761159 35812
1 40091U 14040F   15077.15021132  .00000667  00000-0  20069-3 0  9997,2 40091 047.0097 328.1226 0013856 084.9233 275.3233 14.52762962 35961
1 40091U 14040F   15078.18182834  .00001026  00000-0  28711-3 0  9990,2 40091 047.0102 323.2923 0013875 089.7803 270.4674 14.52766779 36118
1 40091U 14040F   15079.83241191  .00001046  00000-0  29197-3 0  9996,2 40091 047.0102 315.5630 0013822 097.8707 262.3728 14.52770591 36355
1 40091U 14040F   15081.00157570  .00000627  00000-0  19088-3 0  9997,2 40091 047.0089 310.0894 0013886 103.3065 256.9369 14.52770706 36528
1 40091U 14040F   15082.03318791  .00000514  00000-0  16373-3 0  9994,2 40091 047.0090 305.2584 0013863 108.1527 252.0848 14.52771769 36678
1 40091U 14040F   15083.06480092  .00000463  00000-0  15149-3 0  9995,2 40091 047.0079 300.4295 0013945 112.5669 247.6695 14.52772695 36824
1 40091U 14040F   15084.99047384  .00000376  00000-0  13043-3 0  9995,2 40091 047.0079 291.4135 0014024 122.0772 238.1480 14.52774502 37104
1 40091U 14040F   15086.36595109  .00000594  00000-0  18305-3 0  9999,2 40091 047.0079 284.9730 0013986 128.4287 231.7850 14.52777274 37300
1 40091U 14040F   15087.53510550  .00000558  00000-0  17434-3 0  9998,2 40091 047.0070 279.4992 0013966 133.9401 226.2643 14.52778858 37473
1 40091U 14040F   15088.84180563  .00000541  00000-0  17018-3 0  9990,2 40091 047.0055 273.3830 0014040 139.9859 220.2043 14.52780527 37662
1 40091U 14040F   15089.87340873  .00000691  00000-0  20622-3 0  9997,2 40091 047.0050 268.5520 0014024 144.9310 215.2499 14.52782967 37815
1 40091U 14040F   15090.90500941  .00000877  00000-0  25114-3 0  9994,2 40091 047.0054 263.7231 0014157 150.4006 209.7687 14.52785917 37967
1 40091U 14040F   15090.90500941  .00000877  00000-0  25114-3 0  9994,2 40091 047.0054 263.7231 0014157 150.4006 209.7687 14.52785917 37967
1 40091U 14040F   15092.28047605  .00000720  00000-0  21327-3 0  9999,2 40091 047.0059 257.2814 0014218 156.7193 203.4340 14.52787834 38161
1 40091U 14040F   15093.51839430  .00000744  00000-0  21896-3 0  9998,2 40091 047.0057 251.4857 0014207 162.0545 198.0869 14.52790367 38341
1 40091U 14040F   15094.75630892  .00000769  00000-0  22503-3 0  9999,2 40091 047.0067 245.6901 0014272 167.6199 192.5007 14.52792709 38520
1 40091U 14040F   15095.85667719  .00000741  00000-0  21822-3 0  9992,2 40091 047.0068 240.5382 0014471 172.4857 187.6249 14.52794692 38687
1 40091U 14040F   15098.33249893  .00000755  00000-0  22147-3 0  9993,2 40091 047.0079 228.9440 0014536 183.7273 176.3522 14.52799302 39046
1 40091U 14040F   15099.36408950  .00000662  00000-0  19911-3 0  9990,2 40091 047.0083 224.1146 0014581 188.4376 171.6273 14.52800647 39190
1 40091U 14040F   15100.39567923  .00000599  00000-0  18406-3 0  9999,2 40091 047.0087 219.2847 0014666 193.2476 166.8036 14.52801881 39347
1 40091U 14040F   15101.63358439  .00000779  00000-0  22718-3 0  9998,2 40091 047.0085 213.4887 0014644 198.9111 161.1236 14.52804810 39524
1 40091U 14040F   15102.73394183  .00001083  00000-0  30050-3 0  9993,2 40091 047.0085 208.3369 0014642 203.9079 156.1141 14.52808646 39687
1 40091U 14040F   15103.76552474  .00001194  00000-0  32721-3 0  9996,2 40091 047.0081 203.5060 0014649 208.6217 151.3862 14.52811622 39833
1 40091U 14040F   15105.48482879  .00000804  00000-0  23332-3 0  9993,2 40091 047.0088 195.4576 0014681 216.1773 143.8100 14.52813677 40080
1 40091U 14040F   15106.51640925  .00000800  00000-0  23233-3 0  9992,2 40091 047.0096 190.6295 0014948 220.5385 139.4385 14.52815665 40230
1 40091U 14040F   15107.68553090  .00001059  00000-0  29449-3 0  9999,2 40091 047.0089 185.1523 0014760 226.0136 133.9529 14.52819385 40403
1 40091U 14040F   15109.19850860  .00001089  00000-0  30171-3 0  9999,2 40091 047.0094 178.0679 0014842 232.7260 127.2265 14.52823380 40622
1 40091U 14040F   15110.29885485  .00000869  00000-0  24872-3 0  9999,2 40091 047.0082 172.9157 0014877 237.6787 122.2629 14.52824665 40782
1 40091U 14040F   15111.33042917  .00000833  00000-0  24006-3 0  9990,2 40091 047.0092 168.0861 0014847 242.1998 117.7386 14.52826679 40936
1 40091U 14040F   15112.36200094  .00000869  00000-0  24873-3 0  9997,2 40091 047.0092 163.2558 0014941 246.7656 113.1661 14.52828913 41088
1 40091U 14040F   15113.53111308  .00000939  00000-0  26573-3 0  9993,2 40091 047.0090 157.7813 0014966 251.6407 108.2828 14.52831784 41253
1 40091U 14040F   15114.56268200  .00001025  00000-0  28629-3 0  9992,2 40091 047.0084 152.9517 0014962 256.1744 103.7475 14.52834474 41408
1 40091U 14040F   15116.07564718  .00000965  00000-0  27191-3 0  9998,2 40091 047.0079 145.8668 0015044 263.0677 096.8513 14.52837519 41626
1 40091U 14040F   15117.45106996  .00000585  00000-0  18055-3 0  9998,2 40091 047.0073 139.4253 0014925 269.4726 090.4445 14.52837917 41829
1 40091U 14040F   15118.48263593  .00000530  00000-0  16721-3 0  9997,2 40091 047.0074 134.5945 0014908 274.7435 085.1746 14.52839154 41977
1 40091U 14040F   15119.51420108  .00000455  00000-0  14932-3 0  9997,2 40091 047.0074 129.7632 0014895 279.6197 080.2994 14.52840109 42121
1 40091U 14040F   15121.02716175  .00000483  00000-0  15587-3 0  9996,2 40091 047.0075 122.6785 0014918 286.0320 073.8932 14.52842245 42346
1 40091U 14040F   15122.05872419  .00000537  00000-0  16897-3 0  9999,2 40091 047.0071 117.8472 0014864 290.1625 069.7664 14.52843877 42499
1 40091U 14040F   15123.09028669  .00000458  00000-0  15004-3 0  9995,2 40091 047.0076 113.0174 0014859 294.6834 065.2491 14.52844804 42643
1 40091U 14040F   15124.12184934  .00000314  00000-0  11528-3 0  9996,2 40091 047.0070 108.1882 0014860 299.0714 060.8680 14.52845236 42793
1 40091U 14040F   15125.35972327  .00000348  00000-0  12354-3 0  9998,2 40091 047.0068 102.3930 0014793 304.3747 055.5743 14.52846629 42979
1 40091U 14040F   15126.73513713  .00000421  00000-0  14102-3 0  9996,2 40091 047.0070 095.9523 0014852 310.7818 049.1776 14.52848528 43171
1 40091U 14040F   15128.04177919  .00000383  00000-0  13182-3 0  9990,2 40091 047.0066 089.8357 0014859 316.3510 043.6185 14.52849843 43366
1 40091U 14040F   15129.27964945  .00000420  00000-0  14079-3 0  9997,2 40091 047.0078 084.0376 0014749 321.9707 038.0132 14.52851608 43547
1 40091U 14040F   15130.31120673  .00000596  00000-0  18301-3 0  9992,2 40091 047.0089 079.2079 0014708 326.8322 033.1629 14.52853851 43692
1 40091U 14040F   15131.89292557  .00000474  00000-0  15368-3 0  9992,2 40091 047.0084 071.7985 0014642 334.3021 025.7073 14.52855505 43921
1 40091U 14040F   15132.30554919 -.00001255  00000-0 -26206-3 0  9995,2 40091 047.0098 069.8686 0014136 333.0378 026.9483 14.52846466 43981
1 40091U 14040F   15132.85572130 -.00002985  00000-0 -67855-3 0  9996,2 40091 047.0078 067.2885 0015354 343.4464 016.5005 14.52833881 44068
1 40091U 14040F   15133.26836960 -.00005289  00000-0 -12341-2 0  9995,2 40091 047.0077 065.3574 0014096 341.1792 018.8396 14.52819066 44126
1 40091U 14040F   15134.36873731 -.00007319  00000-0 -17243-2 0  9996,2 40091 047.0071 060.2056 0014774 348.3756 011.6742 14.52798709 44284
1 40091U 14040F   15134.85015073 -.00006403  00000-0 -15035-2 0  9997,2 40091 047.0076 057.9522 0013933 346.2823 013.8104 14.52797134 44353
1 40091U 14040F   15135.33154530 -.00003058  00000-0 -69664-3 0  9994,2 40091 047.0076 055.6982 0014168 349.5063 010.5561 14.52808298 44424
1 40091U 14040F   15136.01926914 -.00002120  00000-0 -47066-3 0  9994,2 40091 047.0082 052.4774 0014133 351.9692 008.1131 14.52810519 44528
1 40091U 14040F   15136.29435610  .00001097  00000-0  30375-3 0  9997,2 40091 047.0082 051.1917 0014339 354.1951 005.9030 14.52822070 44566
1 40091U 14040F   15137.80733251  .00000984  00000-0  27648-3 0  9990,2 40091 047.0085 044.1066 0014262 000.8463 359.2435 14.52825347 44782
1 40091U 14040F   15139.04522481  .00000865  00000-0  24792-3 0  9994,2 40091 047.0092 038.3107 0014179 006.7860 353.3190 14.52827476 44962
1 40091U 14040F   15140.14557185  .00000912  00000-0  25920-3 0  9993,2 40091 047.0093 033.1595 0014243 011.7951 348.3265 14.52830164 45120
1 40091U 14040F   15141.52100220  .00001082  00000-0  30013-3 0  9998,2 40091 047.0095 026.7180 0014179 018.1798 341.9627 14.52834051 45320
1 40091U 14040F   15142.75888821  .00000724  00000-0  21412-3 0  9999,2 40091 047.0094 020.9219 0014169 023.8786 336.2740 14.52834602 45502
1 40091U 14040F   15143.85923045  .00000396  00000-0  13514-3 0  9998,2 40091 047.0091 015.7713 0014091 028.5967 331.5647 14.52834628 45666
1 40091U 14040F   15145.02834424  .00000333  00000-0  12006-3 0  9997,2 40091 047.0073 010.2994 0014039 034.2581 325.9204 14.52835545 45839
1 40091U 14040F   15146.61008304  .00000311  00000-0  11462-3 0  9994,2 40091 047.0074 002.8916 0014061 041.4061 318.7885 14.52837208 46068
1 40091U 14040F   15148.05427828  .00000210  00000-0  90396-4 0  9992,2 40091 047.0080 356.1281 0013926 048.1732 312.0337 14.52837858 46276
1 40091U 14040F   15149.56724403  .00000234  00000-0  96225-4 0  9991,2 40091 047.0071 349.0501 0013612 055.1491 305.0671 14.52839017 46490
1 40091U 14040F   15150.59881044  .00000209  00000-0  90039-4 0  9990,2 40091 047.0071 344.2198 0013560 060.2621 299.9610 14.52839614 46647
1 40091U 14040F   15150.59881044  .00000209  00000-0  90039-4 0  9990,2 40091 047.0071 344.2198 0013560 060.2621 299.9610 14.52839614 46647
1 40091U 14040F   15151.76791826  .00000267  00000-0  10404-3 0  9999,2 40091 047.0071 338.7457 0013528 065.8890 294.3407 14.52840720 46818
1 40091U 14040F   15152.93702507  .00000129  00000-0  70815-4 0  9997,2 40091 047.0071 333.2716 0013490 071.5130 288.7219 14.52840801 46981
1 40091U 14040F   15153.96858926  .00000132  00000-0  71669-4 0  9990,2 40091 047.0071 328.4414 0013469 076.4983 283.7401 14.52841517 47139
1 40091U 14040F   15155.75663239  .00000217  00000-0  92071-4 0  9994,2 40091 047.0070 320.0690 0013446 085.0369 275.2049 14.52843065 47393
1 40091U 14040F   15156.78819456  .00000245  00000-0  98870-4 0  9996,2 40091 047.0069 315.2387 0013437 089.9914 270.2509 14.52843901 47541
1 40091U 14040F   15157.81975615  .00000289  00000-0  10938-3 0  9997,2 40091 047.0068 310.4086 0013435 094.8480 265.3938 14.52844838 47691
1 40091U 14040F   15158.85131651  .00000404  00000-0  13706-3 0  9991,2 40091 047.0068 305.5783 0013440 099.7594 260.4807 14.52846299 47847
1 40091U 14040F   15159.88287532  .00000528  00000-0  16693-3 0  9990,2 40091 047.0068 300.7480 0013443 104.7253 255.5122 14.52848073 47993
1 40091U 14040F   15160.84566259 +.00000585 +00000-0 +18056-3 0  9992,2 40091 047.0068 296.2397 0013446 109.3659 250.8679 14.52849494031203
1 40091U 14040F   15161.39582625  .00000577  00000-0  17863-3 0  9994,2 40091 047.0068 293.6635 0013445 112.0357 248.1956 14.52850144 48215
1 40091U 14040F   15161.80844866 +.00000650 +00000-0 +19609-3 0  9990,2 40091 047.0068 291.7315 0013461 113.9850 246.2444 14.52851102031347
1 40091U 14040F   15162.77123325 +.00000648 +00000-0 +19567-3 0  9997,2 40091 047.0067 287.2234 0013478 118.5774 241.6468 14.52852578031488
1 40091U 14040F   15163.73401655 +.00000741 +00000-0 +21796-3 0  9990,2 40091 047.0067 282.7152 0013487 123.2479 236.9698 14.52854658048551
1 40091U 14040F   15164.76556881 +.00000722 +00000-0 +21349-3 0  9999,2 40091 047.0066 277.8849 0013531 128.1738 232.0366 14.52856289048708
1 40091U 14040F   15165.72834935 +.00000685 +00000-0 +20453-3 0  9998,2 40091 047.0065 273.3767 0013556 132.8176 227.3849 14.52857804031914
1 40091U 14040F   15166.34727928 +.00000599 +00000-0 +18374-3 0  9993,2 40091 047.0064 270.4784 0013582 135.8171 224.3799 14.52858367032004
1 40091U 14040F   15167.72267755  .00000518  00000-0  16432-3 0  9997,2 40091 047.0063 264.0383 0013633 142.2621 217.9221 14.52860160 49130
1 40091U 14040F   15168.68545516 +.00000447 +00000-0 +14726-3 0  9992,2 40091 047.0062 259.5300 0013674 146.8181 213.3563 14.52861224032349
1 40091U 14040F   15169.09807387  .00000440  00000-0  14558-3 0  9991,2 40091 047.0062 257.5978 0013687 148.7577 211.4122 14.52861774 49328
1 40091U 14040F   15169.57946225 +.00000351 +00000-0 +12425-3 0  9991,2 40091 047.0061 255.3438 0013715 151.0153 209.1495 14.52861961032476
1 40091U 14040F   15170.19838984  .00000337  00000-0  12083-3 0  9997,2 40091 047.0060 252.4455 0013739 153.9159 206.2419 14.52862690 49488
1 40091U 14040F   15171.50501428  .00000236  00000-0  96499-4 0  9995,2 40091 047.0059 246.3273 0013809 160.0346 200.1080 14.52863575 49672
1 40091U 14040F   15172.53655927  .00000164  00000-0  79261-4 0  9991,2 40091 047.0057 241.4970 0013866 164.7993 195.3310 14.52864129 49826
1 40091U 14040F   15173.63687336  .00000130  00000-0  71122-4 0  9993,2 40091 047.0056 236.3449 0013912 169.9462 190.1702 14.52864794 49982
1 40091U 14040F   15175.14980327  .00000262  00000-0  10284-3 0  9994,2 40091 047.0053 229.2603 0013997 176.9283 183.1689 14.52866785 50209
1 40091U 14040F   15176.45642509  .00000111  00000-0  66446-4 0  9991,2 40091 047.0052 223.1419 0014069 182.8547 177.2258 14.52866631 50392
1 40091U 14040F   15177.48796765  .00000101  00000-0  64118-4 0  9992,2 40091 047.0050 218.3115 0014123 187.5514 172.5158 14.52867212 50546
1 40091U 14040F   15178.51950989  .00000066  00000-0  55540-4 0  9996,2 40091 047.0049 213.4810 0014188 192.2128 167.8413 14.52867615 50691
1 40091U 14040F   15179.55105182  .00000032  00000-0  47314-4 0  9991,2 40091 047.0049 208.6505 0014252 196.8429 163.1982 14.52868016 50847
1 40091U 14040F   15181.06397970 -.00000034  00000-0  31639-4 0  9994,2 40091 047.0048 201.5657 0014338 203.6257 156.3969 14.52868336 51066
1 40091U 14040F   15182.16427912 -.00000036  00000-0  30991-4 0  9998,2 40091 047.0048 196.4132 0014397 208.5003 151.5094 14.52868734 51220
1 40091U 14040F   15183.47089839 -.00000040  00000-0  30153-4 0  9990,2 40091 047.0048 190.2948 0014454 214.2914 145.7038 14.52869113 51412
1 40091U 14040F   15185.12136457 -.00000034  00000-0  31540-4 0  9997,2 40091 047.0048 182.5660 0014536 221.5553 138.4226 14.52869622 51657
1 40091U 14040F   15186.42798326  .00000113  00000-0  66930-4 0  9998,2 40091 047.0048 176.4475 0014564 227.2930 132.6728 14.52870851 51846
1 40091U 14040F   15187.45952380  .00000105  00000-0  64865-4 0  9990,2 40091 047.0048 171.6170 0014609 231.8015 128.1553 14.52871276 51994
1 40091U 14040F   15189.04121853  .00000222  00000-0  93141-4 0  9999,2 40091 047.0050 164.2101 0014650 238.7081 121.2368 14.52872827 52222
1 40091U 14040F   15190.14152728  .00000351  00000-0  12419-3 0  9998,2 40091 047.0051 159.0576 0014678 243.5039 116.4340 14.52874279 52384
1 40091U 14040F   15191.37937396  .00000174  00000-0  81582-4 0  9997,2 40091 047.0053 153.2612 0014706 248.8632 111.0680 14.52874366 52567
1 40091U 14040F   15192.75475797  .00000329  00000-0  11880-3 0  9997,2 40091 047.0056 146.8207 0014733 254.8390 105.0864 14.52876523 52762
1 40091U 14040F   15194.13014186  .00000258  00000-0  10182-3 0  9997,2 40091 047.0058 140.3802 0014738 260.7163 099.2054 14.52877282 52963
1 40091U 14040F   15195.16167890  .00000236  00000-0  96522-4 0  9991,2 40091 047.0058 135.5499 0014730 265.1414 094.7788 14.52878141 53118
1 40091U 14040F   15196.26198499  .00000211  00000-0  90434-4 0  9991,2 40091 047.0059 130.3975 0014718 269.8758 090.0439 14.52878903 53274
1 40091U 14040F   15197.29352149  .00000143  00000-0  73989-4 0  9999,2 40091 047.0060 125.5671 0014711 274.3243 085.5959 14.52879381 53422
1 40091U 14040F   15198.80644121  .00000100  00000-0  63796-4 0  9999,2 40091 047.0062 118.4825 0014701 280.8406 079.0823 14.52880292 53643
1 40091U 14040F   15200.11305339  .00000096  00000-0  62830-4 0  9994,2 40091 047.0064 112.3641 0014656 286.4516 073.4756 14.52881130 53833
1 40091U 14040F   15201.14458902  .00000051  00000-0  51902-4 0  9992,2 40091 047.0065 107.5339 0014622 290.9303 069.0015 14.52881556 53988
1 40091U 14040F   15202.17612437  .00000066  00000-0  55608-4 0  9994,2 40091 047.0066 102.7037 0014580 295.4500 064.4875 14.52882297 54137
1 40091U 14040F   15203.82658039  .00000114  00000-0  67266-4 0  9992,2 40091 047.0066 094.9752 0014520 302.5793 057.3688 14.52883555 54378
1 40091U 14040F   15205.13319093  .00000099  00000-0  63509-4 0  9990,2 40091 047.0066 088.8569 0014461 308.3131 051.6451 14.52884275 54566
1 40091U 14040F   15206.43980108  .00000091  00000-0  61546-4 0  9996,2 40091 047.0066 082.7383 0014402 313.9925 045.9771 14.52884976 54751
1 40091U 14040F   15207.60887308  .00000065  00000-0  55408-4 0  9995,2 40091 047.0065 077.2637 0014337 319.1171 040.8637 14.52885461 54923
1 40091U 14040F   15208.77794476  .00000082  00000-0  59432-4 0  9997,2 40091 047.0065 071.7892 0014265 324.2572 035.7356 14.52886153 55096
1 40091U 14040F   15209.80947817  .00000109  00000-0  65973-4 0  9998,2 40091 047.0065 066.9586 0014194 328.7835 031.2204 14.52886857 55245
1 40091U 14040F   15211.04731801  .00000112  00000-0  66574-4 0  9993,2 40091 047.0066 061.1621 0014128 334.2940 025.7240 14.52887514 55428
1 40091U 14040F   15212.56023272  .00000170  00000-0  80689-4 0  9994,2 40091 047.0067 054.0773 0014021 340.9509 019.0848 14.52888590 55644
1 40091U 14040F   15213.86684023  .00000173  00000-0  81378-4 0  9994,2 40091 047.0068 047.9588 0013931 346.8042 013.2475 14.52889343 55836
1 40091U 14040F   15214.96714083  .00000160  00000-0  78143-4 0  9998,2 40091 047.0067 042.8063 0013858 351.7361 008.3293 14.52889879 55998
1 40091U 14040F   15215.99867216  .00000135  00000-0  72183-4 0  9999,2 40091 047.0068 037.9758 0013771 356.3763 003.7018 14.52890351 56145
1 40091U 14040F   15217.51158408  .00000141  00000-0  73635-4 0  9995,2 40091 047.0068 030.8909 0013679 003.2163 356.8806 14.52891250 56364
1 40091U 14040F   15218.74942047  .00000129  00000-0  70855-4 0  9998,2 40091 047.0070 025.0943 0013605 008.8510 351.2611 14.52891872 56540
1 40091U 14040F   15219.84971868  .00000166  00000-0  79779-4 0  9998,2 40091 047.0070 019.9417 0013530 013.9185 346.2069 14.52892757 56702
1 40091U 14040F   15220.95001635  .00000209  00000-0  89991-4 0  9993,2 40091 047.0072 014.7893 0013471 018.9812 341.1571 14.52893673 56868
1 40091U 14040F   15222.46292465  .00000169  00000-0  80424-4 0  9991,2 40091 047.0074 007.7045 0013365 025.9978 334.1574 14.52894430 57086
1 40091U 14040F   15223.49445235  .00000116  00000-0  67675-4 0  9995,2 40091 047.0075 002.8741 0013306 030.8111 329.3551 14.52894831 57238
1 40091U 14040F   15224.80105340  .00000086  00000-0  60469-4 0  9991,2 40091 047.0075 356.7558 0013241 036.9118 323.2674 14.52895478 57425
1 40091U 14040F   15226.17642181  .00000068  00000-0  56158-4 0  9992,2 40091 047.0076 350.3154 0013151 043.3259 316.8657 14.52896242 57627
1 40091U 14040F   15227.48302098  .00000079  00000-0  58723-4 0  9999,2 40091 047.0075 344.1968 0013072 049.4723 310.7297 14.52897026 57810
1 40091U 14040F   15228.51454549  .00000209  00000-0  89929-4 0  9990,2 40091 047.0075 339.3665 0013040 054.3708 305.8388 14.52898452 57970
1 40091U 14040F   15229.75237435  .00000200  00000-0  87875-4 0  9999,2 40091 047.0075 333.5702 0013007 060.2182 299.9993 14.52899234 58158
1 40091U 14040F   15230.71512965 +.00000158 +00000-0 +77726-4 0  9997,2 40091 047.0075 329.0619 0012979 064.8033 295.4195 14.52899590041362
1 40091U 14040F   15231.47157975  .00000092  00000-0  61873-4 0  9990,2 40091 047.0075 325.5196 0012947 068.4275 291.7987 14.52899731 58404
1 40091U 14040F   15231.74665238 +.00000101 +00000-0 +63945-4 0  9999,2 40091 047.0074 324.2316 0012940 069.7359 290.4915 14.52899975041514
1 40091U 14040F   15232.50310192  .00000084  00000-0  59850-4 0  9990,2 40091 047.0074 320.6893 0012917 073.3536 286.8765 14.52900412 58559
1 40091U 14040F   15234.56614486 +.00000063 +00000-0 +54923-4 0  9994,2 40091 047.0071 311.0287 0012858 083.1511 277.0835 14.52901497041920
1 40091U 14040F   15235.66643343 +.00000076 +00000-0 +58091-4 0  9994,2 40091 047.0069 305.8763 0012848 088.4202 271.8153 14.52902165042087
1 40091U 14040F   15236.62918568 +.00000069 +00000-0 +56254-4 0  9996,2 40091 047.0067 301.3678 0012838 093.0342 267.2011 14.52902509042227
1 40091U 14040F   15238.62345671  .00000038  00000-0  48980-4 0  9990,2 40091 047.0063 292.0287 0012850 102.5998 257.6323 14.52903158 59444
1 40091U 14040F   15239.51743952 +.00000062 +00000-0 +54557-4 0  9997,2 40091 047.0061 287.8422 0012863 106.8876 253.3419 14.52903672042645
1 40091U 14040F   15240.20511818  .00000082  00000-0  59340-4 0  9996,2 40091 047.0060 284.6217 0012871 110.1864 250.0405 14.52904130 59675
1 40091U 14040F   15240.48018968 +.00000077 +00000-0 +58302-4 0  9995,2 40091 047.0060 283.3336 0012881 111.5039 248.7219 14.52904221042785
1 40091U 14040F   15241.51170715  .00000073  00000-0  57214-4 0  9996,2 40091 047.0059 278.5030 0012888 116.4006 243.8201 14.52904734 59868
1 40091U 14040F   15241.58047495 +.00000071 +00000-0 +56812-4 0  9992,2 40091 047.0059 278.1809 0012888 116.7227 243.4977 14.52904764042946
1 40091U 14040F   15242.54322420  .00000039  00000-0  49211-4 0  9992,2 40091 047.0058 273.6724 0012902 121.2587 238.9562 14.52905071 60017
1 40091U 14040F   15243.50597302 +.00000030 +00000-0 +47006-4 0  9993,2 40091 047.0056 269.1638 0012925 125.8450 234.3636 14.52905470043222
1 40091U 14040F   15244.19365046  .00000022  00000-0  44980-4 0  9996,2 40091  47.0055 265.9432 0012944 129.1203 231.0833 14.52905757 60243
1 40091U 14040F   15244.53748918 +.00000012 +00000-0 +42732-4 0  9999,2 40091 047.0055 264.3331 0012953 130.7244 229.4766 14.52905849043370
1 40091U 14040F   15245.50023732 -.00000009  00000-0  37455-4 0  9990,2 40091  47.0053 259.8245 0012981 135.2457 224.9476 14.52906104 60437
1 40091U 14040F   15246.46298518 -.00000020 +00000-0 +34933-4 0  9993,2 40091 047.0052 255.3158 0013015 139.7561 220.4288 14.52906354043658
1 40091U 14040F   15247.15066194 -.00000022  00000-0  34480-4 0  9992,2 40091  47.0052 252.0952 0013040 142.9981 217.1804 14.52906568 60679
1 40091U 14040F   15247.49450012 -.00000004 +00000-0 +38836-4 0  9994,2 40091 047.0051 250.4850 0013070 144.6306 215.5447 14.52906820043802
1 40091U 14040F   15248.18217652  .00000013  00000-0  42893-4 0  9999,2 40091  47.0052 247.2643 0013109 147.8935 212.2749 14.52907161 60822
1 40091U 14040F   15248.86985276 +.00000031 +00000-0 +47149-4 0  9997,2 40091 047.0051 244.0439 0013134 151.1017 209.0596 14.52907499044006
1 40091U 14040F   15249.48876124  .00000041  00000-0  49514-4 0  9996,2 40091  47.0051 241.1455 0013162 153.9610 206.1938 14.52907790 61014
1 40091U 14040F   15250.93288029 +.00000049 +00000-0 +51509-4 0  9994,2 40091 047.0052 234.3824 0013237 160.6807 199.4580 14.52908479044300
1 40091U 14040F   15251.13918299  .00000043  00000-0  50115-4 0  9992,2 40091  47.0053 233.4163 0013249 161.5997 198.5368 14.52908551 61258
1 40091U 14040F   15251.96439343 +.00000057 +00000-0 +53518-4 0  9996,2 40091 047.0053 229.5517 0013288 165.4138 194.7131 14.52909021044452
1 40091U 14040F   15252.37699856  .00000060  00000-0  54067-4 0  9993,2 40091  47.0054 227.6196 0013313 167.2834 192.8388 14.52909247 61437
1 40091U 14040F   15252.92713852 +.00000053 +00000-0 +52338-4 0  9998,2 40091 047.0054 225.0431 0013342 169.8424 190.2731 14.52909504044594
1 40091U 14040F   15253.40851095  .00000078  00000-0  58360-4 0  9992,2 40091  47.0054 222.7890 0013364 171.9661 188.1438 14.52909907 61583
1 40091U 14040F   15253.95865081 +.00000043 +00000-0 +50083-4 0  9998,2 40091 047.0054 220.2126 0013391 174.4672 185.6361 14.52910001044741
1 40091U 14040F   15254.37125563 +.00000037 +00000-0 +48599-4 0  9991,2 40091 047.0055 218.2805 0013411 176.3165 183.7819 14.52910183044809
1 40091U 14040F   15255.12769753  .00000051  00000-0  51953-4 0  9994,2 40091  47.0055 214.7380 0013456 179.7677 180.3215 14.52910658 61834
1 40091U 14040F   15255.95290677 +.00000034 +00000-0 +47823-4 0  9991,2 40091 047.0056 210.8735 0013503 183.5074 176.5716 14.52910969045035
1 40091U 14040F   15256.15920918  .00000023  00000-0  45265-4 0  9998,2 40091  47.0056 209.9074 0013512 184.4056 175.6710 14.52910972 61980
1 40091U 14040F   15256.91565074 +.00000025 +00000-0 +45650-4 0  9990,2 40091 047.0056 206.3650 0013556 187.8015 172.2659 14.52911348045177
1 40091U 14040F   15257.19072047  .00000022  00000-0  44880-4 0  9995,2 40091  47.0056 205.0769 0013570 189.0168 171.0473 14.52911427 62137
1 40091U 14040F   15257.87839443 +.00000026 +00000-0 +46031-4 0  9995,2 40091 047.0056 201.8564 0013608 192.1339 167.9218 14.52911760045313
1 40091U 14040F   15258.29099885  .00000034  00000-0  47896-4 0  9999,2 40091  47.0057 199.9243 0013628 193.9764 166.0744 14.52911956 62295
1 40091U 14040F   15258.90990531 +.00000030 +00000-0 +46841-4 0  9990,2 40091 047.0057 197.0259 0013666 196.7554 163.2880 14.52912173045463
1 40091U 14040F   15259.87264855 +.00000029 +00000-0 +46669-4 0  9996,2 40091 047.0058 192.5174 0013713 201.0225 159.0096 14.52912552045607
1 40091U 14040F   15260.14771794  .00000040  00000-0  49196-4 0  9994,2 40091  47.0059 191.2294 0013731 202.2639 157.7650 14.52912737 62569
1 40091U 14040F   15260.90415881 +.00000043 +00000-0 +50100-4 0  9990,2 40091 047.0059 187.6868 0013762 205.5501 154.4703 14.52913089045759
1 40091U 14040F   15261.17922810  .00000076  00000-0  57984-4 0  9998,2 40091  47.0060 186.3989 0013772 206.7835 153.2338 14.52913400 62718
1 40091U 14040F   15261.86690127 +.00000088 +00000-0 +60730-4 0  9993,2 40091 047.0060 183.1785 0013808 209.8048 150.2050 14.52913821045892
1 40091U 14040F   15262.21073781  .00000126  00000-0  70036-4 0  9997,2 40091  47.0060 181.5684 0013817 211.2903 148.7159 14.52914209 62868
1 40091U 14040F   15262.89841066 +.00000131 +00000-0 +71238-4 0  9991,2 40091 047.0061 178.3480 0013848 214.2875 145.7115 14.52914661046045
1 40091U 14040F   15263.24224701  .00000171  00000-0  80770-4 0  9997,2 40091  47.0061 176.7379 0013854 215.7821 144.2135 14.52915088 63014
1 40091U 14040F   15263.86115222 +.00000165 +00000-0 +79286-4 0  9995,2 40091 047.0061 173.8395 0013882 218.4782 141.5112 14.52915516046187
1 40091U 14040F   15264.89266066 +.00000165 +00000-0 +79338-4 0  9990,2 40091 047.0061 169.0091 0013921 222.9683 137.0114 14.52916253046339
1 40091U 14040F   15265.16772952  .00000167  00000-0  79797-4 0  9998,2 40091  47.0060 167.7210 0013926 224.1674 135.8099 14.52916462 63299
1 40091U 14040F   15265.85540150 +.00000168 +00000-0 +80149-4 0  9991,2 40091 047.0060 164.5005 0013957 227.1541 132.8171 14.52916976046475
1 40091U 14040F   15266.19923753  .00000167  00000-0  79863-4 0  9993,2 40091  47.0059 162.8905 0013962 228.6347 131.3336 14.52917197 63448
1 40091U 14040F   15266.88690924 +.00000160 +00000-0 +78154-4 0  9995,2 40091 047.0059 159.6700 0013988 231.5945 128.3683 14.52917682046621
1 40091U 14040F   15267.78088233  .00000179  00000-0  82669-4 0  9995,2 40091  47.0058 155.4835 0014014 235.5002 124.4558 14.52918408 63671
1 40091U 14040F   15267.91841662 +.00000177 +00000-0 +82227-4 0  9991,2 40091 047.0058 154.8394 0014020 236.0589 123.8962 14.52918490046772
1 40091U 14040F   15268.81238931  .00000191  00000-0  85478-4 0  9997,2 40091  47.0057 150.6528 0014046 239.9287 120.0204 14.52919208 63820
1 40091U 14040F   15268.88115645 +.00000206 +00000-0 +89101-4 0  9994,2 40091 047.0057 150.3308 0014044 240.2006 119.7481 14.52919333046917
1 40091U 14040F   15269.84389604  .00000188  00000-0  84794-4 0  9991,2 40091  47.0057 145.8222 0014062 244.3050 115.6381 14.52919913 63978
1 40091U 14040F   15269.91266317 +.00000185 +00000-0 +84086-4 0  9995,2 40091 047.0057 145.5001 0014064 244.6069 115.3359 14.52919932047060
1 40091U 14040F   15270.87540257 +.00000188 +00000-0 +84870-4 0  9994,2 40091 047.0057 140.9915 0014079 248.7226 111.2154 14.52920563047205
1 40091U 14040F   15270.87540257 +.00000188 +00000-0 +84870-4 0  9994,2 40091 047.0057 140.9915 0014079 248.7226 111.2154 14.52920563047205
1 40091U 14040F   15271.08170388  .00000179  00000-0  82724-4 0  9998,2 40091  47.0056 140.0255 0014082 249.6467 110.2904 14.52920637 64150
1 40091U 14040F   15271.90690880 +.00000183 +00000-0 +83571-4 0  9999,2 40091 047.0057 136.1609 0014101 253.1573 106.7764 14.52921175047355
1 40091U 14040F   15272.11321000  .00000177  00000-0  82084-4 0  9999,2 40091  47.0056 135.1948 0014101 254.0616 105.8714 14.52921283 64306
1 40091U 14040F   15272.93841475 +.00000152 +00000-0 +76073-4 0  9996,2 40091 047.0056 131.3303 0014111 257.5664 102.3640 14.52921670047504
1 40091U 14040F   15273.83238629  .00000164  00000-0  79096-4 0  9998,2 40091  47.0056 127.1437 0014121 261.3956  98.5327 14.52922316 64553
1 40091U 14040F   15273.90115335 +.00000162 +00000-0 +78476-4 0  9993,2 40091 047.0056 126.8216 0014122 261.7003 098.2279 14.52922336047648
1 40091U 14040F   15274.93265866 +.00000181 +00000-0 +83078-4 0  9997,2 40091 047.0055 121.9910 0014126 266.1194 093.8074 14.52923115047794
1 40091U 14040F   15275.07019263  .00000181  00000-0  83242-4 0  9994,2 40091  47.0055 121.3469 0014123 266.6980  93.2288 14.52923230 64734
1 40091U 14040F   15275.89539660 +.00000189 +00000-0 +85089-4 0  9991,2 40091 047.0055 117.4823 0014121 270.1757 089.7508 14.52923830047938
1 40091U 14040F   15276.78936728  .00000201  00000-0  88020-4 0  9999,2 40091  47.0055 113.2955 0014121 273.9827  85.9442 14.52924514 64986
1 40091U 14040F   15276.92690125 +.00000190 +00000-0 +85337-4 0  9998,2 40091 047.0054 112.6515 0014118 274.5824 085.3447 14.52924536048086
1 40091U 14040F   15277.82087163  .00000166  00000-0  79650-4 0  9994,2 40091  47.0054 108.4647 0014111 278.3544  81.5740 14.52925033 65131
1 40091U 14040F   15277.88963858 +.00000167 +00000-0 +79876-4 0  9995,2 40091 047.0054 108.1427 0014108 278.6473 081.2812 14.52925085048229
1 40091U 14040F   15278.85237577  .00000142  00000-0  73835-4 0  9997,2 40091  47.0054 103.6339 0014093 282.7958  77.1350 14.52925602 65289
1 40091U 14040F   15278.92114271 +.00000142 +00000-0 +73770-4 0  9998,2 40091 047.0054 103.3118 0014091 283.1104 076.8206 14.52925645048371
1 40091U 14040F   15279.88387963  .00000125  00000-0  69733-4 0  9999,2 40091  47.0054  98.8030 0014077 287.2502  72.6841 14.52926189 65432
1 40091U 14040F   15279.88387963 +.00000125 +00000-0 +69733-4 0  9999,2 40091 047.0054 098.8030 0014077 287.2502 072.6841 14.52926189048512
1 40091U 14040F   15280.91538293  .00000163  00000-0  78921-4 0  9990,2 40091  47.0055  93.9722 0014054 291.7103  68.2284 14.52927155 65581
1 40091U 14040F   15281.87811883 +.00000176 +00000-0 +82059-4 0  9996,2 40091 047.0057 089.4635 0014028 295.7897 064.1539 14.52928005048800
1 40091U 14040F   15281.94688568  .00000174  00000-0  81376-4 0  9995,2 40091  47.0057  89.1415 0014026 296.0820  63.8619 14.52928043 65739
1 40091U 14040F   15282.84085482 +.00000125 +00000-0 +69830-4 0  9998,2 40091 047.0058 084.9548 0014000 299.9324 060.0168 14.52928396048946
1 40091U 14040F   15283.45975631  .00000121  00000-0  68851-4 0  9998,2 40091  47.0059  82.0564 0013989 302.5908  57.3624 14.52928799 65951
1 40091U 14040F   15283.87235732 +.00000110 +00000-0 +66141-4 0  9993,2 40091 047.0059 080.1242 0013972 304.3833 055.5728 14.52929019049090
1 40091U 14040F   15284.49125862  .00000109  00000-0  65952-4 0  9991,2 40091  47.0060  77.2257 0013953 307.0352  52.9255 14.52929440 66105
1 40091U 14040F   15284.90385941 +.00000114 +00000-0 +67168-4 0  9990,2 40091 047.0061 075.2935 0013938 308.8057 051.1581 14.52929765049240
1 40091U 14040F   15285.52276060  .00000111  00000-0  66321-4 0  9997,2 40091  47.0062  72.3950 0013917 311.4843  48.4845 14.52930148 66255
1 40091U 14040F   15285.86659450 +.00000120 +00000-0 +68529-4 0  9994,2 40091 047.0062 070.7849 0013904 313.0134 046.9584 14.52930431049384
1 40091U 14040F   15286.76056260  .00000124  00000-0  69554-4 0  9997,2 40091  47.0063  66.5983 0013869 316.8827  43.0969 14.52930999 66436
1 40091U 14040F   15287.79206382  .00000176  00000-0  82022-4 0  9995,2 40091  47.0064  61.7676 0013828 321.3857  38.6036 14.52931936 66585
1 40091U 14040F   15288.82356473  .00000189  00000-0  85099-4 0  9998,2 40091  47.0066  56.9370 0013784 325.9062  34.0935 14.52932661 66734
1 40091U 14040F   15289.78629860 +.00000208 +00000-0 +89647-4 0  9992,2 40091 047.0067 052.4284 0013737 330.1183 029.8915 14.52933357049958
1 40091U 14040F   15290.47396532  .00000212  00000-0  90702-4 0  9996,2 40091  47.0069  49.2078 0013706 333.1076  26.9096 14.52933854 66976
1 40091U 14040F   15290.81779855 +.00000244 +00000-0 +98251-4 0  9999,2 40091 047.0069 047.5977 0013688 334.6523 025.3688 14.52934291050101
1 40091U 14040F   15291.78053117  .00000278  00000-0  10643-3 0  9997,2 40091  47.0071  43.0893 0013639 338.8722  21.1596 14.52935282 67162
1 40091U 14040F   15292.74326320 +.00000323 +00000-0 +11722-3 0  9993,2 40091 047.0073 038.5808 0013588 343.1392 016.9038 14.52936380050383
1 40091U 14040F   15293.15586239  .00000361  00000-0  12648-3 0  9996,2 40091  47.0073  36.6486 0013571 344.9219  15.1258 14.52936979 67368
1 40091U 14040F   15293.70599440 +.00000378 +00000-0 +13057-3 0  9998,2 40091 047.0073 034.0723 0013537 347.3895 012.6648 14.52937654050529
1 40091U 14040F   15294.39365896  .00000412  00000-0  13870-3 0  9992,2 40091  47.0074  30.8519 0013501 350.4248   9.6376 14.52938636 67540
1 40091U 14040F   15294.73749111 +.00000421 +00000-0 +14076-3 0  9995,2 40091 047.0074 029.2418 0013486 352.0022 008.0645 14.52939092050675
1 40091U 14040F   15295.70022035  .00000460  00000-0  15018-3 0  9992,2 40091  47.0074  24.7333 0013430 356.3187   3.7596 14.52940532 67732
1 40091U 14040F   15296.66294873 +.00000482 +00000-0 +15546-3 0  9999,2 40091 047.0074 020.2247 0013376 000.6457 359.4442 14.52941932050957
1 40091U 14040F   15297.21307857  .00000596  00000-0  18284-3 0  9996,2 40091  47.0074  17.6483 0013346   3.1238 356.9727 14.52943369 67953
1 40091U 14040F   15297.62567589 +.00000569 +00000-0 +17633-3 0  9998,2 40091 047.0073 015.7162 0013326 005.0321 355.0694 14.52943834051095
1 40091U 14040F   15298.38210378  .00000555  00000-0  17306-3 0  9995,2 40091  47.0074  12.1736 0013283   8.4365 351.6739 14.52944884 68121
1 40091U 14040F   15298.65716836 +.00000541 +00000-0 +16969-3 0  9994,2 40091 047.0073 010.8855 0013272 009.7032 350.4106 14.52945203051246
1 40091U 14040F   15299.41359570  .00000457  00000-0  14948-3 0  9998,2 40091  47.0073   7.3430 0013225  13.1403 346.9822 14.52945789 68270
1 40091U 14040F   15299.61989395 +.00000463 +00000-0 +15088-3 0  9997,2 40091 047.0073 006.3769 0013222 014.0698 346.0551 14.52946113051383
1 40091U 14040F   15300.51385267  .00000422  00000-0  14110-3 0  9997,2 40091  47.0073   2.1904 0013172  18.1650 341.9702 14.52947105 68433
1 40091U 14040F   15300.65138470 +.00000416 +00000-0 +13969-3 0  9998,2 40091 047.0073 001.5463 0013167 018.8107 341.3261 14.52947270051534
1 40091U 14040F   15301.54534272  .00000384  00000-0  13193-3 0  9990,2 40091  47.0073 357.3597 0013120  22.9200 337.2266 14.52948207 68586
1 40091U 14040F   15302.57683194  .00000377  00000-0  13012-3 0  9994,2 40091  47.0073 352.5291 0013076  27.6034 332.5541 14.52949362 68735
1 40091U 14040F   15303.53955445 +.00000363 +00000-0 +12696-3 0  9994,2 40091 047.0073 348.0205 0013028 032.0689 328.0984 14.52950355051954
1 40091U 14040F   15304.15844697  .00000368  00000-0  12804-3 0  9995,2 40091  47.0072 345.1221 0013000  34.9207 325.2527 14.52951083 68966
1 40091U 14040F   15304.57104222 +.00000328 +00000-0 +11848-3 0  9997,2 40091 047.0072 343.1900 0012985 036.8141 323.3632 14.52951195052106
1 40091U 14040F   15305.53376346  .00000405  00000-0  13687-3 0  9991,2 40091  47.0071 338.6814 0012944  41.2987 318.8873 14.52952485 69164
1 40091U 14040F   15306.56524983  .00000383  00000-0  13159-3 0  9996,2 40091  47.0070 333.8507 0012901  46.1645 314.0303 14.52953284 69318
1 40091U 14040F   15307.52796976 +.00000322 +00000-0 +11708-3 0  9997,2 40091 047.0069 329.3419 0012869 050.6796 309.5227 14.52953788052537
1 40091U 14040F   15308.07809507  .00000299  00000-0  11140-3 0  9996,2 40091  47.0068 326.7654 0012848  53.2597 306.9464 14.52954135 69532
1 40091U 14040F   15308.49068896 +.00000300 +00000-0 +11176-3 0  9992,2 40091 047.0068 324.8332 0012833 055.2443 304.9647 14.52954488052679
1 40091U 14040F   15309.17834513  .00000288  00000-0  10875-3 0  9995,2 40091  47.0067 321.6125 0012805  58.5121 301.7012 14.52954992 69692
1 40091U 14040F   15309.52217322 +.00000243 +00000-0 +98051-4 0  9991,2 40091 047.0067 320.0023 0012803 060.1292 300.0862 14.52955011052823
1 40091U 14040F   15310.48489119  .00000234  00000-0  95834-4 0  9999,2 40091  47.0067 315.4935 0012784  64.6807 295.5399 14.52955730 69887
1 40091U 14040F   15310.96624994 +.00000215 +00000-0 +91337-4 0  9997,2 40091 047.0067 313.2390 0012767 066.9720 293.2508 14.52955995053038
1 40091U 14040F   15311.79143563  .00000261  00000-0  10236-3 0  9996,2 40091  47.0067 309.3744 0012759  70.8476 289.3787 14.52957003 70070
1 40091U 14040F   15311.86020110 +.00000252 +00000-0 +10032-3 0  9990,2 40091 047.0067 309.0524 0012758 071.1622 289.0644 14.52957008053164
1 40091U 14040F   15312.82291714  .00000229  00000-0  94598-4 0  9991,2 40091  47.0067 304.5436 0012741  75.7983 284.4315 14.52957748 70229
1 40091U 14040F   15312.96044785 +.00000232 +00000-0 +95417-4 0  9995,2 40091 047.0067 303.8995 0012738 076.4675 283.7627 14.52957911053325
1 40091U 14040F   15313.92316284  .00000282  00000-0  10732-3 0  9999,2 40091  47.0066 299.3908 0012733  81.0649 279.1675 14.52959112 70387
1 40091U 14040F   15314.95464231 +.00000329 +00000-0 +11865-3 0  9999,2 40091 047.0066 294.5600 0012728 086.0018 274.2320 14.52960375053615
1 40091U 14040F   15315.02340756  .00000325  00000-0  11784-3 0  9999,2 40091  47.0066 294.2380 0012728  86.3514 273.8825 14.52960432 70541
1 40091U 14040F   15315.84859059 +.00000277 +00000-0 +10625-3 0  9999,2 40091 047.0066 290.3734 0012735 090.2403 269.9939 14.52960952053742
1 40091U 14040F   15316.05488612  .00000293  00000-0  11014-3 0  9997,2 40091  47.0066 289.4072 0012735  91.2813 268.9529 14.52961285 70699
1 40091U 14040F   15316.94883369 +.00000231 +00000-0 +95275-4 0  9997,2 40091 047.0065 285.2206 0012748 095.4444 264.7894 14.52961764053907
1 40091U 14040F   15317.36142466  .00000261  00000-0  10241-3 0  9992,2 40091  47.0065 283.2883 0012752  97.4452 262.7881 14.52962295 70882
1 40091U 14040F   15317.70525023 +.00000261 +00000-0 +10228-3 0  9999,2 40091 047.0066 281.6781 0012750 099.0653 261.1674 14.52962636054010
1 40091U 14040F   15318.87425638  .00000293  00000-0  11000-3 0  9993,2 40091  47.0065 276.2031 0012768 104.6402 255.5898 14.52963972 71109
1 40091U 14040F   15318.94302143 +.00000261 +00000-0 +10230-3 0  9995,2 40091 047.0065 275.8810 0012772 104.9688 255.2610 14.52963872054191
1 40091U 14040F   15319.90573148  .00000281  00000-0  10714-3 0  9996,2 40091  47.0065 271.3722 0012791 109.5522 250.6744 14.52964939 71251
1 40091U 14040F   15320.31832098 +.00000357 +00000-0 +12529-3 0  9995,2 40091 047.0065 269.4401 0012808 111.4581 248.7670 14.52965850054394
1 40091U 14040F   15321.21226455  .00000391  00000-0  13356-3 0  9996,2 40091  47.0065 265.2534 0012829 115.7051 244.5159 14.52967068 71441
1 40091U 14040F   15321.28102945 +.00000422 +00000-0 +14086-3 0  9996,2 40091 047.0065 264.9313 0012834 116.0286 244.1921 14.52967291054534
1 40091U 14040F   15322.24373687  .00000458  00000-0  14958-3 0  9993,2 40091  47.0065 260.4226 0012865 120.5710 239.6444 14.52968674 71594
1 40091U 14040F   15322.86261962 +.00000442 +00000-0 +14573-3 0  9999,2 40091 047.0065 257.5240 0012883 123.4987 236.7129 14.52969406054767
1 40091U 14040F   15323.27520773  .00000479  00000-0  15473-3 0  9993,2 40091  47.0065 255.5918 0012904 125.4080 234.8010 14.52970215 71742
1 40091U 14040F   15323.82532525 +.00000445 +00000-0 +14647-3 0  9997,2 40091 047.0065 253.0153 0012919 128.0130 232.1921 14.52970730054900
1 40091U 14040F   15324.78802999 +.00000396 +00000-0 +13483-3 0  9990,2 40091 047.0064 248.5066 0012963 132.5478 227.6502 14.52971773055043
1 40091U 14040F   15325.20061742  .00000381  00000-0  13110-3 0  9992,2 40091  47.0063 246.5744 0012985 134.5057 225.6889 14.52972261 72028
1 40091U 14040F   15325.88826274 +.00000371 +00000-0 +12868-3 0  9993,2 40091 047.0063 243.3539 0013016 137.7334 222.4555 14.52973146055203
1 40091U 14040F   15326.23208525  .00000418  00000-0  13999-3 0  9994,2 40091  47.0062 241.7437 0013028 139.3328 220.8531 14.52973849 72176
1 40091U 14040F   15326.91972995 +.00000359 +00000-0 +12574-3 0  9990,2 40091 047.0061 238.5231 0013066 142.5778 217.6018 14.52974401055358
1 40091U 14040F   15327.26355210  .00000400  00000-0  13573-3 0  9991,2 40091  47.0061 236.9130 0013080 144.1728 216.0035 14.52975066 72323
1 40091U 14040F   15327.81366749 +.00000387 +00000-0 +13258-3 0  9995,2 40091 047.0060 234.3364 0013111 146.7633 213.4076 14.52975617055487
1 40091U 14040F   15328.91389763 +.00000292 +00000-0 +10965-3 0  9995,2 40091 047.0058 229.1835 0013174 151.8885 208.2712 14.52976305055646
1 40091U 14040F   15329.87659837 +.00000251 +00000-0 +10001-3 0  9999,2 40091 047.0057 224.6748 0013230 156.3213 203.8281 14.52977020055788
1 40091U 14040F   15330.15165569  .00000240  00000-0  97353-4 0  9990,2 40091  47.0057 223.3866 0013243 157.5734 202.5731 14.52977191 72740
1 40091U 14040F   15330.90806297 +.00000203 +00000-0 +88332-4 0  9999,2 40091 047.0057 219.8439 0013290 161.0458 199.0922 14.52977633055936
1 40091U 14040F   15330.90806297 +.00000203 +00000-0 +88332-4 0  9999,2 40091 047.0057 219.8439 0013290 161.0458 199.0922 14.52977633055936
1 40091U 14040F   15331.18312009  .00000195  00000-0  86532-4 0  9993,2 40091  47.0056 218.5557 0013303 162.3027 197.8322 14.52977815 72899
1 40091U 14040F   15331.87076259 +.00000179 +00000-0 +82557-4 0  9998,2 40091 047.0056 215.3351 0013349 165.4779 194.6490 14.52978300056077
1 40091U 14040F   15332.83346180  .00000178  00000-0  82422-4 0  9998,2 40091  47.0055 210.8263 0013412 169.8663 190.2493 14.52979011 73130
1 40091U 14040F   15332.90222602 +.00000161 +00000-0 +78356-4 0  9991,2 40091 047.0055 210.5043 0013417 170.1831 189.9317 14.52978968056221
1 40091U 14040F   15333.86492482 +.00000135 +00000-0 +72120-4 0  9996,2 40091 047.0054 205.9955 0013480 174.5543 185.5489 14.52979481056366
1 40091U 14040F   15334.13998157  .00000128  00000-0  70399-4 0  9995,2 40091  47.0054 204.7074 0013491 175.7909 184.3090 14.52979623 73324
1 40091U 14040F   15334.69009473 +.00000170 +00000-0 +80492-4 0  9992,2 40091 047.0053 202.1308 0013525 178.3091 181.7840 14.52980256056480
1 40091U 14040F   15335.44650035  .00000141  00000-0  73471-4 0  9999,2 40091  47.0051 198.5883 0013566 181.7752 178.3085 14.52980573 73519
1 40091U 14040F   15335.85908518 +.00000130 +00000-0 +70952-4 0  9995,2 40091 047.0051 196.6560 0013595 183.5974 176.4813 14.52980762056652
1 40091U 14040F   15336.82178270  .00000109  00000-0  65923-4 0  9995,2 40091  47.0049 192.1471 0013655 187.9229 172.1441 14.52981236 73712
1 40091U 14040F   15336.89054682 +.00000110 +00000-0 +66034-4 0  9998,2 40091 047.0049 191.8251 0013657 188.2234 171.8428 14.52981273056809
1 40091U 14040F   15337.92200795 +.00000100 +00000-0 +63642-4 0  9992,2 40091 047.0047 186.9942 0013722 192.8375 167.2160 14.52981856056954
1 40091U 14040F   15337.99077201  .00000102  00000-0  64137-4 0  9995,2 40091  47.0047 186.6721 0013726 193.1366 166.9162 14.52981908 73881
1 40091U 14040F   15338.88470460 +.00000108 +00000-0 +65535-4 0  9997,2 40091 047.0046 182.4852 0013787 197.1137 162.9283 14.52982488057095
1 40091U 14040F   15339.02223267  .00000117  00000-0  67783-4 0  9992,2 40091  47.0046 181.8411 0013787 197.7182 162.3222 14.52982621 74034
1 40091U 14040F   15339.91616472 +.00000189 +00000-0 +84995-4 0  9997,2 40091 047.0046 177.6542 0013839 201.7225 158.3073 14.52983596057249
1 40091U 14040F   15340.05369266  .00000201  00000-0  87919-4 0  9994,2 40091  47.0045 177.0101 0013848 202.3083 157.7199 14.52983771 74181
1 40091U 14040F   15340.94762413 +.00000273 +00000-0 +10518-3 0  9992,2 40091 047.0045 172.8232 0013894 206.2743 153.7437 14.52984844057393
1 40091U 14040F   15341.36020778  .00000278  00000-0  10628-3 0  9997,2 40091  47.0046 170.8907 0013911 208.1428 151.8704 14.52985185 74374
1 40091U 14040F   15341.91031901 +.00000314 +00000-0 +11492-3 0  9999,2 40091 047.0046 168.3142 0013942 210.5720 149.4352 14.52985857057530
1 40091U 14040F   15342.52919410  .00000310  00000-0  11391-3 0  9991,2 40091  47.0046 165.4154 0013974 213.3263 146.6742 14.52986344 74543
1 40091U 14040F   15342.87301343 +.00000331 +00000-0 +11907-3 0  9995,2 40091 047.0047 163.8052 0013996 214.8133 145.1836 14.52986784057670
1 40091U 14040F   15343.56065195  .00000322  00000-0  11692-3 0  9995,2 40091  47.0047 160.5844 0014040 217.8297 142.1600 14.52987377 74694
1 40091U 14040F   15343.90447100 +.00000286 +00000-0 +10835-3 0  9990,2 40091 047.0048 158.9742 0014061 219.3227 140.6636 14.52987552057829
1 40091U 14040F   15344.72963634  .00000432  00000-0  14328-3 0  9990,2 40091  47.0048 155.1093 0014093 222.9725 137.0058 14.52989242 74864
1 40091U 14040F   15344.86716389 +.00000436 +00000-0 +14418-3 0  9992,2 40091 047.0048 154.4653 0014095 223.5717 136.4054 14.52989408057963
1 40091U 14040F   15345.82985640  .00000412  00000-0  13834-3 0  9992,2 40091  47.0049 149.9564 0014137 227.7916 132.1768 14.52990312 75026
1 40091U 14040F   15345.89862013 +.00000398 +00000-0 +13520-3 0  9992,2 40091 047.0049 149.6343 0014136 228.0903 131.8776 14.52990320058112
1 40091U 14040F   15346.86131164  .00000415  00000-0  13905-3 0  9993,2 40091  47.0049 145.1253 0014194 232.2846 127.6751 14.52991566 75174
1 40091U 14040F   15347.89276647  .00000368  00000-0  12793-3 0  9994,2 40091  47.0050 140.2943 0014232 236.7792 123.1728 14.52992487 75325
1 40091U 14040F   15347.89276647 +.00000368 +00000-0 +12793-3 0  9994,2 40091 047.0050 140.2943 0014232 236.7792 123.1728 14.52992487058405
1 40091U 14040F   15348.85545678 +.00000466 +00000-0 +15142-3 0  9994,2 40091 047.0051 135.7853 0014271 240.9790 118.9663 14.52994154058541
1 40091U 14040F   15349.81814635  .00000497  00000-0  15881-3 0  9997,2 40091  47.0052 131.2763 0014303 245.1680 114.7716 14.52995534 75606
1 40091U 14040F   15349.88690982 +.00000512 +00000-0 +16235-3 0  9993,2 40091 047.0053 130.9543 0014306 245.4745 114.4647 14.52995720058694
1 40091U 14040F   15350.84959916  .00000376  00000-0  12982-3 0  9999,2 40091  47.0054 126.4454 0014338 249.6600 110.2743 14.52996109 75756
1 40091U 14040F   15351.81228781 +.00000344 +00000-0 +12204-3 0  9998,2 40091 047.0056 121.9365 0014369 253.8313 106.0989 14.52997056058973
1 40091U 14040F   15352.15610499  .00000354  00000-0  12458-3 0  9999,2 40091  47.0057 120.3261 0014382 255.3435 104.5854 14.52997521 75946
1 40091U 14040F   15352.84373937 +.00000315 +00000-0 +11528-3 0  9992,2 40091 047.0058 117.1056 0014391 258.3134 101.6134 14.52998081059125
1 40091U 14040F   15353.46260990  .00000408  00000-0  13758-3 0  9995,2 40091  47.0060 114.2070 0014415 260.9797  98.9455 14.52999299 76139
1 40091U 14040F   15353.80642687 +.00000365 +00000-0 +12718-3 0  9997,2 40091 047.0060 112.5968 0014411 262.4653 097.4594 14.52999453059265
1 40091U 14040F   15354.49406043  .00000353  00000-0  12422-3 0  9996,2 40091  47.0062 109.3761 0014425 265.4097  94.5138 14.53000176 76281
1 40091U 14040F   15354.76911385 +.00000319 +00000-0 +11616-3 0  9992,2 40091 047.0062 108.0880 0014429 266.6056 093.3177 14.53000296059409
1 40091U 14040F   15355.73179955  .00000420  00000-0  14033-3 0  9998,2 40091  47.0063 103.5793 0014430 270.7502  89.1728 14.53002149 76466
1 40091U 14040F   15356.69448519 +.00000375 +00000-0 +12955-3 0  9999,2 40091 047.0064 099.0704 0014442 274.8992 085.0242 14.53003059059681
1 40091U 14040F   15356.76324852  .00000363  00000-0  12666-3 0  9996,2 40091  47.0064  98.7484 0014442 275.2018  84.7217 14.53003049 76615
1 40091U 14040F   15357.31335429 +.00000368 +00000-0 +12777-3 0  9998,2 40091 047.0065 096.1718 0014446 277.5668 082.3574 14.53003729059771
1 40091U 14040F   15358.48232829  .00000386  00000-0  13210-3 0  9990,2 40091  47.0066  90.6968 0014453 282.6116  77.3151 14.53005278 76866
1 40091U 14040F   15358.68861783 +.00000359 +00000-0 +12563-3 0  9999,2 40091 047.0066 089.7307 0014443 283.5263 076.4011 14.53005373059978
1 40091U 14040F   15359.51377528  .00000372  00000-0  12875-3 0  9992,2 40091  47.0067  85.8659 0014444 287.0918  72.8383 14.53006484 77014
1 40091U 14040F   15359.72006466 +.00000351 +00000-0 +12379-3 0  9991,2 40091 047.0067 084.8998 0014437 287.9994 071.9316 14.53006615060120
1 40091U 14040F   15360.68274800  .00000301  00000-0  11192-3 0  9994,2 40091  47.0068  80.3910 0014424 292.1740  67.7612 14.53007461 77185
1 40091U 14040F   15361.64543073 +.00000302 +00000-0 +11209-3 0  9992,2 40091 047.0069 075.8822 0014420 296.3727 063.5675 14.53008539060401
1 40091U 14040F   15361.98924594  .00000255  00000-0  10078-3 0  9990,2 40091  47.0070  74.2718 0014423 297.8604  62.0818 14.53008633 77375
1 40091U 14040F   15362.67687612 +.00000262 +00000-0 +10237-3 0  9999,2 40091 047.0070 071.0513 0014398 300.8195 059.1271 14.53009368060552
1 40091U 14040F   15363.15821716  .00000227  00000-0  94191-4 0  9991,2 40091  47.0071  68.7968 0014397 302.8952  57.0546 14.53009640 77544
1 40091U 14040F   15363.63955822 +.00000266 +00000-0 +10347-3 0  9993,2 40091 047.0071 066.5425 0014378 305.0067 054.9467 14.53010282060699
1 40091U 14040F   15364.53347684  .00000284  00000-0  10772-3 0  9996,2 40091  47.0072  62.3558 0014360 308.9021  51.0581 14.53011203 77747
1 40091U 14040F   15364.60223983 +.00000284 +00000-0 +10773-3 0  9990,2 40091 047.0072 062.0338 0014358 309.2102 050.7506 14.53011258060836
1 40091U 14040F   15365.63368393  .00000290  00000-0  10911-3 0  9990,2 40091  47.0072  57.2029 0014329 313.7134  46.2562 14.53012220 77900
1 40091U 14040F   16001.59636455 +.00000245 +00000-0 +98399-4 0  9997,2 40091 047.0072 052.6941 0014294 317.9218 042.0567 14.53012874061123
1 40091U 14040F   16002.14646776  .00000179  00000-0  82599-4 0  9997,2 40091  47.0072  50.1175 0014280 320.3288  39.6550 14.53012950 78122
1 40091U 14040F   16002.55904497 +.00000217 +00000-0 +91635-4 0  9993,2 40091 047.0071 048.1852 0014260 322.1706 037.8174 14.53013513061268
1 40091U 14040F   16003.52172488  .00000216  00000-0  91394-4 0  9999,2 40091  47.0071  43.6763 0014224 326.4117  33.5864 14.53014313 78325
1 40091U 14040F   16004.55316737  .00000183  00000-0  83584-4 0  9995,2 40091  47.0071  38.8452 0014191 330.9903  29.0190 14.53014944 78470
1 40091U 14040F   16005.85966058 +.00000146 +00000-0 +74708-4 0  9993,2 40091 047.0072 032.7259 0014141 336.7920 023.2324 14.53015720061747
1 40091U 14040F   16006.13471183  .00000128  00000-0  70330-4 0  9992,2 40091  47.0071  31.4376 0014117 338.0023  22.0253 14.53015776 78707
1 40091U 14040F   16006.89110228 +.00000136 +00000-0 +72360-4 0  9999,2 40091 047.0072 027.8948 0014088 341.3989 018.6378 14.53016359061896
1 40091U 14040F   16007.16615341  .00000119  00000-0  68317-4 0  9994,2 40091  47.0072  26.6065 0014074 342.6293  17.4107 14.53016421 78851
1 40091U 14040F   16007.85378095 +.00000123 +00000-0 +69086-4 0  9991,2 40091 047.0072 023.3859 0014059 345.7154 014.3330 14.53016859062031
1 40091U 14040F   16008.47264567  .00000110  00000-0  66097-4 0  9993,2 40091  47.0072  20.4874 0014020 348.5058  11.5504 14.53017127 79048
1 40091U 14040F   16008.88522201 +.00000113 +00000-0 +66873-4 0  9995,2 40091 047.0073 018.5550 0014018 350.3525 009.7088 14.53017382062181
1 40091U 14040F   16009.84789985  .00000092  00000-0  61710-4 0  9997,2 40091  47.0073  14.0461 0013957 354.6948   5.3786 14.53017848 79249
1 40091U 14040F   16010.46676396 +.00000108 +00000-0 +65503-4 0  9990,2 40091 047.0073 011.1475 0013914 357.5182 002.5630 14.53018316062416
1 40091U 14040F   16011.08562783  .00000106  00000-0  65121-4 0  9997,2 40091  47.0073   8.2488 0013880   0.3155 359.7735 14.53018715 79427
1 40091U 14040F   16011.91077947 +.00000135 +00000-0 +72023-4 0  9993,2 40091 047.0073 004.3840 0013837 004.0655 356.0339 14.53019378062624
1 40091U 14040F   16012.11706729  .00000132  00000-0  71310-4 0  9998,2 40091  47.0073   3.4178 0013822   5.0189 355.0830 14.53019515 79575
1 40091U 14040F   16012.94221840 +.00000177 +00000-0 +82165-4 0  9994,2 40091 047.0072 359.5530 0013783 008.8046 351.3077 14.53020331062774
1 40091U 14040F   16013.14850616  .00000172  00000-0  80843-4 0  9992,2 40091  47.0073 358.5868 0013774   9.7764 350.3385 14.53020446 79726
1 40091U 14040F   16013.42355631 +.00000222 +00000-0 +92867-4 0  9995,2 40091 047.0072 357.2986 0013776 011.0719 349.0465 14.53020947062845
1 40091U 14040F   16014.17994434  .00000183  00000-0  83649-4 0  9992,2 40091  47.0073 353.7557 0013725  14.5355 345.5921 14.53021265 79872
1 40091U 14040F   16015.41766943  .00000178  00000-0  82474-4 0  9991,2 40091  47.0073 347.9585 0013675  20.2797 339.8627 14.53022144 80054
1 40091U 14040F   16015.89900676 +.00000171 +00000-0 +80645-4 0  9997,2 40091 047.0073 345.7039 0013651 022.4954 337.6525 14.53022439063205
1 40091U 14040F   16016.44910644  .00000173  00000-0  81105-4 0  9999,2 40091  47.0073 343.1275 0013635  25.0784 335.0759 14.53022852 80200
1 40091U 14040F   16016.93044343 +.00000168 +00000-0 +79921-4 0  9994,2 40091 047.0073 340.8729 0013602 027.3045 332.8551 14.53023176063359
1 40091U 14040F   16017.34301799 +.00000183 +00000-0 +83601-4 0  9998,2 40091 047.0074 338.9406 0013592 029.2528 330.9114 14.53023542063413
1 40091U 14040F   16018.16816665  .00000160  00000-0  78150-4 0  9990,2 40091  47.0074 335.0758 0013556  33.1108 327.0621 14.53024017 80450
1 40091U 14040F   16018.30569146 +.00000184 +00000-0 +83895-4 0  9993,2 40091 047.0074 334.4317 0013555 033.7663 326.4081 14.53024223063559
1 40091U 14040F   16019.19960196  .00000159  00000-0  77725-4 0  9998,2 40091  47.0074 330.2450 0013515  37.9626 322.2208 14.53024740 80606
1 40091U 14040F   16019.88722509 +.00000209 +00000-0 +89791-4 0  9990,2 40091 047.0074 327.0242 0013487 041.1927 318.9972 14.53025499063780
1 40091U 14040F   16020.29979890  .00000191  00000-0  85569-4 0  9993,2 40091  47.0073 325.0920 0013484  43.1578 317.0360 14.53025691 80763
1 40091U 14040F   16020.84989693 +.00000208 +00000-0 +89620-4 0  9997,2 40091 047.0073 322.5154 0013462 045.7317 314.4668 14.53026200063927
1 40091U 14040F   16021.81256763  .00000244  00000-0  98220-4 0  9996,2 40091  47.0072 318.0066 0013437  50.3086 309.8981 14.53027276 80980
1 40091U 14040F   16021.88132981 +.00000241 +00000-0 +97553-4 0  9993,2 40091 047.0072 317.6845 0013431 050.6418 309.5653 14.53027325064076
1 40091U 14040F   16022.84399975  .00000275  00000-0  10571-3 0  9999,2 40091  47.0071 313.1756 0013407  55.2140 305.0004 14.53028418 81134
1 40091U 14040F   16022.91276197 +.00000248 +00000-0 +99077-4 0  9996,2 40091 047.0071 312.8535 0013403 055.5458 304.6690 14.53028303064226
1 40091U 14040F   16023.87543132 +.00000252 +00000-0 +10020-3 0  9993,2 40091 047.0070 308.3446 0013392 060.1334 300.0879 14.53029202064361
1 40091U 14040F   16024.15047962  .00000250  00000-0  99562-4 0  9992,2 40091  47.0070 307.0565 0013389  61.4607 298.7623 14.53029423 81322
1 40091U 14040F   16024.90686206 +.00000224 +00000-0 +93302-4 0  9992,2 40091 047.0068 303.5136 0013375 065.0724 295.1548 14.53029960064514
1 40091U 14040F   16025.18191017  .00000215  00000-0  91216-4 0  9996,2 40091  47.0068 302.2255 0013377  66.3839 293.8448 14.53030144 81479
1 40091U 14040F   16025.86953011 +.00000162 +00000-0 +78581-4 0  9992,2 40091 047.0068 299.0047 0013370 069.6797 290.5522 14.53030464064656
1 40091U 14040F   16025.86953011 +.00000162 +00000-0 +78581-4 0  9992,2 40091 047.0068 299.0047 0013370 069.6797 290.5522 14.53030464064656
1 40091U 14040F   16026.83219757  .00000169  00000-0  80188-4 0  9995,2 40091  47.0066 294.4957 0013363  74.2921 285.9436 14.53031254 81712
1 40091U 14040F   16026.90095958 +.00000145 +00000-0 +74367-4 0  9994,2 40091 047.0067 294.1737 0013363 074.6311 285.6048 14.53031158064803
1 40091U 14040F   16027.86362653 +.00000099 +00000-0 +63370-4 0  9999,2 40091 047.0065 289.6647 0013355 079.2628 280.9759 14.53031559064940
1 40091U 14040F   16028.06991232  .00000090  00000-0  61315-4 0  9991,2 40091  47.0065 288.6986 0013354  80.2456 279.9935 14.53031616 81896
1 40091U 14040F   16028.89505494 +.00000079 +00000-0 +58717-4 0  9992,2 40091 047.0064 284.8337 0013355 084.2101 276.0305 14.53032060065092
1 40091U 14040F   16029.85772093  .00000075  00000-0  57705-4 0  9992,2 40091  47.0062 280.3247 0013348  88.8212 271.4200 14.53032542 82150
1 40091U 14040F   16030.88914838 +.00000056 +00000-0 +53212-4 0  9990,2 40091 047.0060 275.4938 0013362 093.7813 266.4598 14.53032915065382
1 40091U 14040F   16031.16419561  .00000054  00000-0  52562-4 0  9990,2 40091  47.0059 274.2056 0013373  95.0953 265.1457 14.53033026 82349
1 40091U 14040F   16031.85181340 +.00000065 +00000-0 +55369-4 0  9997,2 40091 047.0058 270.9848 0013380 098.4361 261.8039 14.53033421065527
1 40091U 14040F   16032.67695433  .00000115  00000-0  67233-4 0  9990,2 40091  47.0056 267.1199 0013395 102.3876 257.8507 14.53034100 82567
1 40091U 14040F   16033.84590359  .00000106  00000-0  65111-4 0  9994,2 40091  47.0054 261.6446 0013426 108.0058 252.2289 14.53034574 82739
1 40091U 14040F   16033.91466530 +.00000086 +00000-0 +60365-4 0  9998,2 40091 047.0053 261.3225 0013430 108.3318 251.9027 14.53034494065825
1 40091U 14040F   16034.94609023 +.00000095 +00000-0 +62408-4 0  9998,2 40091 047.0052 256.4913 0013456 113.2751 246.9550 14.53035083065973
1 40091U 14040F   16035.01485186  .00000098  00000-0  63081-4 0  9990,2 40091  47.0051 256.1693 0013460 113.6010 246.6288 14.53035138 82909
1 40091U 14040F   16035.63370642 +.00000114 +00000-0 +67013-4 0  9996,2 40091 047.0051 253.2704 0013478 116.5703 243.6564 14.53035589066074
1 40091U 14040F   16036.39008393  .00000127  00000-0  70175-4 0  9998,2 40091  47.0051 249.7275 0013504 120.1708 240.0515 14.53036109 83102
1 40091U 14040F   16036.94017636 +.00000151 +00000-0 +75974-4 0  9998,2 40091 047.0050 247.1509 0013524 122.7822 237.4366 14.53036592066268
1 40091U 14040F   16037.55903006  .00000166  00000-0  79413-4 0  9999,2 40091  47.0049 244.2520 0013544 125.7395 234.4750 14.53037101 83278
1 40091U 14040F   16037.90283741 +.00000169 +00000-0 +80273-4 0  9994,2 40091 047.0049 242.6416 0013555 127.3780 232.8340 14.53037412066400
1 40091U 14040F   16038.65921345  .00000228  00000-0  94220-4 0  9999,2 40091  47.0049 239.0986 0013581 130.9788 229.2273 14.53038341 83438
1 40091U 14040F   16038.93425914 +.00000243 +00000-0 +97850-4 0  9990,2 40091 047.0049 237.8103 0013597 132.2690 227.9349 14.53038657066552
1 40091U 14040F   16039.89691845 +.00000268 +00000-0 +10400-3 0  9996,2 40091 047.0048 233.3012 0013638 136.8436 223.3518 14.53039700066698
1 40091U 14040F   16039.96567981  .00000267  00000-0  10357-3 0  9997,2 40091  47.0048 232.9791 0013642 137.1644 223.0304 14.53039755 83629
1 40091U 14040F   16040.92833836 +.00000318 +00000-0 +11581-3 0  9997,2 40091 047.0047 228.4699 0013688 141.7212 218.4645 14.53040968066846
1 40091U 14040F   16041.13462224  .00000310  00000-0  11398-3 0  9998,2 40091  47.0047 227.5037 0013687 142.6709 217.5127 14.53041147 83790
1 40091U 14040F   16041.89099617 +.00000285 +00000-0 +10803-3 0  9994,2 40091 047.0047 223.9607 0013722 146.2174 213.9586 14.53041764066985
1 40091U 14040F   16042.30356336  .00000363  00000-0  12662-3 0  9997,2 40091  47.0047 222.0282 0013735 148.1695 212.0021 14.53042655 83968
1 40091U 14040F   16042.85365283 +.00000385 +00000-0 +13179-3 0  9996,2 40091 047.0047 219.4515 0013772 150.7859 209.3797 14.53043379067122
1 40091U 14040F   16043.47250311  .00000409  00000-0  13752-3 0  9994,2 40091  47.0047 216.5526 0013800 153.6848 206.4739 14.53044208 84130
1 40091U 14040F   16043.88506978 +.00000412 +00000-0 +13829-3 0  9991,2 40091 047.0047 214.6201 0013827 155.5958 204.5582 14.53044711067271
1 40091U 14040F   16044.50391952  .00000395  00000-0  13437-3 0  9990,2 40091  47.0047 211.7212 0013862 158.5135 201.6333 14.53045342 84283
1 40091U 14040F   16044.84772499 +.00000373 +00000-0 +12907-3 0  9993,2 40091 047.0048 210.1109 0013877 160.0440 200.0988 14.53045569067411
1 40091U 14040F   16045.81037907  .00000488  00000-0  15649-3 0  9992,2 40091  47.0049 205.6016 0013931 164.5600 195.5711 14.53047326 84476
1 40091U 14040F   16045.87914004 +.00000453 +00000-0 +14817-3 0  9998,2 40091 047.0049 205.2795 0013936 164.8686 195.2617 14.53047230067565
1 40091U 14040F   16046.84179349  .00000416  00000-0  13921-3 0  9995,2 40091  47.0050 200.7703 0013995 169.3745 190.7436 14.53048133 84625
1 40091U 14040F   16047.87320655  .00000516  00000-0  16315-3 0  9998,2 40091  47.0052 195.9390 0014062 174.1671 185.9379 14.53050012 84779
1 40091U 14040F   16048.83585831 +.00000434 +00000-0 +14361-3 0  9992,2 40091 047.0054 191.4298 0014125 178.6032 181.4893 14.53050717067998
1 40091U 14040F   16049.17966248  .00000356  00000-0  12501-3 0  9992,2 40091  47.0055 189.8194 0014141 180.1824 179.9057 14.53050668 84965
1 40091U 14040F   16049.86727052 +.00000307 +00000-0 +11315-3 0  9994,2 40091 047.0055 186.5987 0014185 183.2792 176.8001 14.53051141068149
1 40091U 14040F   16050.48611729  .00000339  00000-0  12084-3 0  9996,2 40091  47.0056 183.6999 0014229 186.1219 173.9493 14.53051996 85157
1 40091U 14040F   16051.51752825  .00000241  00000-0  97258-4 0  9993,2 40091  47.0057 178.8687 0014290 190.8221 169.2357 14.53052507 85304
1 40091U 14040F   16051.79257120 +.00000215 +00000-0 +91186-4 0  9996,2 40091 047.0057 177.5805 0014304 192.0384 168.0159 14.53052600068427
1 40091U 14040F   16052.75522093  .00000179  00000-0  82575-4 0  9998,2 40091  47.0057 173.0714 0014361 196.3934 163.6487 14.53053244 85483
1 40091U 14040F   16053.51158814 +.00000162 +00000-0 +78339-4 0  9994,2 40091 047.0058 169.5286 0014411 199.8483 160.1841 14.53053807068674
1 40091U 14040F   16054.13043397  .00000136  00000-0  72208-4 0  9992,2 40091  47.0058 166.6299 0014438 202.6495 157.3753 14.53054145 85687
1 40091U 14040F   16054.54299780 +.00000163 +00000-0 +78777-4 0  9993,2 40091 047.0058 164.6974 0014472 204.4961 155.5236 14.53054572068828
1 40091U 14040F   16055.43688567  .00000186  00000-0  84224-4 0  9996,2 40091  47.0059 160.5103 0014531 208.5096 151.4994 14.53055338 85879
1 40091U 14040F   16055.57440697 +.00000174 +00000-0 +81297-4 0  9995,2 40091 047.0059 159.8662 0014535 209.0884 150.9191 14.53055339068971
1 40091U 14040F   16055.57440697 +.00000174 +00000-0 +81297-4 0  9995,2 40091 047.0059 159.8662 0014535 209.0884 150.9191 14.53055339068971
1 40091U 14040F   16056.60581563  .00000205  00000-0  88749-4 0  9992,2 40091  47.0059 155.0351 0014598 213.6731 146.3226 14.53056241 86044
1 40091U 14040F   16057.63722402  .00000182  00000-0  83163-4 0  9994,2 40091  47.0060 150.2040 0014655 218.2452 141.7392 14.53056825 86190
1 40091U 14040F   16058.66863193  .00000211  00000-0  90063-4 0  9991,2 40091  47.0061 145.3730 0014696 222.8151 137.1589 14.53057728 86341
1 40091U 14040F   16059.63127899 +.00000208 +00000-0 +89541-4 0  9990,2 40091 047.0061 140.8639 0014741 227.0766 132.8881 14.53058420069561
1 40091U 14040F   16060.18136275  .00000156  00000-0  77036-4 0  9998,2 40091  47.0061 138.2873 0014771 229.5279 130.4317 14.53058582 86567
1 40091U 14040F   16060.59392572 +.00000168 +00000-0 +79812-4 0  9994,2 40091 047.0061 136.3549 0014783 231.3406 128.6155 14.53058917069700
1 40091U 14040F   16061.21276977  .00000149  00000-0  75374-4 0  9992,2 40091  47.0060 133.4561 0014811 234.0967 125.8542 14.53059289 86717
1 40091U 14040F   16061.62533255 +.00000213 +00000-0 +90580-4 0  9990,2 40091 047.0060 131.5238 0014823 235.9144 124.0333 14.53059901069853
1 40091U 14040F   16062.45045767  .00000211  00000-0  90165-4 0  9995,2 40091  47.0060 127.6588 0014856 239.4966 120.4451 14.53060511 86897
1 40091U 14040F   16062.65673910 +.00000187 +00000-0 +84432-4 0  9996,2 40091 047.0059 126.6926 0014860 240.4378 119.5025 14.53060486070007
1 40091U 14040F   16063.61938496  .00000175  00000-0  81534-4 0  9993,2 40091  47.0059 122.1834 0014888 244.6559 115.2783 14.53061077 87068
1 40091U 14040F   16064.58203070 +.00000186 +00000-0 +84168-4 0  9991,2 40091 047.0058 117.6742 0014915 248.8650 111.0639 14.53061710070287
1 40091U 14040F   16065.13211378  .00000196  00000-0  86451-4 0  9991,2 40091  47.0058 115.0973 0014929 251.2690 108.6573 14.53062116 87280
1 40091U 14040F   16065.61343658 +.00000204 +00000-0 +88380-4 0  9994,2 40091 047.0057 112.8428 0014933 253.3504 106.5740 14.53062435070437
1 40091U 14040F   16066.16351956  .00000154  00000-0  76418-4 0  9998,2 40091  47.0057 110.2660 0014944 255.7391 104.1833 14.53062524 87433
1 40091U 14040F   16066.91988349 +.00000211 +00000-0 +90100-4 0  9991,2 40091 047.0058 106.7231 0014960 259.0543 100.8657 14.53063325070622
1 40091U 14040F   16067.46996618  .00000219  00000-0  92102-4 0  9992,2 40091  47.0058 104.1464 0014964 261.4328  98.4860 14.53063752 87624
1 40091U 14040F   16067.53872657 +.00000214 +00000-0 +90860-4 0  9990,2 40091 047.0058 103.8243 0014965 261.7570 098.1616 14.53063754070718
1 40091U 14040F   16068.50137112  .00000178  00000-0  82219-4 0  9996,2 40091  47.0058  99.3151 0014973 265.9441  93.9731 14.53064241 87774
1 40091U 14040F   16068.57013147 +.00000174 +00000-0 +81369-4 0  9995,2 40091 047.0058 098.9930 0014974 266.2446 093.6725 14.53064263070860
1 40091U 14040F   16069.46401546 +.00000158 +00000-0 +77585-4 0  9995,2 40091 047.0059 094.8059 0014978 270.1261 089.7906 14.53064815070995
1 40091U 14040F   16070.08285803  .00000146  00000-0  74481-4 0  9990,2 40091  47.0059  91.9070 0014983 272.8081  87.1088 14.53065202 88006
1 40091U 14040F   16070.49541977 +.00000147 +00000-0 +74799-4 0  9995,2 40091 047.0059 089.9745 0014976 274.5942 085.3231 14.53065496071141
1 40091U 14040F   16071.18302244  .00000135  00000-0  71978-4 0  9997,2 40091  47.0060  86.7535 0014977 277.5900  82.3282 14.53065942 88162
1 40091U 14040F   16071.52682376 +.00000164 +00000-0 +78845-4 0  9994,2 40091 047.0059 085.1432 0014970 279.1059 080.8130 14.53066345071294
1 40091U 14040F   16072.48946704  .00000172  00000-0  80757-4 0  9992,2 40091  47.0060  80.6339 0014960 283.2806  76.6409 14.53067148 88356
1 40091U 14040F   16073.45211038 +.00000154 +00000-0 +76401-4 0  9996,2 40091 047.0060 076.1246 0014946 287.4923 072.4327 14.53067679071571
1 40091U 14040F   16074.13971253  .00000136  00000-0  72268-4 0  9991,2 40091  47.0061  72.9035 0014937 290.4654  69.4626 14.53068042 88590
1 40091U 14040F   16074.96483508 +.00000143 +00000-0 +73864-4 0  9994,2 40091 047.0061 069.0384 0014920 294.1167 065.8156 14.53068576071790
1 40091U 14040F   16075.17111552  .00000190  00000-0  85083-4 0  9993,2 40091  47.0062  68.0720 0014911 294.9746  64.9588 14.53069008 88748
1 40091U 14040F   16075.78995720 +.00000169 +00000-0 +80070-4 0  9994,2 40091 047.0063 065.1733 0014900 297.6510 062.2861 14.53069296071913
1 40091U 14040F   16076.40879877  .00000206  00000-0  88995-4 0  9994,2 40091  47.0064  62.2745 0014876 300.3632  59.5781 14.53069901 88926
1 40091U 14040F   16076.95888017 +.00000152 +00000-0 +76161-4 0  9992,2 40091 047.0064 059.6976 0014866 302.7516 057.1934 14.53069936072080
1 40091U 14040F   16077.37144094 +.00000205 +00000-0 +88784-4 0  9992,2 40091 047.0065 057.7652 0014849 304.5438 055.4043 14.53070543072140
1 40091U 14040F   16078.19656281  .00000165  00000-0  79243-4 0  9994,2 40091  47.0067  53.9002 0014821 308.1540  51.8007 14.53070826 89189
1 40091U 14040F   16078.95292419 +.00000135 +00000-0 +72007-4 0  9995,2 40091 047.0068 050.3572 0014794 311.5051 048.4563 14.53071178072370
1 40091U 14040F   16079.36548499  .00000149  00000-0  75231-4 0  9990,2 40091  47.0068  48.4248 0014773 313.3474  46.6178 14.53071498 89357
1 40091U 14040F   16079.91556576 +.00000134 +00000-0 +71706-4 0  9993,2 40091 047.0069 045.8481 0014756 315.7496 044.2207 14.53071796072517
1 40091U 14040F   16080.39688661  .00000132  00000-0  71310-4 0  9997,2 40091  47.0070  43.5936 0014729 317.9024  42.0727 14.53072064 89509
1 40091U 14040F   16081.90960835 +.00000104 +00000-0 +64465-4 0  9993,2 40091 047.0071 036.5078 0014656 324.5970 035.3939 14.53072889072802
1 40091U 14040F   16082.87224925  .00000073  00000-0  57058-4 0  9998,2 40091  47.0072  31.9987 0014607 328.8927  31.1091 14.53073267 89864
1 40091U 14040F   16083.90364993  .00000063  00000-0  54750-4 0  9998,2 40091  47.0073  27.1675 0014550 333.5227  26.4912 14.53073790 90018
1 40091U 14040F   16084.93505036 +.00000054 +00000-0 +52724-4 0  9996,2 40091 047.0074 022.3363 0014488 338.1416 021.8848 14.53074286073245
1 40091U 14040F   16085.21009046  .00000067  00000-0  55763-4 0  9998,2 40091  47.0074  21.0481 0014475 339.4261  20.6039 14.53074484 90204
1 40091U 14040F   16085.89769043 +.00000062 +00000-0 +54618-4 0  9995,2 40091 047.0075 017.8273 0014434 342.4558 017.5825 14.53074820073387
