1 29499U 06044A   15001.83087338  .00000141  00000-0  64382-4 0  9997,2 29499 098.7005 063.8211 0000347 025.1946 334.9732 14.21507099425657
1 29499U 06044A   15001.98271890  .00000107  00000-0  68979-4 0  9999,2 29499 098.6991 063.9701 0000104 120.2483 296.5378 14.21506881425678
1 29499U 06044A   15003.18725100  .00000097  00000-0  64205-4 0  9997,2 29499 098.6988 065.1573 0000106 154.9415 302.4668 14.21507704425849
1 29499U 06044A   15004.67997541  .00000115  00000-0  72576-4 0  9993,2 29499 098.6985 066.6283 0000192 158.0820 013.9241 14.21508041426050
1 29499U 06044A   15005.84296559  .00000245  00000-0  11192-3 0  9994,2 29499 098.6997 067.7752 0000153 035.0954 325.0723 14.21508301426225
1 29499U 06044A   15005.99597944  .00000138  00000-0  83252-4 0  9990,2 29499 098.6983 067.9252 0000235 169.7652 252.9982 14.21508228426243
1 29499U 06044A   15006.82839137  .00000188  00000-0  85853-4 0  9990,2 29499 098.6989 068.7446 0000311 003.7682 356.3984 14.21508652426880
1 29499U 06044A   15007.70492226  .00000112  00000-0  71130-4 0  9992,2 29499 098.6983 069.6092 0000309 177.8309 345.3920 14.21509655426485
1 29499U 06044A   15009.03411236  .00000122  00000-0  75806-4 0  9997,2 29499 098.6983 070.9191 0000357 182.0838 299.3448 14.21510179426675
1 29499U 06044A   15010.15560073  .00000112  00000-0  71249-4 0  9992,2 29499 098.6981 072.0243 0000430 176.8564 280.4783 14.21510507426839
1 29499U 06044A   15011.20746602  .00000108  00000-0  69347-4 0  9994,2 29499 098.6980 073.0608 0000498 175.1127 262.0382 14.21510968426983
1 29499U 06044A   15012.55645352  .00000108  00000-0  69307-4 0  9999,2 29499 098.6978 074.3902 0000549 178.4404 318.1758 14.21511519427177
1 29499U 06044A   15013.82546323  .00000120  00000-0  74949-4 0  9990,2 29499 098.6975 075.6407 0000604 178.9619 328.0734 14.21511898427357
1 29499U 06044A   15014.67408484  .00000155  00000-0  90706-4 0  9996,2 29499 098.6973 076.4765 0000841 166.8365 000.4986 14.21470207427479
1 29499U 06044A   15016.07183113  .00000079  00000-0  56092-4 0  9996,2 29499 098.6970 077.8540 0000858 166.6852 309.3035 14.21473257427675
1 29499U 06044A   15017.19415811  .00000107  00000-0  68685-4 0  9996,2 29499 098.6967 078.9598 0000893 166.6006 289.4335 14.21473919427830
1 29499U 06044A   15019.67107720  .00000083  00000-0  57828-4 0  9998,2 29499 098.6961 081.4001 0000999 163.8530 000.1817 14.21474498428185
1 29499U 06044A   15020.84616501  .00000054  00000-0  44496-4 0  9996,2 29499 098.6959 082.5578 0001075 161.7236 252.2036 14.21474885428351
1 29499U 06044A   15021.98776830  .00000058  00000-0  46514-4 0  9991,2 29499 098.6959 083.6825 0001132 160.3429 332.2241 14.21475357428511
1 29499U 06044A   15023.04105594  .00000058  00000-0  46689-4 0  9996,2 29499 098.6958 084.7202 0001144 160.7639 318.7621 14.21475601428660
1 29499U 06044A   15024.16277348  .00000072  00000-0  52687-4 0  9998,2 29499 098.6957 085.8252 0001199 159.4026 297.0636 14.21475656428824
1 29499U 06044A   15025.50348384  .00000084  00000-0  58409-4 0  9997,2 29499 098.6956 087.1460 0001282 157.0622 316.3658 14.21475937429011
1 29499U 06044A   15026.77677630  .00000062  00000-0  48108-4 0  9997,2 29499 098.6953 088.4004 0001306 156.8204 348.7665 14.21476421429191
1 29499U 06044A   15028.03866010  .00000080  00000-0  56551-4 0  9991,2 29499 098.6950 089.6435 0001344 155.2583 324.1423 14.21476671429371
1 29499U 06044A   15029.22708477  .00000114  00000-0  71983-4 0  9999,2 29499 098.6947 090.8142 0001408 152.9119 284.6011 14.21477177429540
1 29499U 06044A   15030.50118588  .00000135  00000-0  81855-4 0  9992,2 29499 098.6943 092.0693 0001456 151.7988 322.0141 14.21477787429723
1 29499U 06044A   15031.69712535  .00000115  00000-0  72623-4 0  9996,2 29499 098.6939 093.2474 0001492 150.6738 319.6882 14.21478454429893
1 29499U 06044A   15032.75263503  .00000109  00000-0  69692-4 0  9995,2 29499 098.6936 094.2871 0001516 149.6041 319.0926 14.21479001430045
1 29499U 06044A   15034.08022359  .00000125  00000-0  77186-4 0  9990,2 29499 098.6933 095.5947 0001582 146.9675 271.5962 14.21479843430233
1 29499U 06044A   15035.20844427  .00000114  00000-0  72269-4 0  9998,2 29499 098.6932 096.7060 0001620 145.6617 283.1157 14.21480383430399
1 29499U 06044A   15036.69491756  .00000098  00000-0  64762-4 0  9995,2 29499 098.6931 098.1700 0001619 144.8206 326.4345 14.21481275430603
1 29499U 06044A   15037.96501537  .00000093  00000-0  62380-4 0  9994,2 29499 098.6930 099.4208 0001646 142.8014 344.2986 14.21481591430783
1 29499U 06044A   15039.02007126  .00000103  00000-0  67242-4 0  9992,2 29499 098.6928 100.4599 0001701 140.9741 342.1510 14.21482172430937
1 29499U 06044A   15040.57149199  .00000111  00000-0  70743-4 0  9990,2 29499 098.6926 101.9878 0001759 139.0468 358.7364 14.21482962431151
1 29499U 06044A   15041.70238554  .00000113  00000-0  71490-4 0  9992,2 29499 098.6925 103.1016 0001782 137.8229 023.8580 14.21483397431316
1 29499U 06044A   15043.23528691  .00000109  00000-0  69723-4 0  9997,2 29499 098.6921 104.6113 0001814 135.7893 305.8427 14.21483627431539
1 29499U 06044A   15049.48552109  .00000127  00000-0  78119-4 0  9990,2 29499 098.6904 110.7664 0001968 127.9946 240.1816 14.21486076432424
1 29499U 06044A   15050.89173163  .00000184  00000-0  83933-4 0  9999,2 29499 098.6906 112.1479 0001608 113.2563 246.9272 14.21486294433153
1 29499U 06044A   15051.19004282  .00000085  00000-0  58964-4 0  9994,2 29499 098.6902 112.4448 0001956 126.2961 319.5891 14.21486602432662
1 29499U 06044A   15052.67325425  .00000071  00000-0  52498-4 0  9994,2 29499 098.6901 113.9052 0001973 124.4508 347.2651 14.21486988432876
1 29499U 06044A   15053.72879515  .00000102  00000-0  66791-4 0  9991,2 29499 098.6901 114.9445 0001934 123.7781 346.4647 14.21487206433023
1 29499U 06044A   15054.92131347  .00000131  00000-0  79711-4 0  9996,2 29499 098.6898 116.1186 0001980 121.7334 327.6031 14.21487644433199
1 29499U 06044A   15056.10685258  .00000080  00000-0  56454-4 0  9995,2 29499 098.6897 117.2855 0002011 119.1693 273.5675 14.21488154433367
1 29499U 06044A   15057.17524843  .00000087  00000-0  59740-4 0  9993,2 29499 098.6895 118.3374 0001999 117.7542 339.2591 14.21488354433510
1 29499U 06044A   15058.39065972  .00000104  00000-0  67647-4 0  9996,2 29499 098.6901 119.5325 0001961 108.8566 084.3404 14.21488634433683
1 29499U 06044A   15059.65162933  .00000115  00000-0  72401-4 0  9997,2 29499 098.6899 120.7739 0001966 107.3163 055.0724 14.21489033433868
1 29499U 06044A   15060.69805454  .00000150  00000-0  88663-4 0  9991,2 29499 098.6897 121.8041 0001988 106.2125 008.0891 14.21489576434017
1 29499U 06044A   15061.96710738  .00000175  00000-0  99875-4 0  9996,2 29499 098.6894 123.0533 0002002 104.6263 020.2128 14.21490161434197
1 29499U 06044A   15063.08825587  .00000156  00000-0  91161-4 0  9999,2 29499 098.6892 124.1570 0001997 103.1399 355.7852 14.21490442434354
1 29499U 06044A   15064.48878657  .00000162  00000-0  93809-4 0  9998,2 29499 098.6889 125.5357 0002009 101.0886 320.8191 14.21491017434551
1 29499U 06044A   15065.63310400  .00000139  00000-0  83589-4 0  9991,2 29499 098.6887 126.6622 0002006 099.7405 054.7545 14.21491349434715
1 29499U 06044A   15066.69031236  .00000149  00000-0  88052-4 0  9996,2 29499 098.6885 127.7028 0001999 098.1904 063.3760 14.21491827434864
1 29499U 06044A   15067.80676106  .00000139  00000-0  83326-4 0  9999,2 29499 098.6882 128.8017 0002005 096.5619 015.0613 14.21492230435024
1 29499U 06044A   15069.20787382  .00000123  00000-0  76185-4 0  9992,2 29499 098.6879 130.1807 0002002 094.9307 342.6605 14.21492632435224
1 29499U 06044A   15070.55666039  .00000115  00000-0  72569-4 0  9990,2 29499 098.6878 131.5084 0002001 093.3831 042.5569 14.21493056435416
1 29499U 06044A   15071.95482045  .00000089  00000-0  60570-4 0  9997,2 29499 098.6875 132.8845 0001986 091.4758 355.3347 14.21493432435619
1 29499U 06044A   15073.21797088  .00000100  00000-0  65794-4 0  9991,2 29499 098.6873 134.1277 0001970 089.5811 337.5965 14.21493806435794
1 29499U 06044A   15074.49472486  .00000109  00000-0  69892-4 0  9996,2 29499 098.6870 135.3843 0001963 087.9853 029.1363 14.21494169435972
1 29499U 06044A   15075.68988358  .00000084  00000-0  58312-4 0  9995,2 29499 098.6868 136.5605 0001952 086.6097 023.1389 14.21494410436143
1 29499U 06044A   15076.82323225  .00000124  00000-0  76798-4 0  9991,2 29499 098.6865 137.6759 0001947 085.2322 061.0190 14.21494977436309
1 29499U 06044A   15078.14866105  .00000216  00000-0  11854-3 0  9990,2 29499 098.6862 138.9803 0001945 083.7853 001.3662 14.21496066436492
1 29499U 06044A   15079.20100520  .00000142  00000-0  84638-4 0  9999,2 29499 098.6860 140.0160 0001915 082.5045 344.8570 14.21496235436645
1 29499U 06044A   15080.47934250  .00000122  00000-0  75765-4 0  9994,2 29499 098.6858 141.2740 0001892 081.0799 044.3345 14.21496645436820
1 29499U 06044A   15081.81520127  .00000112  00000-0  70886-4 0  9995,2 29499 098.6856 142.5886 0001878 079.5703 038.0937 14.21497167437013
1 29499U 06044A   15083.14619846  .00000110  00000-0  70392-4 0  9990,2 29499 098.6853 143.8984 0001835 077.8189 007.2321 14.21497660437209
1 29499U 06044A   15084.19858352  .00000117  00000-0  73364-4 0  9992,2 29499 098.6852 144.9340 0001816 076.7445 350.7327 14.21498011437357
1 29499U 06044A   15085.54926262  .00000131  00000-0  79861-4 0  9992,2 29499 098.6850 146.2631 0001779 074.9253 060.6054 14.21498537437546
1 29499U 06044A   15087.02530247  .00000166  00000-0  95554-4 0  9996,2 29499 098.6847 147.7155 0001747 073.0045 051.7412 14.21499225437750
1 29499U 06044A   15088.14374503  .00000166  00000-0  95986-4 0  9990,2 29499 098.6845 148.8160 0001725 071.6364 013.3927 14.21499653437918
1 29499U 06044A   15089.19600307  .00000210  00000-0  11573-3 0  9999,2 29499 098.6843 149.8513 0001703 070.8372 355.9759 14.21500251438067
1 29499U 06044A   15090.54698387  .00000187  00000-0  10557-3 0  9999,2 29499 098.6841 151.1805 0001664 069.3507 067.0690 14.21500713438253
1 29499U 06044A   15091.80887828  .00000179  00000-0  10187-3 0  9999,2 29499 098.6839 152.4220 0001604 067.8759 042.5201 14.21501252438436
1 29499U 06044A   15093.14130071  .00000216  00000-0  11864-3 0  9994,2 29499 098.6836 153.7330 0001578 066.8101 018.2819 14.21502010438628
1 29499U 06044A   15094.19341061  .00000168  00000-0  96826-4 0  9991,2 29499 098.6834 154.7680 0001540 065.6642 000.4622 14.21502256438774
1 29499U 06044A   15095.47248400  .00000155  00000-0  90905-4 0  9994,2 29499 098.6832 156.0265 0001499 063.7491 064.2227 14.21502738438954
1 29499U 06044A   15096.53021837  .00000139  00000-0  83451-4 0  9995,2 29499 098.6831 157.0671 0001485 062.5042 075.2722 14.21503138439104
1 29499U 06044A   15097.77029597  .00000234  00000-0  10690-3 0  9993,2 29499 098.6821 158.2862 0001559 050.8794 309.3003 14.21503892440027
1 29499U 06044A   15098.20585549  .00000127  00000-0  77725-4 0  9990,2 29499 098.6828 158.7155 0001414 060.5692 007.2913 14.21503687439348
1 29499U 06044A   15098.75572464  .00000225  00000-0  10300-3 0  9996,2 29499 098.6819 159.2552 0001506 051.1472 309.0318 14.21504261440162
1 29499U 06044A   15099.48398932  .00000092  00000-0  61849-4 0  9990,2 29499 098.6826 159.9729 0001369 059.0069 065.8999 14.21503977439522
1 29499U 06044A   15100.68751492  .00000109  00000-0  69835-4 0  9991,2 29499 098.6824 161.1568 0001340 058.3378 102.0323 14.21504521439699
1 29499U 06044A   15101.81080546  .00000116  00000-0  72965-4 0  9998,2 29499 098.6822 162.2618 0001298 057.5574 087.9132 14.21504953439852
1 29499U 06044A   15103.13630968  .00000110  00000-0  70092-4 0  9997,2 29499 098.6820 163.5657 0001235 056.4013 028.3989 14.21505353440041
1 29499U 06044A   15104.18852384  .00000107  00000-0  68688-4 0  9995,2 29499 098.6819 164.6008 0001184 055.3748 011.0063 14.21505684440192
1 29499U 06044A   15105.47884259  .00000152  00000-0  89429-4 0  9990,2 29499 098.6817 165.8701 0001144 054.5846 131.1728 14.21506387440372
1 29499U 06044A   15106.51865899  .00000186  00000-0  10507-3 0  9992,2 29499 098.6815 166.8930 0001102 054.2088 049.7256 14.21506996440527
1 29499U 06044A   15106.77992324  .00000188  00000-0  85939-4 0  9998,2 29499 098.6807 167.1481 0001254 040.1945 319.9810 14.21506776441308
1 29499U 06044A   15108.77923929  .00000193  00000-0  10816-3 0  9992,2 29499 098.6812 169.1166 0001006 052.7298 093.0260 14.21507999440846
1 29499U 06044A   15109.83490656  .00000194  00000-0  10865-3 0  9991,2 29499 098.6811 170.1550 0000956 052.2152 092.7928 14.21508511440995
1 29499U 06044A   15111.16063105  .00000246  00000-0  13252-3 0  9996,2 29499 098.6810 171.4591 0000905 051.1726 034.3094 14.21509474441189
1 29499U 06044A   15112.50345610  .00000231  00000-0  12564-3 0  9998,2 29499 098.6808 172.7798 0000847 051.1861 062.2352 14.21510133441376
1 29499U 06044A   15113.74828818  .00000240  00000-0  10965-3 0  9994,2 29499 098.6798 174.0029 0000920 034.8331 325.3382 14.21510511442296
1 29499U 06044A   15113.76932394  .00000212  00000-0  11686-3 0  9991,2 29499 098.6806 174.0249 0000793 051.6728 056.0897 14.21510701441553
1 29499U 06044A   15114.83254024  .00000211  00000-0  11612-3 0  9995,2 29499 098.6804 175.0706 0000732 052.0249 093.6101 14.21511247441704
1 29499U 06044A   15116.15813101  .00000177  00000-0  10096-3 0  9995,2 29499 098.6802 176.3744 0000662 052.7112 032.7260 14.21511742441896
1 29499U 06044A   15117.50101541  .00000121  00000-0  75077-4 0  9993,2 29499 098.6801 177.6951 0000620 054.1879 059.5028 14.21512056442089
1 29499U 06044A   15118.82667766  .00000116  00000-0  72816-4 0  9997,2 29499 098.6798 178.9989 0000519 064.9600 348.8804 14.21493028442271
1 29499U 06044A   15120.16485419  .00000224  00000-0  12240-3 0  9994,2 29499 098.6798 180.3147 0000471 069.9798 347.9480 14.21493949442467
1 29499U 06044A   15121.49194939  .00000211  00000-0  11626-3 0  9998,2 29499 098.6797 181.6198 0000452 074.8821 290.4594 14.21494477442653
1 29499U 06044A   15122.78637940  .00000083  00000-0  57984-4 0  9990,2 29499 098.6795 182.8928 0000413 080.0401 065.6502 14.21494546442833
1 29499U 06044A   15123.83495631  .00000082  00000-0  57166-4 0  9997,2 29499 098.6794 183.9240 0000395 084.7307 023.8968 14.21494836442986
1 29499U 06044A   15125.16652293  .00000094  00000-0  62669-4 0  9991,2 29499 098.6793 185.2334 0000380 091.9115 347.0034 14.21495286443172
1 29499U 06044A   15126.48872571  .00000101  00000-0  66040-4 0  9996,2 29499 098.6792 186.5337 0000379 098.8783 262.4346 14.21495727443360
1 29499U 06044A   15127.70411368  .00000113  00000-0  71589-4 0  9992,2 29499 098.6790 187.7288 0000392 105.5683 351.8409 14.21496163443533
1 29499U 06044A   15128.82364760  .00000117  00000-0  73314-4 0  9991,2 29499 098.6789 188.8298 0000402 112.7270 310.5351 14.21496548443690
1 29499U 06044A   15129.82523961  .00000120  00000-0  74731-4 0  9990,2 29499 098.6788 189.8147 0000410 117.9614 027.9412 14.21496928443836
1 29499U 06044A   15131.15074484  .00000151  00000-0  88791-4 0  9995,2 29499 098.6787 191.1181 0000434 123.8305 321.3684 14.21497560444025
1 29499U 06044A   15132.49434587  .00000213  00000-0  11724-3 0  9997,2 29499 098.6786 192.4393 0000485 127.1141 349.9353 14.21498385444210
1 29499U 06044A   15133.83047506  .00000204  00000-0  11312-3 0  9990,2 29499 098.6784 193.7531 0000530 130.9109 339.7774 14.21498944444409
1 29499U 06044A   15135.16196633  .00000220  00000-0  12028-3 0  9997,2 29499 098.6783 195.0624 0000579 135.3434 305.2670 14.21499692444593
1 29499U 06044A   15136.49465579  .00000195  00000-0  10888-3 0  9995,2 29499 098.6782 196.3728 0000623 137.0312 279.6312 14.21500164444780
1 29499U 06044A   15137.56591444  .00000178  00000-0  10121-3 0  9996,2 29499 098.6781 197.4262 0000671 138.1616 357.4655 14.21500560444938
1 29499U 06044A   15138.82437128  .00000144  00000-0  85819-4 0  9994,2 29499 098.6780 198.6636 0000728 140.1682 311.8527 14.21501002445119
1 29499U 06044A   15140.15433590  .00000135  00000-0  81557-4 0  9997,2 29499 098.6778 199.9712 0000788 140.3040 273.8408 14.21501546445300
1 29499U 06044A   15141.40909049  .00000110  00000-0  70215-4 0  9995,2 29499 098.6777 201.2050 0000842 140.1634 211.4443 14.21501894445470
1 29499U 06044A   15142.46593744  .00000098  00000-0  64481-4 0  9996,2 29499 098.6776 202.2440 0000885 140.6259 216.2443 14.21502204445624
1 29499U 06044A   15143.83243421  .00000063  00000-0  48681-4 0  9998,2 29499 098.6775 203.5876 0000942 140.5257 005.3176 14.21502493445823
1 29499U 06044A   15145.15189451  .00000054  00000-0  44471-4 0  9990,2 29499 098.6773 204.8849 0000995 140.4280 273.8212 14.21502825446012
1 29499U 06044A   15146.49085747  .00000036  00000-0  36535-4 0  9993,2 29499 098.6773 206.2013 0001056 139.4205 282.9822 14.21503014446205
1 29499U 06044A   15147.84332646  .00000054  00000-0  44496-4 0  9991,2 29499 098.6771 207.5309 0001123 138.7408 000.8936 14.21503355446398
1 29499U 06044A   15148.80148825  .00000097  00000-0  44217-4 0  9990,2 29499 098.6771 208.4752 0001089 135.7321 224.4424 14.21503581446535
1 29499U 06044A   15149.02216694  .00000052  00000-0  43777-4 0  9996,2 29499 098.6771 208.6899 0001174 138.2542 270.5861 14.21503608446567
1 29499U 06044A   15150.14941519  .00000049  00000-0  42052-4 0  9993,2 29499 098.6770 209.7981 0001217 137.4714 276.7059 14.21503798446725
1 29499U 06044A   15151.48846279  .00000118  00000-0  73868-4 0  9994,2 29499 098.6769 211.1146 0001269 136.3732 286.3949 14.21504381446913
1 29499U 06044A   15153.82758200  .00000058  00000-0  46226-4 0  9991,2 29499 098.6767 213.4142 0001357 134.5906 011.6610 14.21504509447246
1 29499U 06044A   15155.15223639  .00000070  00000-0  51745-4 0  9998,2 29499 098.6766 214.7165 0001405 133.3810 307.8507 14.21504863447438
1 29499U 06044A   15156.48613611  .00000077  00000-0  55113-4 0  9998,2 29499 098.6766 216.0279 0001450 132.0828 291.4157 14.21505150447624
1 29499U 06044A   15157.83854388  .00000095  00000-0  63069-4 0  9995,2 29499 098.6765 217.3574 0001499 131.1131 009.3139 14.21505570447818
1 29499U 06044A   15158.89378959  .00000092  00000-0  61928-4 0  9996,2 29499 098.6763 218.3948 0001538 130.0396 007.4732 14.21505848447969
1 29499U 06044A   15160.13946611  .00000117  00000-0  73442-4 0  9994,2 29499 098.6762 219.6194 0001588 128.4690 260.0957 14.21506323448144
1 29499U 06044A   15161.20307024  .00000121  00000-0  75309-4 0  9991,2 29499 098.6761 220.6650 0001617 127.5998 300.8029 14.21506625448290
1 29499U 06044A   15166.39923363 +.00000124 +00000-0 +76553-4 0  9991,2 29499 098.6759 225.7730 0001761 122.0559 242.3113 14.21508202448854
1 29499U 06044A   15167.88728307  .00000102  00000-0  66306-4 0  9998,2 29499 098.6757 227.2357 0001805 120.7910 294.2643 14.21508603449242
1 29499U 06044A   15169.15407471  .00000099  00000-0  64996-4 0  9994,2 29499 098.6756 228.4809 0001839 119.2155 294.8982 14.21508991449429
1 29499U 06044A   15170.21262843  .00000081  00000-0  56898-4 0  9998,2 29499 098.6755 229.5215 0001862 118.2310 309.9008 14.21509216449573
1 29499U 06044A   15171.56327069  .00000069  00000-0  51453-4 0  9997,2 29499 098.6754 230.8491 0001890 116.5494 019.5011 14.21509526449761
1 29499U 06044A   15172.82178502  .00000054  00000-0  44548-4 0  9994,2 29499 098.6753 232.0862 0001917 115.2782 337.5001 14.21509801449940
1 29499U 06044A   15174.15162022  .00000054  00000-0  44360-4 0  9994,2 29499 098.6752 233.3933 0001943 113.7039 300.5774 14.21510146450133
1 29499U 06044A   15175.49018733  .00000069  00000-0  51252-4 0  9995,2 29499 098.6751 234.7090 0001972 111.8934 308.5530 14.21510553450327
1 29499U 06044A   15176.55501414  .00000058  00000-0  46293-4 0  9993,2 29499 098.6751 235.7556 0001986 110.8501 355.7039 14.21510728450477
1 29499U 06044A   15177.81922507  .00000049  00000-0  42427-4 0  9998,2 29499 098.6750 236.9982 0002005 109.4995 342.9231 14.21510995450654
1 29499U 06044A   15179.14909889  .00000033  00000-0  34736-4 0  9991,2 29499 098.6749 238.3054 0002019 107.8384 306.2896 14.21511196450842
1 29499U 06044A   15180.48819660  .00000031  00000-0  34148-4 0  9992,2 29499 098.6749 239.6215 0002034 106.3981 316.6125 14.21511377451032
1 29499U 06044A   15181.76303669  .00000029  00000-0  33304-4 0  9991,2 29499 098.6748 240.8746 0002047 104.9651 358.2799 14.21511590451212
1 29499U 06044A   15182.82717008  .00000038  00000-0  37448-4 0  9998,2 29499 098.6747 241.9205 0002061 103.7033 042.1663 14.21511815451365
1 29499U 06044A   15184.14661067  .00000037  00000-0  36679-4 0  9992,2 29499 098.6746 243.2174 0002067 102.1315 312.0865 14.21512050451552
1 29499U 06044A   15185.20500800  .00000063  00000-0  48468-4 0  9995,2 29499 098.6745 244.2576 0002062 101.0812 326.3663 14.21512335451700
1 29499U 06044A   15186.55584697  .00000088  00000-0  60108-4 0  9992,2 29499 098.6744 245.5852 0002073 099.4004 036.9866 14.21512775451892
1 29499U 06044A   15187.81855400  .00000071  00000-0  52388-4 0  9998,2 29499 098.6743 246.8263 0002081 097.8154 016.7571 14.21512981452077
1 29499U 06044A   15189.15016086  .00000064  00000-0  48994-4 0  9996,2 29499 098.6742 248.1350 0002069 096.1669 348.9843 14.21513284452267
1 29499U 06044A   15190.20261031  .00000097  00000-0  64014-4 0  9993,2 29499 098.6741 249.1694 0002064 094.8453 333.1193 14.21513653452410
1 29499U 06044A   15191.55324135  .00000055  00000-0  45099-4 0  9993,2 29499 098.6741 250.4968 0002072 092.9548 042.8912 14.21513759452603
1 29499U 06044A   15192.81560574  .00000075  00000-0  54172-4 0  9996,2 29499 098.6740 251.7375 0002061 091.6624 020.6221 14.21514194452787
1 29499U 06044A   15194.13681668  .00000077  00000-0  54884-4 0  9993,2 29499 098.6739 253.0360 0002051 090.2606 299.4374 14.21514469452979
1 29499U 06044A   15195.19986541  .00000077  00000-0  54969-4 0  9992,2 29499 098.6738 254.0807 0002050 088.9764 337.7502 14.21514704453122
1 29499U 06044A   15196.55091640  .00000079  00000-0  55814-4 0  9992,2 29499 098.6737 255.4084 0002038 087.4011 049.3607 14.21515030453314
1 29499U 06044A   15196.82371706  .00000071  00000-0  52463-4 0  9995,2 29499 098.6737 255.6769 0001943 087.4631 004.5294 14.21492731453359
1 29499U 06044A   15198.15895634  .00000067  00000-0  50456-4 0  9999,2 29499 098.6736 256.9888 0001918 086.2713 354.7821 14.21493139453544
1 29499U 06044A   15199.21224616  .00000060  00000-0  47309-4 0  9999,2 29499 098.6735 258.0238 0001908 085.1239 342.9649 14.21493361453695
1 29499U 06044A   15200.48846817  .00000041  00000-0  38698-4 0  9994,2 29499 098.6734 259.2780 0001887 083.8044 031.5043 14.21493561453875
1 29499U 06044A   15201.54824137  .00000026  00000-0  31546-4 0  9991,2 29499 098.6732 260.3193 0001870 082.8176 052.6871 14.21493705454022
1 29499U 06044A   15203.86192726  .00000017  00000-0  27657-4 0  9998,2 29499 098.6730 262.5928 0001832 080.5105 008.3123 14.21494052454355
1 29499U 06044A   15205.19535328  .00000011  00000-0  24940-4 0  9991,2 29499 098.6729 263.9030 0001814 079.0989 349.5158 14.21494201454540
1 29499U 06044A   15206.54577890  .00000013  00000-0  25797-4 0  9994,2 29499 098.6728 265.2300 0001791 077.5990 057.7525 14.21494391454730
1 29499U 06044A   15207.60649706  .00000008  00000-0  23613-4 0  9997,2 29499 098.6728 266.2723 0001764 076.4947 083.8886 14.21494514454883
1 29499U 06044A   15208.80013016  .00000018  00000-0  27939-4 0  9995,2 29499 098.6727 267.4451 0001741 075.1577 070.0501 14.21494668455055
1 29499U 06044A   15209.84529473  .00000030  00000-0  33580-4 0  9992,2 29499 098.6726 268.4721 0001712 074.0883 016.6037 14.21494837455206
1 29499U 06044A   15211.17711296  .00000030  00000-0  33748-4 0  9993,2 29499 098.6725 269.7807 0001675 072.8154 349.4488 14.21495044455397
1 29499U 06044A   15212.52918078  .00000056  00000-0  45542-4 0  9993,2 29499 098.6724 271.1091 0001645 071.5563 065.8480 14.21495379455588
1 29499U 06044A   15213.85715628  .00000054  00000-0  44422-4 0  9990,2 29499 098.6722 272.4139 0001608 070.2989 019.0267 14.21495578455776
1 29499U 06044A   15215.18983258  .00000049  00000-0  42458-4 0  9995,2 29499 098.6720 273.7232 0001567 068.9148 356.3754 14.21495811455966
1 29499U 06044A   15216.54110012  .00000045  00000-0  40289-4 0  9992,2 29499 098.6719 275.0509 0001523 067.7360 068.6049 14.21496058456157
1 29499U 06044A   15218.78814450  .00000030  00000-0  33519-4 0  9999,2 29499 098.6717 277.2586 0001456 065.5228 043.3174 14.21496401456474
1 29499U 06044A   15219.84039966  .00000039  00000-0  37843-4 0  9991,2 29499 098.6715 278.2924 0001431 064.7891 025.8069 14.21496627456624
1 29499U 06044A   15221.17170303  .00000034  00000-0  35452-4 0  9990,2 29499 098.6714 279.6003 0001389 063.6827 355.8607 14.21496859456817
1 29499U 06044A   15222.23051787  .00000046  00000-0  41078-4 0  9996,2 29499 098.6714 280.6405 0001350 062.8655 011.9845 14.21497056456963
1 29499U 06044A   15223.49453802  .00000034  00000-0  35414-4 0  9993,2 29499 098.6713 281.8823 0001308 061.9700 357.7093 14.21497162457148
1 29499U 06044A   15224.56533007  .00000034  00000-0  35384-4 0  9994,2 29499 098.6712 282.9342 0001269 061.3615 074.8830 14.21497318457295
1 29499U 06044A   15225.76586800  .00000033  00000-0  35005-4 0  9995,2 29499 098.6710 284.1135 0001225 060.6610 095.7347 14.21497512457466
1 29499U 06044A   15226.88222444  .00000029  00000-0  33080-4 0  9996,2 29499 098.6709 285.2102 0001183 059.9126 046.0888 14.21497676457624
1 29499U 06044A   15228.21214933  .00000050  00000-0  42789-4 0  9999,2 29499 098.6706 286.5166 0001132 058.9868 008.9175 14.21498032457815
1 29499U 06044A   15229.56308789  .00000049  00000-0  42323-4 0  9993,2 29499 098.6704 287.8437 0001086 058.6288 078.6540 14.21498242458004
1 29499U 06044A   15230.82125067  .00000035  00000-0  35792-4 0  9997,2 29499 098.6702 289.0796 0001039 058.3427 033.8175 14.21498412458189
1 29499U 06044A   15232.15123512  .00000018  00000-0  28271-4 0  9993,2 29499 098.6700 290.3859 0000989 057.7888 356.5819 14.21498575458370
1 29499U 06044A   15233.20982259  .00000021  00000-0  29494-4 0  9993,2 29499 098.6699 291.4257 0000945 057.8422 010.6791 14.21498735458520
1 29499U 06044A   15235.96644941 +.00000010 +00000-0 +24289-4 0  9996,2 29499 098.6697 294.1333 0000838 058.2217 069.0819 14.21499072458738
1 29499U 06044A   15236.95161144 +.00000017 +00000-0 +27665-4 0  9993,2 29499 098.6696 295.1010 0000803 058.5427 067.3781 14.21499222458879
1 29499U 06044A   15238.57261008  .00000023  00000-0  30154-4 0  9997,2 29499 098.6694 296.6931 0000741 059.5565 076.9723 14.21499425459283
1 29499U 06044A   15239.82558080 +.00000030 +00000-0 +33399-4 0  9997,2 29499 098.6692 297.9236 0000699 060.9874 003.8693 14.21499627459283
1 29499U 06044A   15241.15526054  .00000053  00000-0  44249-4 0  9993,2 29499 098.6690 299.2295 0000660 062.5148 323.0004 14.21499991459659
1 29499U 06044A   15242.50966328  .00000041  00000-0  38820-4 0  9990,2 29499 098.6689 300.5597 0000610 064.1644 048.4563 14.21500182459846
1 29499U 06044A   15243.57046196  .00000040  00000-0  37980-4 0  9995,2 29499 098.6687 301.6015 0000570 066.3899 071.6965 14.21500366459996
1 29499U 06044A   15243.91732793 +.00000042 +00000-0 +39049-4 0  9998,2 29499 098.6686 301.9422 0000557 067.2099 044.9263 14.21500421459869
1 29499U 06044A   15244.82280657  .00000037  00000-0  36996-4 0  9998,2 29499  98.6685 302.8314 0000531  69.7995 353.4173 14.21500600460175
1 29499U 06044A   15244.89798619 +.00000036 +00000-0 +36307-4 0  9992,2 29499 098.6685 302.9053 0000529 070.0362 017.6876 14.21500602460009
1 29499U 06044A   15245.96147139 +.00000032 +00000-0 +34357-4 0  9995,2 29499 098.6683 303.9496 0000501 073.3729 053.5585 14.21500804460158
1 29499U 06044A   15246.94654025 +.00000017 +00000-0 +27711-4 0  9990,2 29499 098.6682 304.9170 0000479 076.6639 048.4143 14.21500908460290
1 29499U 06044A   15247.50731815  .00000009  00000-0  23781-4 0  9990,2 29499  98.6681 305.4677 0000471  79.0433  34.1404 14.21500963460550
1 29499U 06044A   15248.56795821  .00000015  00000-0  26510-4 0  9994,2 29499  98.6680 306.5093 0000456  83.3738  54.4672 14.21501120460707
1 29499U 06044A   15248.92593704 +.00000014 +00000-0 +26236-4 0  9994,2 29499 098.6679 306.8608 0000451 085.0439 083.6844 14.21501141460575
1 29499U 06044A   15249.82593477  .00000008  00000-0  23627-4 0  9995,2 29499  98.6678 307.7445 0000442  89.3857   2.3930 14.21501255460888
1 29499U 06044A   15249.89556480 +.00000005 +00000-0 +22298-4 0  9995,2 29499 098.6678 307.8129 0000441 089.5588 358.3436 14.21501250460712
1 29499U 06044A   15251.15592106  .00000020  00000-0  29188-4 0  9994,2 29499  98.6677 309.0505 0000432  95.3923 318.6199 14.21501496461078
1 29499U 06044A   15252.21440935  .00000025  00000-0  31095-4 0  9999,2 29499  98.6676 310.0899 0000430 100.6366 327.0293 14.21501650461222
1 29499U 06044A   15253.56567194  .00000039  00000-0  37618-4 0  9997,2 29499  98.6674 311.4167 0000443 107.6274  31.0916 14.21501876461417
1 29499U 06044A   15253.90749564 +.00000034 +00000-0 +35230-4 0  9991,2 29499 098.6674 311.7524 0000444 109.6985 337.2832 14.21501893461281
1 29499U 06044A   15254.82734006  .00000043  00000-0  39301-4 0  9991,2 29499  98.6672 312.6556 0000458 114.1001 357.4406 14.21502106461592
1 29499U 06044A   15254.97128766 +.00000041 +00000-0 +38623-4 0  9991,2 29499 098.6672 312.7969 0000461 114.6254 013.1377 14.21502120461432
1 29499U 06044A   15255.89189640  .00000032  00000-0  34621-4 0  9995,2 29499  98.6671 313.7009 0000475 118.0825  38.1494 14.21502248461746
1 29499U 06044A   15255.96555144 +.00000038 +00000-0 +37165-4 0  9991,2 29499 098.6670 313.7732 0000482 118.4142 054.5277 14.21502279461578
1 29499U 06044A   15257.21203221  .00000031  00000-0  33987-4 0  9998,2 29499  98.6668 314.9970 0000503 122.5267 305.5628 14.21502460461931
1 29499U 06044A   15258.56323757  .00000041  00000-0  38757-4 0  9995,2 29499  98.6665 316.3236 0000543 126.1501  12.7038 14.21502712462128
1 29499U 06044A   15258.90507530 +.00000040 +00000-0 +38301-4 0  9990,2 29499 098.6664 316.6593 0000553 127.0938 320.0956 14.21502757461998
1 29499U 06044A   15259.82109559  .00000024  00000-0  31032-4 0  9997,2 29499  98.6663 317.5586 0000579 128.9562 323.2363 14.21502871462300
1 29499U 06044A   15259.96855502 +.00000025 +00000-0 +31391-4 0  9997,2 29499 098.6662 317.7034 0000583 129.3138 357.0628 14.21502894462144
1 29499U 06044A   15260.88206567  .00000023  00000-0  30193-4 0  9998,2 29499  98.6661 318.6003 0000611 131.0692 347.4758 14.21503043462454
1 29499U 06044A   15260.94817509 +.00000023 +00000-0 +30186-4 0  9991,2 29499 098.6661 318.6652 0000612 131.1573 325.5055 14.21503052462282
1 29499U 06044A   15262.20963911  .00000026  00000-0  31679-4 0  9992,2 29499  98.6659 319.9036 0000651 133.4088 295.0373 14.21503254462646
1 29499U 06044A   15263.56037883  .00000031  00000-0  33917-4 0  9995,2 29499  98.6657 321.2297 0000703 134.4351   2.3974 14.21503468462835
1 29499U 06044A   15263.91706328 +.00000025 +00000-0 +31085-4 0  9998,2 29499 098.6657 321.5798 0000713 134.8390 026.2637 14.21503479462701
1 29499U 06044A   15264.82932395  .00000027  00000-0  32296-4 0  9991,2 29499  98.6656 322.4754 0000746 135.8138  11.0659 14.21503652463013
1 29499U 06044A   15264.96609060 +.00000026 +00000-0 +31945-4 0  9995,2 29499 098.6656 322.6097 0000749 136.0794 350.2965 14.21503669462856
1 29499U 06044A   15265.86806351  .00000020  00000-0  29093-4 0  9992,2 29499  98.6655 323.4951 0000782 136.2474 283.2887 14.21503776463169
1 29499U 06044A   15265.95155241 +.00000021 +00000-0 +29658-4 0  9995,2 29499 098.6655 323.5771 0000785 136.2744 350.2675 14.21503789462997
1 29499U 06044A   15267.20718758  .00000026  00000-0  31819-4 0  9990,2 29499  98.6653 324.8097 0000832 136.8316 291.6848 14.21503972463359
1 29499U 06044A   15268.48513568  .00000037  00000-0  36732-4 0  9994,2 29499  98.6651 326.0641 0000880 136.9990 347.6126 14.21504180463531
1 29499U 06044A   15268.90020918 +.00000044 +00000-0 +40066-4 0  9996,2 29499 098.6650 326.4716 0000893 137.1515 310.3635 14.21504281463418
1 29499U 06044A   15269.53770525  .00000045  00000-0  40248-4 0  9995,2 29499  98.6650 327.0974 0000921 137.1071 330.8969 14.21504395463682
1 29499U 06044A   15269.96402985 +.00000048 +00000-0 +41599-4 0  9997,2 29499 098.6649 327.5158 0000932 137.1780 351.2736 14.21504478463566
1 29499U 06044A   15270.87750068  .00000050  00000-0  42801-4 0  9997,2 29499  98.6647 328.4125 0000964 137.0153 343.4056 14.21504644463873
1 29499U 06044A   15270.94476262 +.00000052 +00000-0 +43479-4 0  9990,2 29499 098.6647 328.4785 0000966 136.9686 327.4652 14.21504661463701
1 29499U 06044A   15272.20485627  .00000065  00000-0  49519-4 0  9991,2 29499  98.6645 329.7154 0001005 136.7222 292.4931 14.21504922464063
1 29499U 06044A   15273.48272602  .00000048  00000-0  41647-4 0  9994,2 29499  98.6643 330.9697 0001053 136.0384 348.8755 14.21505104464245
1 29499U 06044A   15274.53521442  .00000050  00000-0  42587-4 0  9997,2 29499  98.6641 332.0027 0001089 135.6814 332.2135 14.21505345464397
1 29499U 06044A   15274.96128564 +.00000065 +00000-0 +49598-4 0  9997,2 29499 098.6640 332.4209 0001108 135.2973 351.7511 14.21505500464270
1 29499U 06044A   15275.86872808  .00000050  00000-0  42813-4 0  9991,2 29499  98.6638 333.3115 0001148 134.5951 313.5937 14.21505645464587
1 29499U 06044A   15275.94631080 +.00000048 +00000-0 +41905-4 0  9993,2 29499 098.6638 333.3877 0001150 134.5392 350.4486 14.21505649464419
1 29499U 06044A   15277.20221856  .00000046  00000-0  40885-4 0  9994,2 29499  98.6636 334.6203 0001185 133.9409 294.4241 14.21505866464770
1 29499U 06044A   15278.46768616  .00000032  00000-0  34446-4 0  9994,2 29499  98.6635 335.8623 0001231 133.0860 287.5509 14.21506037464953
1 29499U 06044A   15278.89534252 +.00000027 +00000-0 +32121-4 0  9990,2 29499 098.6634 336.2820 0001244 132.7150 315.1834 14.21506081464833
1 29499U 06044A   15279.53273535  .00000025  00000-0  31360-4 0  9998,2 29499  98.6634 336.9075 0001268 132.2100 335.6536 14.21506196465102
1 29499U 06044A   15279.95885565 +.00000025 +00000-0 +31423-4 0  9996,2 29499 098.6633 337.3257 0001279 131.7928 355.4762 14.21506251464980
1 29499U 06044A   15280.86629575  .00000036  00000-0  36375-4 0  9998,2 29499  98.6632 338.2163 0001310 131.1752 317.2250 14.21506454465298
1 29499U 06044A   15280.94380946 +.00000037 +00000-0 +36689-4 0  9992,2 29499 098.6632 338.2924 0001311 131.1488 353.6976 14.21506461465129
1 29499U 06044A   15282.20075723  .00000030  00000-0  33481-4 0  9997,2 29499  98.6631 339.5259 0001354 130.3643 303.1818 14.21506620465485
1 29499U 06044A   15283.55060546  .00000033  00000-0  35101-4 0  9997,2 29499  98.6629 340.8506 0001398 129.3970   7.9920 14.21506834465672
1 29499U 06044A   15283.91037073 +.00000034 +00000-0 +35293-4 0  9999,2 29499 098.6628 341.2037 0001406 129.0904 048.3300 14.21506883465540
1 29499U 06044A   15284.88220446  .00000037  00000-0  36843-4 0  9999,2 29499  98.6626 342.1574 0001427 128.1480 339.7486 14.21507067465868
1 29499U 06044A   15284.95638980 +.00000039 +00000-0 +37470-4 0  9992,2 29499 098.6626 342.2302 0001429 128.0776 359.2424 14.21507084465696
1 29499U 06044A   15286.21178361  .00000038  00000-0  37356-4 0  9997,2 29499  98.6623 343.4621 0001465 126.9109 301.1639 14.21507298466059
1 29499U 06044A   15287.56255920  .00000054  00000-0  44589-4 0  9997,2 29499  98.6620 344.7876 0001507 125.6580  11.0061 14.21507596466246
1 29499U 06044A   15287.83507428  .00000053  00000-0  44299-4 0  9997,2 29499  98.6995 345.0596 0001747 119.8443 330.6217 14.21515480466281
1 29499U 06044A   15287.90470510 +.00000053 +00000-0 +44230-4 0  9991,2 29499 098.6994 345.1283 0001745 119.0969 327.5006 14.21515792466116
1 29499U 06044A   15289.16621626 -.00000031  00000-0  58606-5 0  9997,2 29499  98.6991 346.3714 0001761 117.7571 300.9259 14.21515937466472
1 29499U 06044A   15290.51394203 -.00000035  00000-0  39016-5 0  9994,2 29499  98.6989 347.6995 0001778 116.1565 355.5639 14.21516088466665
1 29499U 06044A   15291.57456571  .00000057  00000-0  46145-4 0  9991,2 29499  98.6987 348.7446 0001801 115.0428  21.3132 14.21516595466815
1 29499U 06044A   15291.92218932 +.00000065 +00000-0 +49549-4 0  9997,2 29499 098.6987 349.0871 0001808 114.5930 359.7091 14.21516699466682
1 29499U 06044A   15292.84200105  .00000068  00000-0  50810-4 0  9998,2 29499  98.6986 349.9935 0001824 113.5625  25.1830 14.21516936466992
1 29499U 06044A   15292.96686209 +.00000069 +00000-0 +51707-4 0  9991,2 29499 098.6985 350.1166 0001825 113.3761 303.9803 14.21516977466836
1 29499U 06044A   15294.15693868  .00000073  00000-0  53409-4 0  9999,2 29499  98.6984 351.2893 0001835 112.0116 272.0787 14.21517322467186
1 29499U 06044A   15295.21597036  .00000071  00000-0  52489-4 0  9992,2 29499  98.6983 352.3328 0001850 110.8678 289.7186 14.21517575467331
1 29499U 06044A   15296.57261789  .00000088  00000-0  60111-4 0  9994,2 29499  98.6981 353.6695 0001866 109.1373  30.1250 14.21517941467528
1 29499U 06044A   15296.91946941 +.00000094 +00000-0 +63048-4 0  9991,2 29499 098.6980 354.0113 0001866 108.7503 004.5105 14.21518041467398
1 29499U 06044A   15297.83386255  .00000099  00000-0  65389-4 0  9994,2 29499  98.6979 354.9122 0001875 107.5669   2.4278 14.21518343467703
1 29499U 06044A   15297.89986105 +.00000096 +00000-0 +63679-4 0  9997,2 29499 098.6979 354.9772 0001875 107.4963 340.0528 14.21518330467536
1 29499U 06044A   15299.16111706  .00000097  00000-0  64351-4 0  9995,2 29499  98.6977 356.2199 0001884 105.9381 312.4032 14.21518716467899
1 29499U 06044A   15300.22062571  .00000084  00000-0  58206-4 0  9998,2 29499  98.6975 357.2637 0001895 104.5699 332.7119 14.21518915468044
1 29499U 06044A   15301.56976539  .00000080  00000-0  56704-4 0  9991,2 29499  98.6972 358.5929 0001910 103.0075  34.5573 14.21519236468238
1 29499U 06044A   15301.90511987 +.00000073 +00000-0 +53354-4 0  9991,2 29499 098.6971 358.9233 0001906 102.5515 310.2107 14.21519273468101
1 29499U 06044A   15302.82775131  .00000073  00000-0  53187-4 0  9990,2 29499  98.6970 359.8323 0001902 101.4005 350.2352 14.21519525468418
1 29499U 06044A   15302.89736944 +.00000076 +00000-0 +54514-4 0  9994,2 29499 098.6970 359.9009 0001902 101.3068 346.3967 14.21519553468248
1 29499U 06044A   15304.15864683  .00000092  00000-0  61870-4 0  9998,2 29499  98.6968   1.1435 0001900  99.8052 318.8058 14.21519994468600
1 29499U 06044A   15305.50663421  .00000070  00000-0  52071-4 0  9994,2 29499  98.6966   2.4715 0001908  98.1010  14.9038 14.21520230468794
1 29499U 06044A   15306.56738539  .00000087  00000-0  59706-4 0  9994,2 29499  98.6964   3.5165 0001912  96.9723  41.3342 14.21520539468946
1 29499U 06044A   15306.84785610 +.00000082 +00000-0 +57391-4 0  9990,2 29499 098.6964 003.7928 0001910 096.5868 036.2110 14.21520573468808
1 29499U 06044A   15307.82526117  .00000062  00000-0  48482-4 0  9993,2 29499  98.6963   4.7556 0001905  95.3470 356.4724 14.21520721469124
1 29499U 06044A   15307.89488332 +.00000063 +00000-0 +48511-4 0  9990,2 29499 098.6963 004.8242 0001905 095.2638 352.6441 14.21520729468954
1 29499U 06044A   15308.81509331  .00000074  00000-0  53983-4 0  9997,2 29499  98.7299   5.7407 0002227  88.3272  26.0264 14.21471386469269
1 29499U 06044A   15308.95843898 +.00000075 +00000-0 +54368-4 0  9990,2 29499 098.7299 005.8824 0002230 087.3225 040.1590 14.21471124469106
1 29499U 06044A   15309.86587220  .00000107  00000-0  69048-4 0  9992,2 29499  98.7298   6.7797 0002209  86.5386   1.9296 14.21471392469418
1 29499U 06044A   15309.94328998 +.00000093 +00000-0 +62848-4 0  9991,2 29499 098.7298 006.8563 0002205 086.3304 038.0840 14.21471388469246
1 29499U 06044A   15311.19919338  .00000086  00000-0  59230-4 0  9998,2 29499  98.7297   8.0981 0002191  84.5261 343.0953 14.21471687469605
1 29499U 06044A   15312.55030260  .00000084  00000-0  58332-4 0  9997,2 29499  98.7295   9.4341 0002178  82.5075  55.2449 14.21472092469797
1 29499U 06044A   15312.91280440 +.00000084 +00000-0 +58319-4 0  9999,2 29499 098.7294 009.7925 0002166 081.6792 110.0573 14.21472160469660
1 29499U 06044A   15313.80860091  .00000090  00000-0  61074-4 0  9993,2 29499  98.7293  10.6782 0002151  80.0503  13.1612 14.21472482469976
1 29499U 06044A   15313.87823558 +.00000092 +00000-0 +62326-4 0  9990,2 29499 098.7292 010.7470 0002150 079.9518 009.4003 14.21472501469808
1 29499U 06044A   15314.86355088  .00000095  00000-0  63558-4 0  9999,2 29499  98.7290  11.7212 0002134  78.4194  10.2448 14.21472767470121
1 29499U 06044A   15314.94029200 +.00000100 +00000-0 +65954-4 0  9991,2 29499 098.7290 011.7971 0002132 078.2172 042.9331 14.21472834469952
1 29499U 06044A   15316.19697240  .00000095  00000-0  63408-4 0  9990,2 29499  98.7287  13.0396 0002107  76.3203 352.0175 14.21473147470311
1 29499U 06044A   15317.47519006  .00000088  00000-0  60156-4 0  9994,2 29499  98.7285  14.3034 0002078  74.5703  51.1071 14.21473468470491
1 29499U 06044A   15318.52751769  .00000089  00000-0  60662-4 0  9998,2 29499  98.7283  15.3437 0002052  72.8669  34.8556 14.21473813470648
1 29499U 06044A   15318.96290709 +.00000082 +00000-0 +57666-4 0  9991,2 29499 098.7282 015.7742 0002043 072.1589 102.3280 14.21473895470526
1 29499U 06044A   15319.87613655  .00000079  00000-0  56283-4 0  9991,2 29499  98.7281  16.6770 0002020  70.5873  94.5395 14.21474124470838
1 29499U 06044A   15319.93791816 +.00000075 +00000-0 +54572-4 0  9999,2 29499 098.7280 016.7381 0002020 070.6945 050.4095 14.21474124470666
1 29499U 06044A   15320.92192225 +.00000089 +00000-0 +60854-4 0  9994,2 29499 098.7279 017.7109 0001996 068.9913 044.7251 14.21474496470807
1 29499U 06044A   15321.76567428  .00000082  00000-0  57779-4 0  9993,2 29499  98.7278  18.5450 0001974  67.8705  41.1506 14.21474717471101
1 29499U 06044A   15322.82306581  .00000084  00000-0  58516-4 0  9994,2 29499  98.7277  19.5903 0001941  66.3605  50.6092 14.21475050471253
1 29499U 06044A   15322.96574251 +.00000080 +00000-0 +56665-4 0  9999,2 29499 098.7277 019.7314 0001937 065.8880 060.7908 14.21475070471097
1 29499U 06044A   15324.22324383  .00000073  00000-0  53460-4 0  9991,2 29499  98.7275  20.9744 0001895  64.1464  13.9290 14.21475380471457
1 29499U 06044A   15325.48717749  .00000083  00000-0  57944-4 0  9994,2 29499  98.7274  22.2238 0001860  62.2973   0.0737 14.21475754471633
1 29499U 06044A   15325.91934209 +.00000074 +00000-0 +53713-4 0  9994,2 29499 098.7273 022.6510 0001845 061.6031 051.0421 14.21475809471514
1 29499U 06044A   15326.83970477  .00000083  00000-0  58128-4 0  9998,2 29499  98.7272  23.5608 0001813  60.1221  79.6514 14.21476110471820
1 29499U 06044A   15326.89987334 +.00000076 +00000-0 +54818-4 0  9998,2 29499 098.7271 023.6203 0001811 060.0381 027.4633 14.21476084471659
1 29499U 06044A   15327.96355588 +.00000088 +00000-0 +60383-4 0  9994,2 29499 098.7270 024.6717 0001776 058.0802 069.5495 14.21476422471800
1 29499U 06044A   15328.94853186 +.00000078 +00000-0 +55652-4 0  9992,2 29499 098.7268 025.6453 0001743 056.7424 068.4776 14.21476628471947
1 29499U 06044A   15330.20458980  .00000081  00000-0  57138-4 0  9992,2 29499  98.7266  26.8869 0001695  54.8030  14.4380 14.21476936472302
1 29499U 06044A   15331.55490258  .00000082  00000-0  57769-4 0  9996,2 29499  98.7263  28.2216 0001643  52.9679  82.3557 14.21477307472495
1 29499U 06044A   15331.89754028 +.00000072 +00000-0 +52881-4 0  9990,2 29499 098.7263 028.5602 0001629 052.4166 035.3043 14.21477335472362
1 29499U 06044A   15332.81789005  .00000070  00000-0  52016-4 0  9994,2 29499  98.7261  29.4699 0001590  50.9020  63.8862 14.21477589472675
1 29499U 06044A   15332.96115918 +.00000067 +00000-0 +50841-4 0  9996,2 29499 098.7261 029.6115 0001584 050.5803 076.9483 14.21477608472517
1 29499U 06044A   15333.86364446  .00000069  00000-0  51805-4 0  9991,2 29499  98.7259  30.5035 0001548  49.1281  14.1020 14.21477839472821
1 29499U 06044A   15333.94603100 +.00000067 +00000-0 +50509-4 0  9991,2 29499 098.7259 030.5849 0001544 048.9686 075.6220 14.21477842472655
1 29499U 06044A   15335.20427321  .00000063  00000-0  48975-4 0  9991,2 29499  98.7257  31.8285 0001493  46.8811  32.9075 14.21478149473017
1 29499U 06044A   15336.46757100  .00000049  00000-0  42274-4 0  9991,2 29499  98.7256  33.0771 0001440  45.0313  15.8127 14.21478369473191
1 29499U 06044A   15336.89519324 +.00000042 +00000-0 +39090-4 0  9997,2 29499 098.7256 033.4997 0001424 044.2395 043.6512 14.21478426473076
1 29499U 06044A   15337.82181700  .00000048  00000-0  41865-4 0  9993,2 29499  98.7255  34.4155 0001385  42.6736 104.3758 14.21478650473389
1 29499U 06044A   15337.95870490 +.00000040 +00000-0 +38328-4 0  9990,2 29499 098.7255 034.5508 0001376 042.4477 084.7063 14.21478634473227
1 29499U 06044A   15338.87065005  .00000044  00000-0  40421-4 0  9991,2 29499  98.7254  35.4521 0001334  41.1171  70.1233 14.21478827473538
1 29499U 06044A   15338.94371676 +.00000039 +00000-0 +37719-4 0  9993,2 29499 098.7254 035.5243 0001331 040.9462 083.9893 14.21478802473365
1 29499U 06044A   15340.19930800  .00000053  00000-0  44346-4 0  9993,2 29499  98.7252  36.7652 0001274  38.6874  27.8919 14.21479109473724
1 29499U 06044A   15341.55054823  .00000070  00000-0  52042-4 0  9997,2 29499  98.7251  38.1006 0001211  36.4118 101.0034 14.21479456473919
1 29499U 06044A   15341.89286481 +.00000067 +00000-0 +50494-4 0  9996,2 29499 098.7250 038.4389 0001196 035.7136 052.4591 14.21479516473788
1 29499U 06044A   15342.81935078  .00000066  00000-0  50154-4 0  9994,2 29499  98.7248  39.3545 0001152  34.2454 112.3843 14.21479704474098
1 29499U 06044A   15342.87852891 +.00000056 +00000-0 +45536-4 0  9998,2 29499 098.7248 039.4130 0001150 034.1593 055.1335 14.21479655473926
1 29499U 06044A   15343.86384244  .00000067  00000-0  50944-4 0  9991,2 29499  98.7246  40.3867 0001105  32.5521  56.0685 14.21479900474242
1 29499U 06044A   15343.94060363 +.00000060 +00000-0 +47305-4 0  9993,2 29499 098.7246 040.4626 0001101 032.3883 088.8229 14.21479866474070
1 29499U 06044A   15345.19703939  .00000082  00000-0  57425-4 0  9993,2 29499  98.7243  41.7042 0001034  29.6912  37.4881 14.21480247474439
1 29499U 06044A   15346.54810981  .00000078  00000-0  55594-4 0  9999,2 29499  98.7241  43.0393 0000969  27.4149 109.7376 14.21480616474628
1 29499U 06044A   15346.96826567 +.00000065 +00000-0 +49661-4 0  9996,2 29499 098.7240 043.4544 0000945 026.6557 099.3604 14.21480657474507
1 29499U 06044A   15347.87031525  .00000073  00000-0  53475-4 0  9996,2 29499  98.7238  44.3458 0000901  24.9060  34.5932 14.21480930474813
1 29499U 06044A   15347.96453581 +.00000071 +00000-0 +52626-4 0  9991,2 29499 098.7238 044.4389 0000896 024.6366 156.7485 14.21480934474641
1 29499U 06044A   15349.20945983  .00000089  00000-0  60640-4 0  9996,2 29499  98.7236  45.6691 0000833  21.7219  46.7602 14.21481361475009
1 29499U 06044A   15350.47584590  .00000078  00000-0  55812-4 0  9993,2 29499  98.7235  46.9205 0000765  19.1064  46.2406 14.21481660475184
1 29499U 06044A   15351.54580391  .00000059  00000-0  47235-4 0  9996,2 29499  98.7233  47.9777 0000706  16.9035 120.6884 14.21481871475333
1 29499U 06044A   15351.96599627 +.00000064 +00000-0 +49269-4 0  9999,2 29499 098.7233 048.3928 0000687 015.9532 110.6911 14.21481995475219
1 29499U 06044A   15352.87957258  .00000064  00000-0  49549-4 0  9999,2 29499  98.7231  49.2955 0000638  13.9788 105.1055 14.21482255475526
1 29499U 06044A   15352.95142567 +.00000047 +00000-0 +41400-4 0  9996,2 29499 098.7231 049.3665 0000634 013.8354 112.7377 14.21482178475355
1 29499U 06044A   15354.20713979  .00000052  00000-0  43694-4 0  9990,2 29499  98.7229  50.6072 0000572  10.3226  58.5381 14.21482473475710
1 29499U 06044A   15355.55779166  .00000094  00000-0  63087-4 0  9993,2 29499  98.7228  51.9418 0000491   6.4301 130.2752 14.21483067475908
1 29499U 06044A   15355.90012381 +.00000086 +00000-0 +59206-4 0  9990,2 29499 098.7227 052.2800 0000472 005.6823 081.8644 14.21483090475777
1 29499U 06044A   15356.82059196  .00000087  00000-0  59650-4 0  9991,2 29499  98.7225  53.1894 0000421   3.4775 111.7607 14.21483382476085
1 29499U 06044A   15356.96386722 +.00000083 +00000-0 +57913-4 0  9990,2 29499 098.7225 053.3310 0000414 002.9245 125.0883 14.21483389475921
1 29499U 06044A   15358.13942939  .00000088  00000-0  60408-4 0  9997,2 29499  98.7223  54.4924 0000355 357.8109  22.5612 14.21483724476270
1 29499U 06044A   15359.20473741  .00000094  00000-0  63240-4 0  9990,2 29499  98.7221  55.5449 0000309 352.3789  76.4641 14.21484052476427
1 29499U 06044A   15360.55558291  .00000079  00000-0  56137-4 0  9994,2 29499  98.7219  56.8795 0000237 342.9404 154.7436 14.21484383476611
1 29499U 06044A   15360.91616013 +.00000069 +00000-0 +51660-4 0  9996,2 29499 098.7218 057.2357 0000222 339.4158 202.4252 14.21484431476486
1 29499U 06044A   15361.81786304  .00000071  00000-0  52542-4 0  9990,2 29499  98.7216  58.1266 0000182 329.2243 144.3387 14.21484698476792
1 29499U 06044A   15361.96872191 +.00000066 +00000-0 +50173-4 0  9998,2 29499 098.7216 058.2756 0000176 327.0416 198.0828 14.21484695476634
1 29499U 06044A   15363.14363082  .00000046  00000-0  40950-4 0  9994,2 29499  98.7214  59.4363 0000130 304.6897 109.4584 14.21484908476983
1 29499U 06044A   15364.20197764  .00000042  00000-0  39349-4 0  9990,2 29499  98.7212  60.4818 0000119 276.4962 150.5242 14.21485103477138
1 29499U 06044A   15365.55302199  .00000050  00000-0  42747-4 0  9994,2 29499  98.7211  61.8164 0000144 241.3437 255.5398 14.21485425477328
1 29499U 06044A   15365.91336998 +.00000044 +00000-0 +40310-4 0  9995,2 29499 098.7210 062.1724 0000156 235.6789 304.1904 14.21485477477198
1 29499U 06044A   16001.81525084  .00000043  00000-0  39721-4 0  9991,2 29499  98.7209  63.0634 0000194 223.3582 249.1464 14.21485663477504
1 29499U 06044A   16001.95890369 +.00000031 +00000-0 +34332-4 0  9997,2 29499 098.7209 063.2053 0000201 221.5027 265.7088 14.21485622477347
1 29499U 06044A   16003.21425012  .00000024  00000-0  31157-4 0  9991,2 29499  98.7207  64.4453 0000264 208.9388 218.6947 14.21485823477704
1 29499U 06044A   16004.56495257  .00000042  00000-0  39261-4 0  9992,2 29499  98.7206  65.7796 0000333 201.9445 293.8068 14.21486084477890
1 29499U 06044A   16004.90736137 +.00000040 +00000-0 +38248-4 0  9997,2 29499 098.7205 066.1178 0000352 199.8677 247.1209 14.21486130477768
1 29499U 06044A   16005.82340123  .00000042  00000-0  39170-4 0  9992,2 29499  98.7204  67.0227 0000401 196.2043 255.8369 14.21486314478077
1 29499U 06044A   16005.88655456 +.00000036 +00000-0 +36703-4 0  9998,2 29499 098.7204 067.0851 0000404 195.8380 219.1986 14.21486294477908
1 29499U 06044A   16007.15338130  .00000042  00000-0  39098-4 0  9994,2 29499  98.7201  68.3364 0000467 191.6454 222.5318 14.21486571478268
1 29499U 06044A   16008.21193238  .00000045  00000-0  40753-4 0  9993,2 29499  98.7199  69.3820 0000526 189.1845 238.9155 14.21486751478411
1 29499U 06044A   16009.48813104  .00000050  00000-0  42795-4 0  9998,2 29499  98.7197  70.6425 0000593 184.6850 290.4896 14.21486975478597
1 29499U 06044A   16010.54803138  .00000054  00000-0  44612-4 0  9997,2 29499  98.7194  71.6894 0000650 181.9939 314.0061 14.21487214478748
1 29499U 06044A   16010.94346065 +.00000047 +00000-0 +41437-4 0  9996,2 29499 098.7194 072.0799 0000666 181.2548 177.1554 14.21487277478613
1 29499U 06044A   16011.80671571  .00000052  00000-0  43893-4 0  9999,2 29499  98.7192  72.9326 0000709 179.5114 273.9893 14.21487487478921
1 29499U 06044A   16011.95373991 +.00000055 +00000-0 +45407-4 0  9996,2 29499 098.7192 073.0778 0000717 179.2118 306.2397 14.21487525478768
1 29499U 06044A   16012.86163404  .00000065  00000-0  49570-4 0  9999,2 29499  98.7190  73.9745 0000765 177.2300 271.6180 14.21487777479072
1 29499U 06044A   16012.93826480 +.00000059 +00000-0 +47191-4 0  9997,2 29499 098.7190 074.0502 0000769 177.0613 303.7123 14.21487754478904
1 29499U 06044A   16014.19513546  .00000043  00000-0  39631-4 0  9996,2 29499  98.7188  75.2915 0000840 174.4896 254.5111 14.21487966479261
1 29499U 06044A   16015.48333333  .00000038  00000-0  37316-4 0  9995,2 29499  98.7186  76.5638 0000916 171.8133   5.6378 14.21488220479448
1 29499U 06044A   16015.62003459 +.00000040 +00000-0 +38118-4 0  9998,2 29499 098.7186 076.6988 0000921 171.6534 344.9523 14.21488256479288
1 29499U 06044A   16016.53180140  .00000033  00000-0  35335-4 0  9992,2 29499  98.7185  77.5992 0000970 169.7112 330.0997 14.21488409479591
1 29499U 06044A   16016.92685185 +.00000025 +00000-0 +31370-4 0  9990,2 29499 098.7184 077.9894 0000989 168.8971 191.3882 14.21488438479478
1 29499U 06044A   16017.90959491  .00000043  00000-0  39525-4 0  9993,2 29499  98.7183  78.9599 0001035 167.2396 179.2576 14.21488652479784
1 29499U 06044A   16019.19228574  .00000032  00000-0  34461-4 0  9999,2 29499  98.7180  80.2267 0001092 165.3429 261.4412 14.21488802479979
1 29499U 06044A   16020.54354951  .00000041  00000-0  38942-4 0  9997,2 29499  98.7178  81.5611 0001164 162.7890 334.9973 14.21489059480162
1 29499U 06044A   16020.96384407 +.00000056 +00000-0 +45505-4 0  9991,2 29499 098.7177 081.9762 0001178 162.0894 325.2828 14.21489217480049
1 29499U 06044A   16021.80195455  .00000050  00000-0  43045-4 0  9999,2 29499  98.7176  82.8038 0001223 160.3939 293.4730 14.21489343480347
1 29499U 06044A   16021.92303241 +.00000052 +00000-0 +44018-4 0  9999,2 29499 098.7175 082.9234 0001228 160.0905 193.0260 14.21489363480176
1 29499U 06044A   16022.86680013  .00000063  00000-0  48921-4 0  9997,2 29499  98.7173  83.8554 0001280 158.4046 341.5887 14.21489576480490
1 29499U 06044A   16022.93289532 +.00000056 +00000-0 +45724-4 0  9996,2 29499 098.7173 083.9206 0001283 158.2959 319.7395 14.21489545480328
1 29499U 06044A   16023.89618056  .00000054  00000-0  44763-4 0  9999,2 29499  98.7171  84.8718 0001327 156.6776 208.0570 14.21489730480648
1 29499U 06044A   16025.17400456  .00000047  00000-0  41735-4 0  9993,2 29499  98.7168  86.1336 0001375 154.9343 265.2013 14.21489975480827
1 29499U 06044A   16026.52065325  .00000049  00000-0  42300-4 0  9996,2 29499  98.7166  87.4633 0001443 152.4191 315.1214 14.21490266481014
1 29499U 06044A   16026.94644940 +.00000040 +00000-0 +38430-4 0  9998,2 29499 098.7165 087.8837 0001460 151.7650 333.5006 14.21490304480895
1 29499U 06044A   16027.84890574  .00000031  00000-0  34309-4 0  9995,2 29499  98.7163  88.7749 0001503 150.1931 270.6663 14.21490438481202
1 29499U 06044A   16027.93033716 +.00000021 +00000-0 +29848-4 0  9993,2 29499 098.7163 088.8553 0001506 150.0851 327.2534 14.21490393481036
1 29499U 06044A   16029.18741498  .00000022  00000-0  30184-4 0  9991,2 29499  98.7161  90.0965 0001554 148.3987 278.2382 14.21490612481398
1 29499U 06044A   16030.53833078  .00000021  00000-0  29853-4 0  9998,2 29499  98.7160  91.4303 0001610 146.1374 349.7310 14.21490842481588
1 29499U 06044A   16030.89566841 +.00000021 +00000-0 +29826-4 0  9998,2 29499 098.7159 091.7831 0001617 145.5459 017.9187 14.21490887481450
1 29499U 06044A   16031.86644341  .00000016  00000-0  27580-4 0  9997,2 29499  98.7158  92.7416 0001659 144.1160 304.3586 14.21491010481779
1 29499U 06044A   16031.94953612 +.00000021 +00000-0 +29813-4 0  9997,2 29499 098.7158 092.8236 0001661 143.9922 009.4585 14.21491039481601
1 29499U 06044A   16033.19985355  .00000026  00000-0  31811-4 0  9991,2 29499  98.7156  94.0581 0001709 141.8091 286.3664 14.21491223481961
1 29499U 06044A   16034.55078012  .00000038  00000-0  37259-4 0  9990,2 29499  98.7154  95.3918 0001763 139.8099 357.6548 14.21491485482157
1 29499U 06044A   16034.89307649 +.00000020 +00000-0 +29315-4 0  9993,2 29499 098.7153 095.7298 0001772 139.2745 308.8589 14.21491448482021
1 29499U 06044A   16035.81262256  .00000028  00000-0  32728-4 0  9990,2 29499  98.7151  96.6376 0001801 137.8948 333.2408 14.21491626482332
1 29499U 06044A   16035.95632209 +.00000032 +00000-0 +34757-4 0  9993,2 29499 098.7151 096.7795 0001808 137.6741 348.4104 14.21491662482177
1 29499U 06044A   16036.86848442  .00000048  00000-0  41980-4 0  9995,2 29499  98.7149  97.6800 0001836 136.2317 335.0919 14.21491863482489
1 29499U 06044A   16036.94088227 +.00000051 +00000-0 +43520-4 0  9997,2 29499 098.7148 097.7515 0001839 136.1294 345.4718 14.21491893482315
1 29499U 06044A   16038.19718203  .00000049  00000-0  42367-4 0  9995,2 29499  98.7146  98.9918 0001876 134.1946 292.7316 14.21492104482679
1 29499U 06044A   16039.54834948  .00000074  00000-0  53996-4 0  9998,2 29499  98.7143 100.3257 0001918 132.1449   5.3074 14.21492523482868
1 29499U 06044A   16039.96843898 +.00000071 +00000-0 +52317-4 0  9991,2 29499 098.7142 100.7404 0001932 131.4538 354.5405 14.21492579482747
1 29499U 06044A   16040.88270758  .00000064  00000-0  49246-4 0  9992,2 29499  98.7141 101.6429 0001963 130.1104 351.8983 14.21492780483052
1 29499U 06044A   16040.95390196 +.00000071 +00000-0 +52352-4 0  9999,2 29499 098.7140 101.7132 0001967 130.0174 356.1142 14.21492823482886
1 29499U 06044A   16042.20331584  .00000053  00000-0  44490-4 0  9999,2 29499  98.7139 102.9465 0002066 126.9524 269.2682 14.21474067483244
1 29499U 06044A   16042.47782627  .00000021  00000-0  94203-5 0  9999,2 29499  98.7120 103.2177 0002065 119.7552 240.4312 14.21476276484110
1 29499U 06044A   16043.56052258  .00000115  00000-0  72792-4 0  9992,2 29499  98.7136 104.2861 0002113 124.6546  12.8936 14.21474786483431
1 29499U 06044A   16043.90265771 +.00000078 +00000-0 +55720-4 0  9996,2 29499 098.7135 104.6238 0002119 124.1369 323.2348 14.21474793483306
1 29499U 06044A   16044.82315060  .00000055  00000-0  45163-4 0  9990,2 29499  98.7134 105.5324 0002145 122.7412 352.4202 14.21474974483611
1 29499U 06044A   16044.88183459 +.00000054 +00000-0 +44552-4 0  9991,2 29499 098.7133 105.5903 0002147 122.6545 292.6417 14.21474979483440
1 29499U 06044A   16045.86812100  .00000057  00000-0  46257-4 0  9999,2 29499  98.7131 106.5638 0002170 121.1597 298.4228 14.21475257483760
1 29499U 06044A   16045.95165686 +.00000054 +00000-0 +44818-4 0  9997,2 29499 098.7131 106.6463 0002170 121.0158 005.8046 14.21475249483599
1 29499U 06044A   16047.20722521  .00000043  00000-0  39627-4 0  9994,2 29499  98.7129 107.8855 0002184 119.1606 309.1688 14.21475432483951
1 29499U 06044A   16047.91953856 +.00000078 +00000-0 +55657-4 0  9998,2 29499 098.7128 108.5886 0002203 118.0217 353.3813 14.21475759483874
1 29499U 06044A   16048.84036793  .00000067  00000-0  50638-4 0  9995,2 29499  98.7126 109.4975 0002227 116.6082  24.3079 14.21475915484189
1 29499U 06044A   16048.89627125 +.00000055 +00000-0 +45089-4 0  9996,2 29499 098.7126 109.5526 0002227 116.5601 310.2693 14.21475855484012
1 29499U 06044A   16050.15520544  .00000069  00000-0  51544-4 0  9993,2 29499  98.7123 110.7952 0002245 114.7184 270.8375 14.21476200484374
1 29499U 06044A   16051.50957512  .00000057  00000-0  45959-4 0  9992,2 29499  98.7121 112.1319 0002269 112.5064 359.8748 14.21476426484567
1 29499U 06044A   16052.57092444  .00000054  00000-0  44696-4 0  9998,2 29499  98.7118 113.1793 0002286 110.9412  29.6349 14.21476597484713
1 29499U 06044A   16052.91735050 +.00000043 +00000-0 +39766-4 0  9993,2 29499 098.7117 113.5212 0002286 110.4148 001.9326 14.21476606484587
1 29499U 06044A   16053.82837328  .00000037  00000-0  36910-4 0  9996,2 29499  98.7115 114.4202 0002292 109.0541 342.6545 14.21476777484893
1 29499U 06044A   16053.89167788 +.00000033 +00000-0 +35244-4 0  9994,2 29499 098.7115 114.4827 0002293 108.8984 306.5772 14.21476773484724
1 29499U 06044A   16055.15292091  .00000050  00000-0  42879-4 0  9992,2 29499  98.7112 115.7274 0002301 107.0434 278.9714 14.21477097485080
1 29499U 06044A   16056.21871229  .00000029  00000-0  33380-4 0  9999,2 29499  98.7110 116.7792 0002316 105.3509 331.5797 14.21477207485231
1 29499U 06044A   16056.83720946  .00000098  00000-0  44815-4 0  9997,2 29499  98.7110 117.3893 0002313 102.6581 257.5336 14.21477380485325
1 29499U 06044A   16057.48310284  .00000038  00000-0  37480-4 0  9993,2 29499  98.7108 118.0269 0002332 103.5160 320.0531 14.21477431485411
1 29499U 06044A   16058.55322638  .00000024  00000-0  31185-4 0  9999,2 29499  98.7106 119.0828 0002330 101.7696  34.8730 14.21477551485563
1 29499U 06044A   16058.96862072 +.00000021 +00000-0 +29484-4 0  9991,2 29499 098.7105 119.4927 0002329 101.1452 000.0036 14.21477599485441
1 29499U 06044A   16059.88518022  .00000024  00000-0  31041-4 0  9991,2 29499  98.7104 120.3972 0002332  99.7116   9.1189 14.21477768485755
1 29499U 06044A   16059.96635234 +.00000020 +00000-0 +29216-4 0  9992,2 29499 098.7103 120.4773 0002334 099.5762 064.4036 14.21477751485589
1 29499U 06044A   16060.94112446 +.00000004 +00000-0 +21997-4 0  9997,2 29499 098.7102 121.4391 0002332 098.0508 011.3354 14.21477819485720
1 29499U 06044A   16061.13671572  .00000007  00000-0  23208-4 0  9999,2 29499  98.7102 121.6321 0002327  97.7364 291.9883 14.21477863485930
1 29499U 06044A   16062.20148131  .00000029  00000-0  33501-4 0  9999,2 29499  98.7100 122.6828 0002330  96.1761 339.2214 14.21478080486082
1 29499U 06044A   16063.45347545  .00000019  00000-0  28845-4 0  9991,2 29499  98.7098 123.9181 0002333  94.2986 264.3398 14.21478211486251
1 29499U 06044A   16064.53648890  .00000029  00000-0  33293-4 0  9992,2 29499  98.7096 124.9867 0002325  92.5774  45.0622 14.21478421486413
1 29499U 06044A   16064.93097222 +.00000037 +00000-0 +36737-4 0  9998,2 29499 098.7095 125.3759 0002323 092.0176 263.1813 14.21478488486289
1 29499U 06044A   16065.85872685  .00000042  00000-0  39417-4 0  9998,2 29499  98.7093 126.2913 0002317  90.6447 329.4952 14.21478644486607
1 29499U 06044A   16065.94668307 +.00000036 +00000-0 +36378-4 0  9998,2 29499 098.7092 126.3781 0002317 090.4882 059.4979 14.21478613486437
1 29499U 06044A   16067.19928694  .00000070  00000-0  52106-4 0  9990,2 29499  98.7090 127.6139 0002302  88.5327 347.8160 14.21478976486799
1 29499U 06044A   16068.45104264  .00000072  00000-0  53157-4 0  9998,2 29499  98.7087 128.8490 0002291  86.7987 271.5762 14.21479266486960
1 29499U 06044A   16068.89482647 +.00000067 +00000-0 +50824-4 0  9992,2 29499 098.7086 129.2868 0002281 086.1408 021.9389 14.21479340486857
1 29499U 06044A   16069.88270538  .00000058  00000-0  46438-4 0  9992,2 29499  98.7085 130.2615 0002261  84.6430  35.8828 14.21479542487176
1 29499U 06044A   16069.94986510 +.00000053 +00000-0 +44177-4 0  9996,2 29499 098.7085 130.3278 0002260 084.5206 019.4895 14.21479538487000
1 29499U 06044A   16071.20991815  .00000052  00000-0  43676-4 0  9994,2 29499  98.7083 131.5709 0002246  82.5472 345.9282 14.21479819487365
1 29499U 06044A   16072.48611595  .00000048  00000-0  42123-4 0  9990,2 29499  98.7081 132.8299 0002241  80.6849  34.8283 14.21480086487546
1 29499U 06044A   16073.54599454  .00000039  00000-0  38014-4 0  9991,2 29499  98.7078 133.8755 0002219  79.2681  56.9317 14.21480275487692
1 29499U 06044A   16073.96630935 +.00000032 +00000-0 +34611-4 0  9999,2 29499 098.7077 134.2901 0002208 078.6503 047.2252 14.21480320487572
1 29499U 06044A   16074.86839617  .00000038  00000-0  37557-4 0  9995,2 29499  98.7075 135.1800 0002188  77.2110 342.3352 14.21480500487888
1 29499U 06044A   16074.95171444 +.00000046 +00000-0 +41124-4 0  9996,2 29499 098.7075 135.2622 0002185 077.1267 048.5460 14.21480539487719
1 29499U 06044A   16076.20906037  .00000046  00000-0  41190-4 0  9993,2 29499  98.7073 136.5025 0002158  75.4800   0.8167 14.21480798488074
1 29499U 06044A   16077.47396047  .00000040  00000-0  38405-4 0  9996,2 29499  98.7070 137.7503 0002135  73.6080 351.9485 14.21480964488258
1 29499U 06044A   16078.54380199  .00000037  00000-0  36820-4 0  9991,2 29499  98.7068 138.8056 0002106  72.0837  65.1170 14.21481113488400
1 29499U 06044A   16078.96409928 +.00000040 +00000-0 +38214-4 0  9992,2 29499 098.7067 139.2201 0002095 071.1956 055.5922 14.21481186488289
1 29499U 06044A   16079.88691994  .00000042  00000-0  39162-4 0  9995,2 29499  98.7066 140.1304 0002069  69.7113  96.7919 14.21481346488597
1 29499U 06044A   16079.94931803 +.00000045 +00000-0 +40728-4 0  9991,2 29499 098.7066 140.1920 0002069 069.6904 055.9445 14.21481368488425
1 29499U 06044A   16081.19836951  .00000045  00000-0  40454-4 0  9995,2 29499  98.7063 141.4240 0002034  67.8580 325.9825 14.21481567488785
1 29499U 06044A   16081.96567130 +.00000032 +00000-0 +34592-4 0  9992,2 29499 098.7062 142.1808 0002008 066.6877 291.4762 14.21481618488705
1 29499U 06044A   16083.17810412  .00000036  00000-0  36493-4 0  9997,2 29499  98.7059 143.3767 0001964  64.9533  14.1335 14.21481851489063
1 29499U 06044A   16084.23261071  .00000050  00000-0  42917-4 0  9990,2 29499  98.7057 144.4167 0001934  63.3430   8.9623 14.21482106489215
1 29499U 06044A   16085.50751172  .00000023  00000-0  30397-4 0  9996,2 29499  98.7055 145.6741 0001902  61.6260  51.0940 14.21482173489395
1 29499U 06044A   16085.93055706 +.00000025 +00000-0 +31414-4 0  9996,2 29499 098.7054 146.0914 0001887 061.0594 055.3042 14.21482228489275
1 29499U 06044A   16086.56812758  .00000027  00000-0  32405-4 0  9997,2 29499  98.7053 146.7202 0001865  60.0683  77.1169 14.21482341489543
1 29499U 06044A   16086.95917824 +.00000021 +00000-0 +29584-4 0  9998,2 29499 098.7052 147.1058 0001843 059.4780 277.7158 14.21482364489419
1 29499U 06044A   16087.82624737  .00000014  00000-0  26263-4 0  9996,2 29499  98.7050 147.9610 0001809  58.2511  33.5237 14.21482488489727
1 29499U 06044A   16087.89587546 +.00000013 +00000-0 +26042-4 0  9993,2 29499 098.7050 148.0296 0001807 058.1461 029.7380 14.21482492489552
1 29499U 06044A   16088.88556022  .00000013  00000-0  25764-4 0  9998,2 29499  98.7049 149.0056 0001771  56.5876  52.9894 14.21482644489879
1 29499U 06044A   16088.95941237 +.00000019 +00000-0 +28860-4 0  9998,2 29499 098.7049 149.0785 0001770 056.5947 070.6954 14.21482679489700
1 29499U 06044A   16090.21645600  .00000017  00000-0  27654-4 0  9993,2 29499  98.7047 150.3181 0001721  54.7020  21.6753 14.21482846490061
1 29499U 06044A   16091.48070758  .00000017  00000-0  27893-4 0  9994,2 29499  98.7045 151.5649 0001678  52.7008   9.6288 14.21482992490247
1 29499U 06044A   16092.55120824  .00000013  00000-0  26125-4 0  9996,2 29499  98.7043 152.6206 0001633  51.0184  86.3343 14.21483121490399
1 29499U 06044A   16092.96688322 +.00000012 +00000-0 +25267-4 0  9998,2 29499 098.7042 153.0305 0001612 050.4350 052.8672 14.21483162490273
1 29499U 06044A   16093.89300262  .00000023  00000-0  30542-4 0  9999,2 29499  98.7041 153.9438 0001574  49.0746 110.8207 14.21483335490583
1 29499U 06044A   16093.95699251 +.00000027 +00000-0 +32256-4 0  9993,2 29499 098.7041 154.0069 0001573 049.0357 078.1329 14.21483357490419
1 29499U 06044A   16095.21410631  .00000023  00000-0  30410-4 0  9993,2 29499  98.7038 155.2466 0001518  47.1970  29.4200 14.21483497490779
1 29499U 06044A   16096.47846279  .00000033  00000-0  35119-4 0  9995,2 29499  98.7036 156.4933 0001460  45.3824  17.7263 14.21483675490950
1 29499U 06044A   16096.97003954 +.00000034 +00000-0 +35357-4 0  9990,2 29499 098.7035 156.9781 0001432 044.5463 012.7087 14.21483748490842
1 29499U 06044A   16097.89477944  .00000035  00000-0  35882-4 0  9990,2 29499  98.7034 157.8900 0001382  43.1229  63.6717 14.21483910491154
1 29499U 06044A   16099.15151904  .00000038  00000-0  37581-4 0  9997,2 29499  98.7032 159.1293 0001319  41.2854  13.0467 14.21484141491333
1 29499U 06044A   16100.21154756  .00000039  00000-0  38041-4 0  9998,2 29499  98.7030 160.1745 0001268  39.8129  35.9877 14.21484301491488
1 29499U 06044A   16101.56161009  .00000025  00000-0  31461-4 0  9990,2 29499  98.7029 161.5057 0001203  37.8445 102.7913 14.21484460491676
1 29499U 06044A   16101.95625000 +.00000023 +00000-0 +30660-4 0  9997,2 29499 098.7028 161.8948 0001177 037.1578 321.8465 14.21484507491541
1 29499U 06044A   16102.89234881  .00000024  00000-0  31134-4 0  9992,2 29499  98.7026 162.8178 0001127  35.7331  70.9081 14.21484682491866
1 29499U 06044A   16102.93875000 +.00000027 +00000-0 +32266-4 0  9991,2 29499 098.7026 162.8635 0001124 035.6601 308.2980 14.21484701491687
1 29499U 06044A   16104.14910538  .00000039  00000-0  37730-4 0  9996,2 29499  98.7024 164.0569 0001063  33.6875  20.5817 14.21484964492043
1 29499U 06044A   16105.20778471  .00000038  00000-0  37484-4 0  9997,2 29499  98.7022 165.1007 0001018  32.3515  36.4886 14.21485119492198
1 29499U 06044A   16106.55855822  .00000022  00000-0  30117-4 0  9991,2 29499  98.7020 166.4324 0000943  30.7902 106.5248 14.21485227492382
1 29499U 06044A   16106.95166668 +.00000013 +00000-0 +26142-4 0  9991,2 29499 098.7020 166.8200 0000915 029.9077 317.9443 14.21485251492259
1 29499U 06044A   16107.90524914  .00000040  00000-0  38420-4 0  9991,2 29499  98.7018 167.7601 0000860  28.3722 156.5387 14.21485499492573
1 29499U 06044A   16107.96442336 +.00000043 +00000-0 +39703-4 0  9992,2 29499 098.7018 167.8185 0000856 028.4115 099.1435 14.21485519492404
1 29499U 06044A   16109.15183133  .00000033  00000-0  35308-4 0  9998,2 29499  98.7016 168.9891 0000792  27.0320  53.4736 14.21485694492759
1 29499U 06044A   16110.20543828  .00000040  00000-0  38496-4 0  9996,2 29499  98.7015 170.0278 0000737  25.8242  43.3125 14.21485855492905
1 29499U 06044A   16111.47091590  .00000032  00000-0  34789-4 0  9992,2 29499  98.7013 171.2754 0000658  23.9714  37.4013 14.21485991493081
1 29499U 06044A   16111.94824074 +.00000027 +00000-0 +32257-4 0  9997,2 29499 098.7012 171.7459 0000629 023.1836 319.4487 14.21486056492969
1 29499U 06044A   16112.74735068  .00000033  00000-0  34859-4 0  9997,2 29499  98.7011 172.5337 0000588  22.0135  87.6362 14.21486223493262
1 29499U 06044A   16112.96202696 +.00000036 +00000-0 +36396-4 0  9998,2 29499 098.7011 172.7453 0000574 021.7817 105.8217 14.21486248493114
1 29499U 06044A   16113.86439541  .00000025  00000-0  31494-4 0  9991,2 29499  98.7009 173.6349 0000526  20.8242  41.9088 14.21486355493423
1 29499U 06044A   16113.94687648 +.00000026 +00000-0 +31734-4 0  9991,2 29499 098.7009 173.7162 0000521 020.8003 103.7791 14.21486363493255
1 29499U 06044A   16115.20444068  .00000029  00000-0  33155-4 0  9991,2 29499  98.7007 174.9559 0000445  18.3786  57.9666 14.21486553493613
1 29499U 06044A   16116.47004959  .00000022  00000-0  30202-4 0  9995,2 29499  98.7006 176.2035 0000367  16.8115  52.4443 14.21486696493798
1 29499U 06044A   16117.53342970  .00000020  00000-0  28976-4 0  9994,2 29499  98.7004 177.2517 0000305  15.2642  92.6113 14.21486865493947
1 29499U 06044A   16117.88168828 +.00000022 +00000-0 +29932-4 0  9995,2 29499 098.7004 177.5950 0000284 014.4497 074.5821 14.21486918493816
1 29499U 06044A   16118.86701208  .00000015  00000-0  26670-4 0  9997,2 29499  98.7003 178.5663 0000230  12.7076  75.7283 14.21487031494130
1 29499U 06044A   16118.94456398 +.00000015 +00000-0 +27024-4 0  9997,2 29499 098.7003 178.6427 0000225 012.8716 112.2008 14.21487041493968
1 29499U 06044A   16120.20061317  .00000021  00000-0  29801-4 0  9994,2 29499  98.7001 179.8808 0000153  10.4565  58.6362 14.21487227494321
1 29499U 06044A   16121.55140949  .00000025  00000-0  31292-4 0  9993,2 29499  98.7000 181.2123 0000072   6.1023 131.5923 14.21487430494519
1 29499U 06044A   16121.82783384 +.00000020 +00000-0 +29210-4 0  9991,2 29499 098.6999 181.4848 0000054 002.8810 108.5768 14.21487456494371
1 29499U 06044A   16122.81335735  .00000021  00000-0  29436-4 0  9995,2 29499  98.6998 182.4563 0000005 358.6801 113.2049 14.21487612494697
1 29499U 06044A   16122.96413676 +.00000034 +00000-0 +35597-4 0  9991,2 29499 098.6998 182.6049 0000011 192.3262 330.7153 14.21487680494539
1 29499U 06044A   16123.86922051  .00000030  00000-0  33606-4 0  9998,2 29499  98.6997 183.4970 0000063 186.0692 285.9937 14.21487796494847
1 29499U 06044A   16123.91672454 +.00000030 +00000-0 +33777-4 0  9992,2 29499 098.6997 183.5438 0000066 186.1419 168.8788 14.21487801494668
1 29499U 06044A   16124.90222223  .00000030  00000-0  33701-4 0  9994,2 29499  98.6996 184.5152 0000124 183.7886 171.5285 14.21487929494986
1 29499U 06044A   16126.18820352  .00000046  00000-0  40887-4 0  9993,2 29499  98.6994 185.7827 0000208 183.2275 269.2009 14.21488204495174
1 29499U 06044A   16127.53385078  .00000035  00000-0  36205-4 0  9991,2 29499  98.6993 187.1091 0000284 180.9816 313.7188 14.21488435495361
1 29499U 06044A   16127.95456196 +.00000044 +00000-0 +40113-4 0  9990,2 29499 098.6992 187.5238 0000309 180.0211 306.3942 14.21488529495242
1 29499U 06044A   16128.86672630  .00000042  00000-0  39004-4 0  9999,2 29499  98.6992 188.4228 0000365 178.8731 292.7802 14.21488687495557
1 29499U 06044A   16128.94965527 +.00000043 +00000-0 +39847-4 0  9994,2 29499 098.6992 188.5046 0000370 178.9105 356.8806 14.21488707495388
1 29499U 06044A   16130.19546516  .00000033  00000-0  35035-4 0  9991,2 29499  98.6990 189.7324 0000445 176.2316 251.2189 14.21488896495747
1 29499U 06044A   16130.90717317 +.00000045 +00000-0 +40742-4 0  9993,2 29499 098.6989 190.4339 0000490 174.9906 292.4711 14.21489112495661
1 29499U 06044A   16131.96659987 +.00000038 +00000-0 +37280-4 0  9993,2 29499 098.6988 191.4781 0000552 173.6129 312.2581 14.21489309495815
1 29499U 06044A   16132.95199425 +.00000033 +00000-0 +34954-4 0  9999,2 29499 098.6987 192.4492 0000615 172.3600 313.2848 14.21489480495956
1 29499U 06044A   16134.20787991  .00000034  00000-0  35648-4 0  9992,2 29499  98.6985 193.6869 0000688 171.1250 257.7147 14.21489696496317
1 29499U 06044A   16135.55863009  .00000026  00000-0  31642-4 0  9997,2 29499  98.6984 195.0182 0000763 168.5887 328.6287 14.21489874496502
1 29499U 06044A   16135.91757664 +.00000026 +00000-0 +31936-4 0  9992,2 29499 098.6984 195.3719 0000785 168.2389 004.8018 14.21489921496372
1 29499U 06044A   16136.90422353  .00000033  00000-0  35254-4 0  9991,2 29499  98.6983 196.3443 0000840 167.0730  12.1492 14.21490129496690
1 29499U 06044A   16136.96434293 +.00000037 +00000-0 +36738-4 0  9995,2 29499 098.6983 196.4036 0000845 166.9240 319.7775 14.21490154496528
1 29499U 06044A   16138.14674891  .00000035  00000-0  35929-4 0  9996,2 29499  98.6982 197.5688 0000914 164.8167 249.2723 14.21490335496873
1 29499U 06044A   16139.57140918  .00000042  00000-0  39100-4 0  9995,2 29499  98.6981 198.9728 0000994 162.5841 337.8968 14.21490532497071
1 29499U 06044A   16139.96848380 +.00000038 +00000-0 +37431-4 0  9996,2 29499 098.6980 199.3641 0001021 162.1297 209.1804 14.21490567496956
1 29499U 06044A   16140.76168909  .00000033  00000-0  35019-4 0  9993,2 29499  98.6979 200.1458 0001064 161.0503 307.0906 14.21490693497240
1 29499U 06044A   16141.89095759  .00000045  00000-0  40558-4 0  9997,2 29499  98.6978 201.2586 0001125 159.4232 324.3372 14.21490931497403
1 29499U 06044A   16141.95749009 +.00000047 +00000-0 +41630-4 0  9992,2 29499 098.6978 201.3242 0001128 159.3588 304.6807 14.21490951497236
1 29499U 06044A   16143.21929602  .00000038  00000-0  37569-4 0  9998,2 29499  98.6977 202.5676 0001195 157.4986 280.0211 14.21491136497595
1 29499U 06044A   16144.49402683  .00000036  00000-0  36581-4 0  9995,2 29499  98.6975 203.8238 0001257 155.2552 321.8495 14.21491297497771
1 29499U 06044A   16144.91455775 +.00000028 +00000-0 +32993-4 0  9996,2 29499 098.6975 204.2382 0001281 154.9519 312.9500 14.21491325497659
1 29499U 06044A   16145.89966943  .00000022  00000-0  30000-4 0  9999,2 29499  98.6974 205.2090 0001329 153.6947 312.5419 14.21491465497974
1 29499U 06044A   16145.96950352 +.00000019 +00000-0 +28635-4 0  9991,2 29499 098.6974 205.2778 0001333 153.6364 309.7653 14.21491470497801
1 29499U 06044A   16147.15105574  .00000029  00000-0  33261-4 0  9994,2 29499  98.6973 206.4421 0001388 151.9231 234.5055 14.21491717498156
1 29499U 06044A   16148.21494315  .00000013  00000-0  25810-4 0  9990,2 29499  98.6972 207.4905 0001442 150.2785 277.3830 14.21491799498303
1 29499U 06044A   16149.56620697  .00000018  00000-0  28322-4 0  9999,2 29499  98.6971 208.8220 0001513 148.1005 350.5760 14.21491978498492
1 29499U 06044A   16149.92325828 +.00000014 +00000-0 +26371-4 0  9995,2 29499 098.6971 209.1738 0001533 147.6913 017.1181 14.21492003498363
1 29499U 06044A   16150.89740022  .00000003  00000-0  21253-4 0  9992,2 29499  98.6970 210.1337 0001580 146.2771 320.7646 14.21492104498684
1 29499U 06044A   16150.97189906 +.00000006 +00000-0 +22628-4 0  9999,2 29499 098.6970 210.2071 0001583 146.2024 341.8624 14.21492123498517
1 29499U 06044A   16152.15405718  .00000020  00000-0  29098-4 0  9997,2 29499  98.6969 211.3720 0001634 144.5161 269.6771 14.21492346498863
1 29499U 06044A   16152.94176016 +.00000015 +00000-0 +26833-4 0  9998,2 29499 098.6968 212.1482 0001668 143.4069 339.4805 14.21492403498798
1 29499U 06044A   16153.21259345  .00000017  00000-0  27590-4 0  9999,2 29499  98.6968 212.4151 0001678 143.0922 284.9677 14.21492454499012
1 29499U 06044A   16154.46993103  .00000024  00000-0  31045-4 0  9992,2 29499  98.6968 213.6540 0001732 141.4257 237.2677 14.21492612499197
1 29499U 06044A   16154.95629630 +.00000031 +00000-0 +34134-4 0  9997,2 29499 098.6967 214.1332 0001754 140.9537 205.2477 14.21492694499070
1 29499U 06044A   16155.82167814  .00000028  00000-0  32670-4 0  9994,2 29499  98.6967 214.9860 0001791 139.2752 312.9086 14.21492827499389
1 29499U 06044A   16155.96476071 +.00000033 +00000-0 +34920-4 0  9993,2 29499 098.6967 215.1270 0001798 139.0503 324.9272 14.21492854499229
1 29499U 06044A   16157.22656073  .00000035  00000-0  35760-4 0  9991,2 29499  98.6966 216.3703 0001845 137.0689 300.3670 14.21493048499583
1 29499U 06044A   16158.49059126  .00000031  00000-0  33915-4 0  9993,2 29499  98.6965 217.6158 0001898 135.1012 287.2020 14.21493194499761
1 29499U 06044A   16158.84795953 +.00000020 +00000-0 +29244-4 0  9995,2 29499 098.6964 217.9679 0001914 134.6859 315.3726 14.21493191499632
1 29499U 06044A   16159.84268509  .00000025  00000-0  31275-4 0  9990,2 29499  98.6964 218.9480 0001952 133.2224   4.3475 14.21493362499957
1 29499U 06044A   16159.90325187 +.00000027 +00000-0 +32379-4 0  9991,2 29499 098.6963 219.0076 0001956 133.1779 314.1601 14.21493377499787
1 29499U 06044A   16161.15803323  .00000024  00000-0  30721-4 0  9990,2 29499  98.6962 220.2440 0002002 131.6068 253.2957 14.21493594500143
1 29499U 06044A   16162.22423289  .00000013  00000-0  26103-4 0  9995,2 29499  98.6961 221.2945 0002037 130.0341 307.9343 14.21493706500295
1 29499U 06044A   16163.57329604  .00000007  00000-0  23080-4 0  9994,2 29499  98.6960 222.6237 0002082 128.0174   9.7198 14.21493839500487
1 29499U 06044A   16163.92762218 +.00000006 +00000-0 +22859-4 0  9997,2 29499 098.6960 222.9728 0002093 127.5705 022.3640 14.21493865500359
1 29499U 06044A   16164.82393178  .00000005  00000-0  22325-4 0  9999,2 29499  98.6959 223.8559 0002126 126.2897 287.8110 14.21493984500660
1 29499U 06044A   16164.90084831 +.00000006 +00000-0 +22777-4 0  9993,2 29499 098.6959 223.9317 0002128 126.1804 321.3091 14.21493992500494
1 29499U 06044A   16165.82733241  .00000010  00000-0  24565-4 0  9993,2 29499  98.6959 224.8445 0002156 124.8294  21.1539 14.21494133500800
1 29499U 06044A   16165.88650405 +.00000011 +00000-0 +24934-4 0  9990,2 29499 098.6959 224.9028 0002157 124.7552 323.8608 14.21494139500631
1 29499U 06044A   16166.86490091  .00000002  00000-0  21006-4 0  9999,2 29499  98.6958 225.8667 0002185 123.2956 289.3218 14.21494223500954
1 29499U 06044A   16167.22156635 +.00000005 +00000-0 +22398-4 0  9991,2 29499 098.6958 226.2181 0002194 122.8042 313.9752 14.21494275500821
1 29499U 06044A   16168.13356131  .00000018  00000-0  28274-4 0  9998,2 29499  98.6957 227.1166 0002219 121.4598 299.7096 14.21494403501132
1 29499U 06044A   16169.19034237  .00000019  00000-0  28510-4 0  9999,2 29499  98.6957 228.1578 0002243 119.9835 306.0835 14.21494524501286
1 29499U 06044A   16170.53590998  .00000022  00000-0  30047-4 0  9992,2 29499  98.6956 229.4834 0002277 118.0528 349.9087 14.21494715501478
1 29499U 06044A   16170.96195692 +.00000027 +00000-0 +32360-4 0  9996,2 29499 098.6956 229.9032 0002286 117.4701 009.5053 14.21494780501350
1 29499U 06044A   16171.86943648  .00000015  00000-0  27033-4 0  9996,2 29499  98.6955 230.7972 0002305 116.0718 332.2009 14.21494846501661
1 29499U 06044A   16171.94698238 +.00000018 +00000-0 +27960-4 0  9999,2 29499 098.6955 230.8736 0002308 115.9392 008.9415 14.21494861501495
1 29499U 06044A   16173.12974406  .00000032  00000-0  34633-4 0  9996,2 29499  98.6954 232.0389 0002327 114.2779 299.8294 14.21495044501843
1 29499U 06044A   16174.18980230  .00000026  00000-0  31961-4 0  9999,2 29499  98.6953 233.0832 0002345 112.7706 322.9977 14.21495165501995
1 29499U 06044A   16175.38423762  .00000017  00000-0  27549-4 0  9991,2 29499  98.6952 234.2599 0002366 110.9931 313.7076 14.21495305502164
1 29499U 06044A   16175.58278924  .00000216  00000-0  98944-4 0  9999,2 29499  98.6948 234.4547 0002180 108.1518 252.0379 14.21495513503026
1 29499U 06044A   16176.51915942  .00000014  00000-0  26373-4 0  9994,2 29499  98.6952 235.3780 0002386 109.2107   0.0417 14.21495442502321
1 29499U 06044A   16176.91822917 +.00000007 +00000-0 +23082-4 0  9993,2 29499 098.6951 235.7712 0002390 108.6994 241.5932 14.21495450502199
1 29499U 06044A   16177.90534723 -.00000004  00000-0  18043-4 0  9997,2 29499  98.6950 236.7436 0002402 107.3541 251.5491 14.21495500502513
1 29499U 06044A   16177.93569043 -.00000003 +00000-0 +18514-4 0  9995,2 29499 098.6950 236.7735 0002402 107.3033 046.7900 14.21495505502346
1 29499U 06044A   16179.19056096  .00000004  00000-0  21573-4 0  9993,2 29499  98.6949 238.0097 0002415 105.4591 346.6642 14.21495685502706
1 29499U 06044A   16180.53099731 -.00000010  00000-0  15259-4 0  9998,2 29499  98.6949 239.3302 0002428 103.4304   4.3490 14.21495783502891
1 29499U 06044A   16180.88491192 -.00000012 +00000-0 +14525-4 0  9990,2 29499 098.6948 239.6789 0002429 102.9403 014.9341 14.21495800502765
1 29499U 06044A   16181.79849069 -.00000010  00000-0  15609-4 0  9993,2 29499  98.6948 240.5789 0002432 101.6002   8.7695 14.21495878503074
1 29499U 06044A   16181.94159870 -.00000008 +00000-0 +16427-4 0  9990,2 29499 098.6948 240.7199 0002434 101.3918 020.9033 14.21495884502917
1 29499U 06044A   16182.90093750 -.00000005  00000-0  17506-4 0  9997,2 29499  98.6947 241.6650 0002433 100.0814 248.7487 14.21495947503226
1 29499U 06044A   16182.96945602 -.00000005 +00000-0 +17780-4 0  9999,2 29499 098.6947 241.7325 0002433 099.9946 239.2732 14.21495954503055
1 29499U 06044A   16183.90954944  .00000006  00000-0  22658-4 0  9993,2 29499  98.6947 242.6585 0002438  98.6730   8.6996 14.21496070503370
1 29499U 06044A   16185.24002381  .00000009  00000-0  24141-4 0  9993,2 29499  98.6946 243.9692 0002440  96.6994 335.3805 14.21496231503564
1 29499U 06044A   16186.51475095  .00000011  00000-0  24988-4 0  9992,2 29499  98.6945 245.2249 0002440  94.8691  16.7999 14.21496331503745
1 29499U 06044A   16186.93896098 +.00000013 +00000-0 +25919-4 0  9995,2 29499 098.6945 245.6428 0002439 094.2899 027.0005 14.21496361503623
1 29499U 06044A   16187.90210648  .00000002  00000-0  20770-4 0  9992,2 29499  98.6944 246.5916 0002434  92.8969 274.3994 14.21496405503949
1 29499U 06044A   16187.92166759 +.00000002 +00000-0 +20858-4 0  9994,2 29499 098.6944 246.6108 0002434 092.8621 014.4795 14.21496406503761
1 29499U 06044A   16189.17993428  .00000010  00000-0  24507-4 0  9998,2 29499  98.6943 247.8503 0002426  91.0794 331.6655 14.21496599504128
1 29499U 06044A   16190.53102078  .00000009  00000-0  24181-4 0  9999,2 29499  98.6942 249.1812 0002421  88.8945  43.9815 14.21496786504312
1 29499U 06044A   16190.94797227 +.00000005 +00000-0 +22253-4 0  9994,2 29499 098.6941 249.5919 0002417 088.2933 017.0811 14.21496816504197
1 29499U 06044A   16191.86598255  .00000007  00000-0  22992-4 0  9998,2 29499  98.6940 250.4961 0002414  86.9644  33.5737 14.21496917504502
1 29499U 06044A   16191.93619478 +.00000007 +00000-0 +23198-4 0  9996,2 29499 098.6940 250.5653 0002413 086.9001 032.7385 14.21496922504334
1 29499U 06044A   16193.19796039  .00000005  00000-0  22113-4 0  9999,2 29499  98.6939 251.8082 0002392  85.1630   7.7764 14.21497065504698
1 29499U 06044A   16194.45854321  .00000010  00000-0  24362-4 0  9992,2 29499  98.6939 253.0498 0002378  83.4055 336.7859 14.21497234504877
1 29499U 06044A   16195.52363418  .00000010  00000-0  24394-4 0  9998,2 29499  98.6938 254.0990 0002363  81.8143  25.7863 14.21497367505023
1 29499U 06044A   16195.80247440 +.00000007 +00000-0 +23267-4 0  9999,2 29499 098.6938 254.3736 0002357 081.4304 012.2991 14.21497387504880
1 29499U 06044A   16196.78290414  .00000011  00000-0  25153-4 0  9997,2 29499  98.6938 255.3393 0002342  80.0096 348.1296 14.21497493505201
1 29499U 06044A   16196.90938657 +.00000008 +00000-0 +23722-4 0  9995,2 29499 098.6937 255.4639 0002339 079.8340 275.1999 14.21497479505032
1 29499U 06044A   16197.89385418  .00000005  00000-0  22354-4 0  9992,2 29499  98.6937 256.4336 0002321  78.4053 271.6903 14.21497549505353
1 29499U 06044A   16197.96667824 +.00000005 +00000-0 +22188-4 0  9999,2 29499 098.6937 256.5053 0002320 078.3300 284.2245 14.21497556505192
1 29499U 06044A   16198.94821759 +.00000008 +00000-0 +23588-4 0  9995,2 29499 098.6936 257.4721 0002300 076.9018 265.7381 14.21497681505320
1 29499U 06044A   16199.96187648 +.00000022 +00000-0 +30108-4 0  9992,2 29499 098.6935 258.4705 0002278 075.4372 051.5642 14.21497857505475
1 29499U 06044A   16200.94693676 +.00000012 +00000-0 +25602-4 0  9998,2 29499 098.6935 259.4407 0002255 073.9965 051.0991 14.21497921505611
1 29499U 06044A   16201.90775463  .00000012  00000-0  25612-4 0  9991,2 29499  98.6934 260.3870 0002230  72.5859 286.6164 14.21498015505922
1 29499U 06044A   16203.18973475  .00000022  00000-0  29941-4 0  9996,2 29499  98.6932 261.6496 0002203  70.7459   5.1496 14.21498232506119
1 29499U 06044A   16204.53335867  .00000022  00000-0  30159-4 0  9996,2 29499  98.6931 262.9730 0002164  68.8343  39.0327 14.21498439506308
1 29499U 06044A   16204.93145833 +.00000014 +00000-0 +26507-4 0  9995,2 29499 098.6931 263.3651 0002149 068.2257 275.7243 14.21498461506172
1 29499U 06044A   16205.88105045  .00000011  00000-0  25017-4 0  9993,2 29499  98.6930 264.3003 0002114  66.7638  93.8808 14.21498567506499
1 29499U 06044A   16205.95207237 +.00000008 +00000-0 +23407-4 0  9994,2 29499 098.6930 264.3703 0002113 066.6585 097.2281 14.21498562506325
1 29499U 06044A   16207.20043848  .00000002  00000-0  20884-4 0  9990,2 29499  98.6928 265.5998 0002080  64.8180   3.8450 14.21498687506683
1 29499U 06044A   16208.55111356  .00000001  00000-0  20355-4 0  9991,2 29499  98.6927 266.9300 0002039  63.0210  73.6787 14.21498822506873
1 29499U 06044A   16208.94518519 -.00000007 +00000-0 +16969-4 0  9999,2 29499 098.6927 267.3181 0002023 062.3118 289.8699 14.21498841506747
1 29499U 06044A   16209.88467380 -.00000009  00000-0  15627-4 0  9994,2 29499  98.6926 268.2433 0001994  60.8480  56.3548 14.21498921507062
1 29499U 06044A   16209.92978009 -.00000009 +00000-0 +15701-4 0  9997,2 29499 098.6926 268.2878 0001993 060.7775 287.1219 14.21498923506880
1 29499U 06044A   16210.77683873  .00000041  00000-0  18900-4 0  9993,2 29499  98.6918 269.1195 0001996  47.9455 312.2365 14.21498908508098
1 29499U 06044A   16211.49242084 -.00000012  00000-0  14517-4 0  9997,2 29499  98.6925 269.8267 0001937  58.4833   1.5536 14.21499002507290
1 29499U 06044A   16211.90116898 -.00000012 +00000-0 +14507-4 0  9995,2 29499 098.6924 270.2293 0001920 057.8689 292.7133 14.21499017507167
1 29499U 06044A   16212.88932870 -.00000003  00000-0  18672-4 0  9996,2 29499  98.6924 271.2024 0001878  56.4333 308.0994 14.21499115507494
1 29499U 06044A   16212.95480324 +.00000000 +00000-0 +20013-4 0  9994,2 29499 098.6924 271.2669 0001875 056.2849 283.1178 14.21499128507318
1 29499U 06044A   16214.24012006  .00000002  00000-0  21088-4 0  9991,2 29499  98.6923 272.5327 0001822  54.3943  18.7714 14.21499272507686
1 29499U 06044A   16215.51413065  .00000004  00000-0  21770-4 0  9992,2 29499  98.6922 273.7873 0001772  52.5810  56.5226 14.21499363507860
1 29499U 06044A   16215.91280093 +.00000009 +00000-0 +24133-4 0  9990,2 29499 098.6921 274.1799 0001752 051.9830 296.1232 14.21499404507735
1 29499U 06044A   16216.89871529  .00000013  00000-0  26021-4 0  9991,2 29499  98.6920 275.1508 0001707  50.5556 300.0186 14.21499505508054
1 29499U 06044A   16216.96858796 +.00000016 +00000-0 +27346-4 0  9994,2 29499 098.6920 275.2196 0001704 050.4369 297.5017 14.21499525507881
1 29499U 06044A   16217.90701256  .00000012  00000-0  25376-4 0  9994,2 29499  98.6919 276.1437 0001663  49.1776  58.3425 14.21499613508209
1 29499U 06044A   16219.15782869  .00000008  00000-0  23746-4 0  9996,2 29499  98.6917 277.3755 0001608  47.1697 337.6620 14.21499788508384
1 29499U 06044A   16220.51224199  .00000007  00000-0  23108-4 0  9996,2 29499  98.6915 278.7092 0001546  45.2728  66.7201 14.21499926508576
1 29499U 06044A   16220.93610133 +.00000006 +00000-0 +22768-4 0  9999,2 29499 098.6915 279.1265 0001525 044.5705 075.2556 14.21499957508456
1 29499U 06044A   16221.89780093 -.00000003  00000-0  18587-4 0  9990,2 29499  98.6913 280.0735 0001475  43.0712 315.3781 14.21500028508767
1 29499U 06044A   16221.97033565 +.00000000 +00000-0 +19963-4 0  9999,2 29499 098.6913 280.1449 0001472 042.9850 326.4441 14.21500049508600
1 29499U 06044A   16223.17735140  .00000001  00000-0  20473-4 0  9990,2 29499  98.6912 281.3334 0001408  41.2056  21.5195 14.21500213508954
1 29499U 06044A   16224.37525645  .00000003  00000-0  21295-4 0  9995,2 29499  98.6912 282.5130 0001351  39.4588  29.9660 14.21500353509121
1 29499U 06044A   16224.94941064 +.00000000 +00000-0 +19964-4 0  9992,2 29499 098.6911 283.0783 0001322 038.5052 087.4382 14.21500389509022
1 29499U 06044A   16225.93320782 +.00000005 +00000-0 +22136-4 0  9990,2 29499 098.6910 284.0470 0001274 036.9749 080.6113 14.21500472509161
1 29499U 06044A   16226.91811436 +.00000009 +00000-0 +23932-4 0  9999,2 29499 098.6910 285.0167 0001219 035.4505 079.4527 14.21500564509301
1 29499U 06044A   16227.94996529 +.00000004 +00000-0 +21615-4 0  9991,2 29499 098.6909 286.0327 0001164 033.8998 318.4183 14.21500651509441
1 29499U 06044A   16229.15947030  .00000019  00000-0  28670-4 0  9993,2 29499  98.6908 287.2236 0001097  31.9137  26.4341 14.21500859509803
1 29499U 06044A   16230.21945543  .00000013  00000-0  25701-4 0  9995,2 29499  98.6906 288.2672 0001042  30.3273  49.3291 14.21500929509952
1 29499U 06044A   16231.41251338  .00000020  00000-0  28930-4 0  9995,2 29499  98.6905 289.4418 0000975  28.4910  33.0774 14.21501051510126
1 29499U 06044A   16231.61167156  .00000786  00000-0  35955-3 0  9994,2 29499  98.6902 289.6377 0000963  31.7960 328.3765 14.21503330511053
1 29499U 06044A   16232.55343293  .00000018  00000-0  28169-4 0  9994,2 29499  98.6903 290.5651 0000907  26.6008 110.2175 14.21501187510289
1 29499U 06044A   16232.94611112 +.00000011 +00000-0 +25103-4 0  9993,2 29499 098.6902 290.9517 0000885 025.8863 319.2907 14.21501211510156
1 29499U 06044A   16233.88497944  .00000013  00000-0  25763-4 0  9996,2 29499  98.6901 291.8761 0000833  24.3409  82.6928 14.21501348510479
1 29499U 06044A   16233.95942307 +.00000016 +00000-0 +27371-4 0  9992,2 29499 098.6901 291.9493 0000829 024.3003 103.4765 14.21501368510302
1 29499U 06044A   16235.21675821  .00000005  00000-0  22454-4 0  9992,2 29499  98.6899 293.1872 0000757  21.9547  56.4830 14.21501485510668
1 29499U 06044A   16236.48111394 -.00000002  00000-0  19141-4 0  9999,2 29499  98.6898 294.4320 0000686  20.1546  44.8512 14.21501576510849
1 29499U 06044A   16236.90773539 -.00000004 +00000-0 +17979-4 0  9990,2 29499 098.6897 294.8520 0000662 019.3875 067.5810 14.21501610510722
1 29499U 06044A   16237.82375888 -.00000008  00000-0  16116-4 0  9993,2 29499  98.6896 295.7537 0000608  17.5834  74.4027 14.21501713511030
1 29499U 06044A   16237.88692595 -.00000009 +00000-0 +15842-4 0  9992,2 29499 098.6896 295.8159 0000604 017.5122 037.5430 14.21501714510866
1 29499U 06044A   16239.15372682 -.00000011  00000-0  14998-4 0  9990,2 29499  98.6894 297.0630 0000531  14.5473  39.5828 14.21501845511226
1 29499U 06044A   16240.21377756 -.00000008  00000-0  16384-4 0  9993,2 29499  98.6893 298.1066 0000468  11.8866  63.8916 14.21501925511378
1 29499U 06044A   16241.48847307  .00000001  00000-0  20551-4 0  9990,2 29499  98.6892 299.3614 0000389   8.6395 106.5915 14.21502030511554
1 29499U 06044A   16241.90926255 +.00000006 +00000-0 +22712-4 0  9993,2 29499 098.6892 299.7756 0000363 007.2957 100.0707 14.21502080511436
1 29499U 06044A   16242.82133652  .00000010  00000-0  24340-4 0  9990,2 29499  98.6891 300.6734 0000308   4.9341  87.2512 14.21502194511743
1 29499U 06044A   16242.96866209 +.00000013 +00000-0 +26020-4 0  9996,2 29499 098.6891 300.8185 0000299 004.2394 121.4453 14.21502225511587
1 29499U 06044A   16244.22646447  .00000026  00000-0  31722-4 0  9996,2 29499  98.6889 302.0566 0000225 359.6351  79.1035 14.21502400511940
1 29499U 06044A   16244.86768442  .00000021  00000-0  29886-4 0  9999,2 29499  98.7222 302.6811 0000515  23.7202  94.5280 14.21484693512034
1 29499U 06044A   16244.93872883 +.00000022 +00000-0 +30277-4 0  9999,2 29499 098.7222 302.7512 0000485 024.4400 097.1623 14.21484829511868
1 29499U 06044A   16245.47809332  .00001984  00000-0  90727-3 0  9991,2 29499  98.7213 303.2831 0000460  34.6845 325.4852 14.21489840513026
1 29499U 06044A   16246.20013416  .00000020  00000-0  29220-4 0  9994,2 29499  98.7221 303.9973 0000367  25.0846  67.9242 14.21484965512225
1 29499U 06044A   16247.54601951  .00000019  00000-0  28607-4 0  9995,2 29499  98.7219 305.3271 0000296  27.4453 109.0400 14.21485151512413
1 29499U 06044A   16247.94105324 +.00000031 +00000-0 +34021-4 0  9993,2 29499 098.7218 305.7174 0000272 026.4838 330.3861 14.21485245512287
1 29499U 06044A   16248.86835990  .00000030  00000-0  33592-4 0  9995,2 29499  98.7216 306.6336 0000220  26.3122  33.2312 14.21485396512606
1 29499U 06044A   16248.92409723 +.00000027 +00000-0 +32395-4 0  9999,2 29499 098.7216 306.6887 0000217 026.1402 318.4696 14.21485394512423
1 29499U 06044A   16249.90763889  .00000021  00000-0  29730-4 0  9997,2 29499  98.7214 307.6604 0000166  29.4655 305.4301 14.21485499512748
1 29499U 06044A   16251.11480044  .00000010  00000-0  24842-4 0  9999,2 29499  98.7212 308.8531 0000098  38.7772 350.0999 14.21485625512925
1 29499U 06044A   16252.17714275  .00000007  00000-0  23224-4 0  9991,2 29499  98.7211 309.9026 0000049  73.4658 348.7209 14.21485769513074
1 29499U 06044A   16253.52931078  .00000004  00000-0  22032-4 0  9996,2 29499  98.7210 311.2385 0000076 145.7336 352.0661 14.21485940513265
1 29499U 06044A   16253.87775382 +.00000003 +00000-0 +21480-4 0  9993,2 29499 098.7209 311.5827 0000089 154.0939 325.8048 14.21485962513130
1 29499U 06044A   16254.93321968 +.00000004 +00000-0 +21700-4 0  9994,2 29499 098.7208 312.6254 0000144 164.6228 313.4171 14.21486045513284
1 29499U 06044A   16255.84732941  .00000005  00000-0  22330-4 0  9993,2 29499  98.7207 313.5284 0000191 168.4526 304.7680 14.21486133513591
1 29499U 06044A   16255.91710647 +.00000006 +00000-0 +22844-4 0  9991,2 29499 098.7207 313.5974 0000195 168.8021 301.2908 14.21486140513420
1 29499U 06044A   16256.90425912 +.00000006 +00000-0 +22647-4 0  9990,2 29499 098.7206 314.5725 0000251 170.5057 308.3435 14.21486243513568
1 29499U 06044A   16257.89701786  .00000015  00000-0  27057-4 0  9995,2 29499  98.7205 315.5533 0000306 171.3401 344.9381 14.21486394513886
1 29499U 06044A   16257.97047329 +.00000020 +00000-0 +29433-4 0  9996,2 29499 098.7205 315.6258 0000311 171.1895 000.7738 14.21486418513714
1 29499U 06044A   16259.14401588  .00000019  00000-0  28568-4 0  9994,2 29499  98.7203 316.7851 0000375 171.4414 242.5641 14.21486547514064
1 29499U 06044A   16259.62620867 -.00000163  00000-0  00000+0 0  9997,2 29499  98.7195 317.2617 0000367 161.2973 198.8707 14.21487053515035
1 29499U 06044A   16260.20266334  .00000025  00000-0  31338-4 0  9997,2 29499  98.7201 317.8308 0000434 170.7617 257.6593 14.21486677514218
1 29499U 06044A   16261.55191519  .00000025  00000-0  31499-4 0  9996,2 29499  98.7199 319.1636 0000512 169.7756 319.3477 14.21486857514400
1 29499U 06044A   16261.94913194 +.00000022 +00000-0 +30189-4 0  9992,2 29499 098.7198 319.5560 0000532 169.6769 190.9980 14.21486895514284
1 29499U 06044A   16262.81556397  .00000025  00000-0  31484-4 0  9999,2 29499  98.7197 320.4118 0000574 168.8651 303.1475 14.21487048514581
1 29499U 06044A   16262.93398148 +.00000028 +00000-0 +32808-4 0  9994,2 29499 098.7197 320.5288 0000581 168.7576 188.8975 14.21487071514414
1 29499U 06044A   16263.91699074 +.00000024 +00000-0 +30969-4 0  9997,2 29499 098.7195 321.4997 0000639 167.5136 177.7102 14.21487211514552
1 29499U 06044A   16264.92813751 +.00000016 +00000-0 +27304-4 0  9999,2 29499 098.7193 322.4985 0000694 166.1923 310.5091 14.21487309514707
1 29499U 06044A   16265.91183756 +.00000013 +00000-0 +26028-4 0  9993,2 29499 098.7191 323.4701 0000751 165.3054 302.4984 14.21487429514841
1 29499U 06044A   16266.75683270  .00000008  00000-0  23946-4 0  9992,2 29499  98.7190 324.3047 0000796 164.3571 305.1476 14.21487550515140
1 29499U 06044A   16266.94662076  .00000055  00000-0  25358-4 0  9995,2 29499  98.7189 324.4903 0000605 161.3627 198.8043 14.21487419516072
1 29499U 06044A   16267.79128322  .00000056  00000-0  25677-4 0  9995,2 29499  98.7188 325.3247 0000649 160.9968 199.1705 14.21487553516194
1 29499U 06044A   16268.04261918 -.00000001  00000-0  19385-4 0  9993,2 29499  98.7188 325.5746 0000859 162.8801  42.7393 14.21487654515322
1 29499U 06044A   16269.21383506  .00000015  00000-0  27131-4 0  9993,2 29499  98.7187 326.7314 0000917 161.6295 274.1374 14.21487837515495
1 29499U 06044A   16270.47827935  .00000011  00000-0  25121-4 0  9995,2 29499  98.7186 327.9802 0000985 159.7596 262.9691 14.21487925515671
1 29499U 06044A   16270.74760187  .00000028  00000-0  12644-4 0  9994,2 29499  98.7181 328.2442 0000853 158.3152 201.8542 14.21487741516615
1 29499U 06044A   16272.10236509  .00000023  00000-0  30666-4 0  9991,2 29499  98.7184 329.5841 0001067 157.3593 291.7072 14.21488174515909
1 29499U 06044A   16272.64809257  .00000030  00000-0  13782-4 0  9994,2 29499  98.7179 330.1212 0000904 157.3642 202.8063 14.21487868516887
1 29499U 06044A   16272.71848113  .00000031  00000-0  14033-4 0  9997,2 29499  98.7179 330.1908 0000906 157.0968 203.0737 14.21487870516894
1 29499U 06044A   16272.92815972 +.00000020 +00000-0 +29180-4 0  9994,2 29499 098.7183 330.3996 0001106 156.2739 196.2950 14.21488259515833
1 29499U 06044A   16273.91324074 +.00000034 +00000-0 +35422-4 0  9993,2 29499 098.7181 331.3724 0001151 154.9247 195.8127 14.21488417515972
1 29499U 06044A   16274.92259557 +.00000026 +00000-0 +31860-4 0  9991,2 29499 098.7179 332.3692 0001196 153.5912 319.4627 14.21488498516123
1 29499U 06044A   16275.82816767  .00000029  00000-0  33123-4 0  9990,2 29499  98.7177 333.2635 0001238 152.5446 272.0325 14.21488648516436
1 29499U 06044A   16275.95706019 +.00000030 +00000-0 +33791-4 0  9995,2 29499 098.7177 333.3908 0001244 152.4142 211.3802 14.21488671516273
1 29499U 06044A   16277.23768258  .00000034  00000-0  35605-4 0  9991,2 29499  98.7174 334.6554 0001302 150.7578 282.7452 14.21488928516638
1 29499U 06044A   16278.51161747  .00000022  00000-0  30182-4 0  9995,2 29499  98.7172 335.9134 0001359 148.7732 320.2362 14.21489070516812
1 29499U 06044A   16278.90818287 +.00000019 +00000-0 +28535-4 0  9991,2 29499 098.7171 336.3049 0001378 148.2135 189.0194 14.21489103516680
