1 41179U 15081A   15356.14759537 -.00000210  00000-0  00000+0 0  9991,2 41179  46.9986   2.3843 0031355  19.4351  92.7125 14.78037346    16
1 41179U 15081A   15356.46454640 -.00000211  00000-0  00000+0 0  9994,2 41179  47.0014   0.8293 0035445  21.8881 338.3376 14.78137568    60
1 41179U 15081A   15356.46454906 -.00000209  00000-0  00000+0 0  9996,2 41179  47.0036   0.8407 0031064  22.8438 337.1776 14.77929517    66
1 41179U 15081A   15356.46458765 -.00000210  00000-0  00000+0 0  9995,2 41179  47.0002   0.8440 0032199  21.9969 338.2178 14.77926642    69
1 41179U 15081A   15356.46458992  .00000525  00000-0  10000-3 0  9990,2 41179  47.0002   0.8440 0032198  21.9962 338.2307 14.77926902    64
1 41179U 15081A   15356.93780782  .00001430  00000-0  22300-3 0  9999,2 41179  47.0002 358.5366 0032198  24.2351 336.0091 14.77931096   136
1 41179U 15081A   15357.61383287  .00000525  00000-0  10000-3 0  9992,2 41179  47.0029 355.2376 0031096  27.7890 332.4768 14.77928411   231
1 41179U 15081A   15357.81663824 -.00002060 +00000-0 -25208-3 0  9996,2 41179 047.0030 354.2491 0031120 028.8227 331.4259 14.77922927000267
1 41179U 15081A   15358.89827586  .00000895  00000-0  15030-3 0  9996,2 41179  47.0025 348.9774 0031013  33.8016 326.4817 14.77931818   429
1 41179U 15081A   15359.97991179  .00001061  00000-0  17288-3 0  9999,2 41179  47.0026 343.7041 0031045  38.9027 321.4097 14.77935156   584
1 41179U 15081A   15360.99394223  .00001057  00000-0  17233-3 0  9995,2 41179  47.0025 338.7603 0031091  43.6934 316.6377 14.77937723   738
1 41179U 15081A   15362.00797217  .00000686  00000-0  12190-3 0  9993,2 41179  47.0025 333.8173 0031186  48.2883 312.0564 14.77938078   883
1 41179U 15081A   15363.36002017 -.00000679  00000-0 -63912-4 0  9993,2 41179  47.0027 327.2292 0031410  54.9634 305.4197 14.77932394  1088
1 41179U 15081A   15363.69803123 -.00000685 +00000-0 -64709-4 0  9998,2 41179 047.0028 325.5813 0031407 056.5678 303.8213 14.77932070001139
1 41179U 15081A   15364.50925743 -.00000785  00000-0 -78310-4 0  9996,2 41179  47.0027 321.6275 0031314  60.6596 299.7419 14.77931143  1253
1 41179U 15081A   15364.91487079 -.00000668 +00000-0 -62354-4 0  9997,2 41179 047.0026 319.6508 0031186 062.7459 297.6656 14.77931408001317
1 41179U 15081A   15365.86129774 +.00000049 +00000-0 +35181-4 0  9996,2 41179 047.0031 315.0382 0031301 067.2975 293.1246 14.77934918001455
1 41179U 15081A   16001.13170531 -.00000008  00000-0  27488-4 0  9998,2 41179  47.0036 313.7185 0031464  68.2324 292.1834 14.77934317  1494
1 41179U 15081A   16002.14574404 -.00001252  00000-0 -14196-3 0  9991,2 41179  47.0046 308.7761 0031131  73.5243 286.9014 14.77926221  1642
1 41179U 15081A   16002.41615459 -.00006635  00000-0 -87653-3 0  9995,2 41179  47.0039 307.4616 0030593  75.3749 284.9171 14.77894237  1688
1 41179U 15081A   16003.02461864 -.00008939  00000-0 -11907-2 0  9999,2 41179  47.0028 304.4962 0032121  75.8941 284.4751 14.77872770  1772
1 41179U 15081A   16003.43027299 -.00017147  00000-0 -23179-2 0  9999,2 41179  47.0038 302.5205 0030487  82.7104 277.6653 14.77824475  1834
1 41179U 15081A   16003.97114373 -.00028829  00000-0 -39315-2 0  9996,2 41179  47.0040 299.8851 0030403  85.5846 274.5311 14.77734885  1915
1 41179U 15081A   16004.37689758 -.00040346  00000-0 -55416-2 0  9993,2 41179  47.0029 297.9128 0027288  87.6484 272.7453 14.77657263  1973
1 41179U 15081A   16004.78259115 -.00040485 +00000-0 -55653-2 0  9995,2 41179 047.0036 295.9370 0027299 089.7714 270.6285 14.77623778002031
1 41179U 15081A   16007.01405920 -.00083759  00000-0 -11788-1 0  9992,2 41179  46.9946 285.0643 0027298 101.7308 255.7821 14.77006143  2362
1 41179U 15081A   16007.21753628 -.00067141  00000-0 -94145-2 0  9991,2 41179  46.9892 284.0541 0028137  99.4584 260.9973 14.77016763  2398
1 41179U 15081A   16007.75864861  .00000687  00000-0  95401-4 0  9990,2 41179  47.0001 281.4508 0027278 100.3993 260.0478 14.77100790  2471
1 41179U 15081A   16007.96161915 -.00038507  00000-0 -53644-2 0  9998,2 41179  46.9928 280.4331 0027420 100.5274 260.1190 14.77035141  2506
1 41179U 15081A   16008.77331015 -.00044234  00000-0 -61817-2 0  9993,2 41179  46.9999 276.4951 0028560 105.6931 254.6083 14.76942442  2621
1 41179U 15081A   16010.80286966 -.00135821  00000-0 -19668-1 0  9993,2 41179  47.0012 266.6357 0026618 119.7857 237.4092 14.76166777  2926
1 41179U 15081A   16012.08968768 -.00170637  00000-0 -25222-1 0  9999,2 41179  47.0045 260.3823 0021776 122.5462 237.4979 14.75609833  3115
1 41179U 15081A   16012.83459553 -.00159859  00000-0 -23741-1 0  9996,2 41179  47.0153 256.7907 0018937 100.4439 259.7921 14.75382966  3222
1 41179U 15081A   16013.03776954 -.00171939  00000-0 -25637-1 0  9995,2 41179  47.0078 255.7830 0020866 127.1155 233.1422 14.75262799  3253
1 41179U 15081A   16013.85054579 -.00173172  00000-0 -26010-1 0  9994,2 41179  47.0061 251.8433 0020412 129.5784 230.6509 14.74965555  3372
1 41179U 15081A   16014.12151768 -.00175315  00000-0 -26414-1 0  9992,2 41179  47.0034 250.5302 0019740 132.2387 228.0013 14.74856398  3415
1 41179U 15081A   16014.79900717 -.00176456  00000-0 -26755-1 0  9996,2 41179  47.0043 247.2374 0019065 133.2681 226.9402 14.74602619  3510
1 41179U 15081A   16015.00228386 -.00178091  00000-0 -27072-1 0  9996,2 41179  47.0025 246.2532 0018177 134.0807 226.1164 14.74518056  3548
1 41179U 15081A   16015.67993549 -.00253674  00000-0 -39389-1 0  9994,2 41179  46.9955 242.9774 0014620 141.8705 218.4886 14.74142229  3642
1 41179U 15081A   16016.08654262  .00022769  00000-0  34209-2 0  9990,2 41179  46.9996 241.0086 0014728 143.2064 216.9885 14.74215353  3704
1 41179U 15081A   16016.83204185  .00002748  00000-0  44014-3 0  9999,2 41179  47.0001 237.3953 0015012 146.9331 213.2412 14.74209183  3810
1 41179U 15081A   16017.84863669  .00000354  00000-0  82498-4 0  9999,2 41179  47.0002 232.4675 0014814 151.7088 208.4605 14.74207391  3965
1 41179U 15081A   16018.93300136 -.00023827  00000-0 -35539-2 0  9999,2 41179  47.0044 227.2064 0014489 168.9024 190.8354 14.74096035  4128
1 41179U 15081A   16019.20418661 -.00160481  00000-0 -24761-1 0  9995,2 41179  47.0044 225.8922 0014492 170.1735 189.6785 14.73810777  4167
1 41179U 15081A   16021.57739692 -.00174368  00000-0  00000+0 0  9994,2 41179  47.0043 214.3751 0010249 179.8670 180.2868 14.73100903  4521
1 41179U 15081A   16021.91669511 -.00296942  00000-0 -48065-1 0  9993,2 41179  47.0044 212.7627 0014690 182.6528 177.9804 14.72630353  4567
1 41179U 15081A   16022.93449087 -.00272312  00000-0 -44483-1 0  9995,2 41179  47.0050 207.8529 0007200 213.9235 146.5883 14.72149878  4715
1 41179U 15081A   16023.95261790 -.00289075  00000-0 -48043-1 0  9991,2 41179  47.0013 202.9591 0013623 179.2667 180.2849 14.71451727  4869
1 41179U 15081A   16025.85465275 -.00280985  00000-0 -47902-1 0  9990,2 41179  46.9932 193.7801 0006482 288.1589  72.3324 14.70358290  5147
1 41179U 15081A   16026.05842357 -.00296076  00000-0 -50757-1 0  9993,2 41179  46.9907 192.7868 0008281 305.0774  54.8749 14.70201441  5179
1 41179U 15081A   16026.39824841 -.00341534  00000-0 -59398-1 0  9998,2 41179  46.9958 191.1498 0010367 319.6841  40.0290 14.69853837  5225
1 41179U 15081A   16026.53422380  .00002334  00000-0  41563-3 0  9993,2 41179  46.9976 190.5063 0007522 253.3754 106.6310 14.70023080  5247
1 41179U 15081A   16026.87405406 -.00328509  00000-0 -57441-1 0  9997,2 41179  46.9945 188.8655 0007996 301.4930  58.0105 14.69554133  5299
1 41179U 15081A   16027.82619184 -.00148561  00000-0 -25346-1 0  9990,2 41179  46.9892 184.2811 0010033 268.3647  92.8913 14.69410762  5434
1 41179U 15081A   16028.71001510 -.00193145  00000-0  00000+0 0  9992,2 41179  46.9999 180.0187 0009194 264.2707  95.7795 14.69035623  5563
1 41179U 15081A   16028.84597342 -.00305762  00000-0 -54208-1 0  9991,2 41179  46.9821 179.3901 0013017 279.5438  79.8077 14.68751286  5588
1 41179U 15081A   16029.39034930 -.00260213  00000-0 -46230-1 0  9998,2 41179  46.9950 176.7824 0009204 285.7065  74.0806 14.68394910  5667
1 41179U 15081A   16029.86672460 -.00329729  00000-0 -59755-1 0  9990,2 41179  46.9975 174.4932 0008864 285.4430  74.3285 14.67986447  5736
1 41179U 15081A   16030.81982707 -.00265957  00000-0 -48261-1 0  9997,2 41179  47.0012 169.9218 0004459 291.1005  69.3051 14.67533652  5870
1 41179U 15081A   16032.93112099  .00007060  00000-0  12643-2 0  9994,2 41179  47.0057 159.8008 0006857 295.6530  69.1296 14.67463674  6180
1 41179U 15081A   16033.74724081  .00000334  00000-0  90693-4 0  9994,2 41179  47.0022 155.8838 0006174 298.2528  61.7740 14.67458955  6309
1 41179U 15081A   16033.81532584  .00000595  00000-0  13622-3 0  9992,2 41179  47.0026 155.5578 0006240 299.4110  60.6147 14.67459602  6315
1 41179U 15081A   16034.29204559  .00002872  00000-0  53785-3 0  9997,2 41179  46.9985 153.2753 0004999 296.8163  63.2214 14.67116960  6383
1 41179U 15081A   16034.76875167 -.00103759  00000-0 -18547-1 0  9991,2 41179  46.9904 150.9854 0007990 159.6704 200.4620 14.67055848  6452
1 41179U 15081A   16035.38170908 -.00142270  00000-0 -25766-1 0  9993,2 41179  46.9931 148.0731 0002057 258.3123 101.3089 14.66780075  6549
1 41179U 15081A   16035.58615063  .00000118  00000-0  20949-4 0  9994,2 41179  46.9988 147.0771 0005236 282.9492  77.1296 14.66806385  6585
1 41179U 15081A   16035.72238798  .00041553  00000-0  73520-2 0  9995,2 41179  47.0009 146.4208 0004903 280.5017  79.6191 14.66823338  6595
1 41179U 15081A   16037.22129956 -.00205649  00000-0 -38221-1 0  9995,2 41179  47.0023 139.2469 0004460 270.8521  88.9388 14.66065223  6817
1 41179U 15081A   16037.42580183 -.00196998  00000-0 -36617-1 0  9993,2 41179  46.9988 138.2711 0004500 266.1638  93.9068 14.66000233  6840
1 41179U 15081A   16037.63025984 -.00164343  00000-0 -30385-1 0  9994,2 41179  47.0014 137.2977 0004630 213.1695 147.0301 14.66010365  6875
1 41179U 15081A   16037.69838626 -.00160034  00000-0 -29577-1 0  9999,2 41179  47.0013 136.9727 0004151 212.8893 147.1827 14.65999600  6889
1 41179U 15081A   16038.51628954 -.00156000  00000-0 -28979-1 0  9995,2 41179  47.0008 133.0604 0003667 219.9720 140.1029 14.65746153  7008
1 41179U 15081A   16038.65261839 -.00154485 +00000-0 -28715-1 0  9998,2 41179 047.0020 132.4109 0003420 214.8427 145.2322 14.65708757007022
1 41179U 15081A   16039.60704661 -.00152943  00000-0 -28611-1 0  9991,2 41179  47.0018 127.8472 0003530 222.5172 137.5798 14.65412743  7168
1 41179U 15081A   16042.53880655 -.00025247  00000-0  00000+0 0  9990,2 41179  47.0041 113.8322 0006480 278.5061  81.5609 14.64887009  7594
1 41179U 15081A   16042.67614715 -.00346983  00000-0 -67341-1 0  9994,2 41179  47.0051 113.1748 0006879 286.9165  78.0288 14.64735773  7617
1 41179U 15081A   16043.49410186 -.00432571  00000-0 -85841-1 0  9995,2 41179  47.0051 109.2723 0006972 290.8058  69.4567 14.63860800  7731
1 41179U 15081A   16044.65476352 -.00328418  00000-0 -66311-1 0  9996,2 41179  47.0051 103.7433 0007108 296.3827  64.8089 14.63192939  7903
1 41179U 15081A   16045.47420531 -.00359255  00000-0 -73461-1 0  9992,2 41179  47.0073  99.8469 0004686  32.7801 327.3197 14.62481995  8026
1 41179U 15081A   16045.54252700 -.00356631  00000-0 -72966-1 0  9995,2 41179  47.0073  99.5219 0004692  33.1352 327.0110 14.62440942  8039
1 41179U 15081A   16046.29417444 -.00333208  00000-0 -68659-1 0  9995,2 41179  47.0045  95.9595 0001331   0.2374   0.3660 14.61998012  8149
1 41179U 15081A   16047.45615151 -.00323408  00000-0 -68233-1 0  9998,2 41179  47.0066  90.4299 0002267 315.1136  44.9306 14.61207489  8317
1 41179U 15081A   16048.07163364 -.00324807  00000-0 -69197-1 0  9995,2 41179  47.0171  87.4925 0004553 288.2619  71.7492 14.60767498  8406
1 41179U 15081A   16048.55051291 -.00333338  00000-0 -71151-1 0  9995,2 41179  47.0171  85.2081 0005997 294.5974  65.3760 14.60383131  8474
1 41179U 15081A   16049.37167031 -.00337117  00000-0 -72995-1 0  9992,2 41179  47.0174  81.3068 0005746 297.9970  61.7659 14.59757011  8594
1 41179U 15081A   16049.57710648  .00000572  00000-0  15467-3 0  9995,2 41179  46.9986  80.3802 0000915 290.9623  69.1165 14.59694591  8620
1 41179U 15081A   16052.52035194 -.00000141  00000-0  64743-5 0  9996,2 41179  46.9988  66.4442 0000856 293.8263  66.2533 14.59696296  9052
1 41179U 15081A   16053.41016847 +.00000265 +00000-0 +90799-4 0  9994,2 41179 046.9993 062.2261 0000816 281.1514 078.9284 14.59697636009182
1 41179U 15081A   16054.91601183 -.00632050  00000-0 -14389+0 0  9994,2 41179  46.9883  55.1207 0011035 268.6794  87.6017 14.58138861  9401
1 41179U 15081A   16055.87642191 -.00486235  00000-0 -11231+0 0  9999,2 41179  46.9930  50.5782 0010386 273.6158  86.8211 14.57224775  9540
1 41179U 15081A   16056.56227236 -.00564875  00000-0  00000+0 0  9993,2 41179  46.9830  47.2800 0012035 301.9219  58.1430 14.56291841  9642
1 41179U 15081A   16056.76806950 -.00515300  00000-0  00000+0 0  9990,2 41179  46.9818  46.3043 0010377 303.6128  56.4653 14.56182926  9676
1 41179U 15081A   16056.97377307 -.00527394  00000-0 -12500+0 0  9997,2 41179  46.9930  45.4050 0010569 278.6557  80.3834 14.55841664  9700
1 41179U 15081A   16057.38580143 -.00526410  00000-0 -12604+0 0  9990,2 41179  46.9930  43.4659 0010644 280.5629  79.4085 14.55368552  9762
1 41179U 15081A   16057.38580826 -.00000160  00000-0  18058-5 0  9991,2 41179  46.9993  43.4699 0008237 258.8303 101.1655 14.55559772  9769
1 41179U 15081A   16057.86630401 -.00503880  00000-0 -12235+0 0  9992,2 41179  46.9988  41.1609 0019094 320.1947  39.1518 14.54906738  9832
1 41179U 15081A   16058.48463747 -.00502168  00000-0 -12373+0 0  9999,2 41179  46.9988  38.2560 0019258 323.1197  36.8081 14.54220583  9923
1 41179U 15081A   16059.03439307 -.00490596  00000-0 -12214+0 0  9991,2 41179  46.9967  35.6840 0019094 318.8332  41.2958 14.53680728 10006
1 41179U 15081A   16061.92398532 -.00511244  00000-0 -13393+0 0  9999,2 41179  47.0123  22.1758 0010673 280.7000  83.3527 14.51113309 10423
1 41179U 15081A   16062.88748568 -.00475957  00000-0 -12770+0 0  9991,2 41179  46.9766  17.6676 0018658 318.0033  41.7974 14.50112179 10566
1 41179U 15081A   16063.85244045 -.00873464  00000-0 -24260+0 0  9992,2 41179  46.9948  13.2186 0009359 310.3422  49.3740 14.48905177 10707
1 41179U 15081A   16063.92145700 -.01027966  00000-0 -29020+0 0  9996,2 41179  46.9994  12.8979 0008074 328.3323  31.6119 14.48645650 10717
1 41179U 15081A   16064.88776136 -.00515066  00000-0 -14426+0 0  9991,2 41179  46.9921   8.3920 0013306 293.4074  69.7770 14.47945587 10853
1 41179U 15081A   16065.16318397 -.00516939  00000-0 -14574+0 0  9998,2 41179  46.9861   7.1152 0013374 291.1984  68.7307 14.47635466 10891
1 41179U 15081A   16065.37025839 -.00539640  00000-0 -15343+0 0  9996,2 41179  46.9861   6.1531 0013416 292.1537  67.6388 14.47334339 10929
1 41179U 15081A   16065.43932244 -.00533112  00000-0 -15166+0 0  9991,2 41179  46.9870   5.8391 0013720 284.3457  75.6528 14.47273340 10931
1 41179U 15081A   16066.95898088  .00000808  00000-0  26027-3 0  9997,2 41179  47.0006 358.7785 0009103 252.9863 113.1245 14.47548731 11151
1 41179U 15081A   16067.92412235 -.00071169  00000-0 -19399-1 0  9993,2 41179  47.0056 354.3021 0010248 236.2185 123.4460 14.47374937 11298
1 41179U 15081A   16070.54769810 -.00522343  00000-0 -15881+0 0  9994,2 41179  47.0065 342.1242 0014914 293.2313  49.9276 14.43988454 11678
1 41179U 15081A   16071.93550718 -.00417929  00000-0 -12997+0 0  9991,2 41179  47.0068 335.7589 0007515 288.0958  72.6507 14.42792628 11876
1 41179U 15081A   16073.80617651 -.00001831  00000-0 -49421-3 0  9996,2 41179  47.0016 327.1338 0002802 308.6811  59.2169 14.43142434 12148
1 41179U 15081A   16075.12011019 -.00000141  00000-0  47647-5 0  9991,2 41179  47.0016 321.0740 0002803 314.5647  45.5267 14.43145556 12338
1 41179U 15081A   16076.15860592  .00000016  00000-0  51146-4 0  9991,2 41179  47.0036 316.2850 0002686 317.8278  42.2398 14.43146670 12486
1 41179U 15081A   16076.78170652 +.00000011 +00000-0 +49675-4 0  9990,2 41179 047.0036 313.4113 0002687 320.7969 039.2711 14.43146843012575
1 41179U 15081A   16077.75097392  .00000033  00000-0  55940-4 0  9993,2 41179  47.0059 308.9435 0002501 326.0560  34.0140 14.43147646 12714
1 41179U 15081A   16078.85870798  .00000065  00000-0  65643-4 0  9990,2 41179  47.0067 303.8376 0002420 330.8838  29.1908 14.43148459 12879
1 41179U 15081A   16080.03567425  .00000177  00000-0  98545-4 0  9994,2 41179  47.0077 298.4105 0002463 339.2372  20.8397 14.43149704 13046
1 41179U 15081A   16080.10490773 +.00000201 +00000-0 +10559-3 0  9999,2 41179 047.0078 298.0922 0002488 340.1780 019.8997 14.43149898013050
1 41179U 15081A   16081.90497227 -.00000005  00000-0  44946-4 0  9990,2 41179  47.0071 289.7948 0002339 350.3744   9.6963 14.43149550 13310
1 41179U 15081A   16083.01270724  .00000020  00000-0  52184-4 0  9994,2 41179  47.0073 284.6879 0002154 352.9510   7.1359 14.43149982 13471
1 41179U 15081A   16084.88200419  .00000024  00000-0  53357-4 0  9991,2 41179  47.0086 276.0661 0002307   1.5321 358.5552 14.43150787 13749
1 41179U 15081A   16085.98973478 -.00000120  00000-0  10933-4 0  9996,2 41179  47.0024 270.9644 0001911 354.8141   5.2722 14.43150445 13903
1 41179U 15081A   16087.51286674 -.00000205  00000-0 -14068-4 0  9990,2 41179  47.0030 263.9398 0001899   5.7171 354.3738 14.43150109 14125
1 41179U 15081A   16087.72056631 -.00000289 +00000-0 -38881-4 0  9992,2 41179 047.0021 262.9817 0002018 004.4973 355.5896 14.43149394014155
1 41179U 15081A   16088.68983068 -.00000249  00000-0 -27245-4 0  9999,2 41179  47.0022 258.5130 0001760  11.1744 348.9123 14.43149790 14293
1 41179U 15081A   16089.86679512  .00000023  00000-0  53080-4 0  9990,2 41179  47.0024 253.0860 0001619  15.2196 344.8742 14.43151397 14461
1 41179U 15081A   16091.45915794  .00000116  00000-0  80553-4 0  9991,2 41179  47.0014 245.7465 0001569  27.4146 332.6825 14.43152519 14692
1 41179U 15081A   16091.59762400 +.00000021 +00000-0 +52449-4 0  9998,2 41179 047.0016 245.1087 0001361 026.6224 333.4717 14.43151985014714
1 41179U 15081A   16092.56688751  .00000102  00000-0  76492-4 0  9996,2 41179  47.0000 240.6401 0001243  27.5799 332.5133 14.43152571 14852
1 41179U 15081A   16092.84382018 +.00000267 +00000-0 +12501-3 0  9996,2 41179 047.0028 239.3666 0001225 039.1453 320.9532 14.43153934014898
1 41179U 15081A   16093.81308505  .00000211  00000-0  10869-3 0  9997,2 41179  47.0042 234.8984 0001630  38.2501 321.8513 14.43153911 15032
1 41179U 15081A   16094.85158186 -.00000134  00000-0  66252-5 0  9994,2 41179  47.0041 230.1085 0001770  44.9918 315.1098 14.43152819 15189
1 41179U 15081A   16096.51317607 -.00000133  00000-0  69689-5 0  9990,2 41179  47.0043 222.4483 0001753  53.9958 306.1085 14.43153390 15420
1 41179U 15081A   16097.75936957  .00000190  00000-0  10241-3 0  9992,2 41179  47.0044 216.7013 0001696  62.8865 297.2185 14.43155307 15609
1 41179U 15081A   16099.35172893 -.00000022  00000-0  39709-4 0  9997,2 41179  47.0049 209.3589 0001685  69.4147 290.6886 14.43154969 15837
1 41179U 15081A   16100.45945799 -.00000008  00000-0  43907-4 0  9993,2 41179  47.0061 204.2565 0001305  76.0270 284.0765 14.43155254 15997
1 41179U 15081A   16101.49795135  .00000259  00000-0  12283-3 0  9994,2 41179  47.0075 199.4696 0001352  72.4518 287.6492 14.43157273 16146
1 41179U 15081A   16101.63641748 +.00000424 +00000-0 +17130-3 0  9990,2 41179 047.0072 198.8306 0001395 069.3544 290.7491 14.43158006016166
1 41179U 15081A   16102.53644521  .00000234  00000-0  11533-3 0  9992,2 41179  47.0073 194.6803 0001365  79.2228 280.8802 14.43157805 16295
1 41179U 15081A   16103.64417210 -.00000224  00000-0 -19857-4 0  9997,2 41179  47.0075 189.5764 0001318 110.1357 249.9667 14.43156253 16451
1 41179U 15081A   16105.16729524  .00000152  00000-0  91281-4 0  9999,2 41179  47.0073 182.5541 0001268 115.9895 244.1148 14.43158511 16673
1 41179U 15081A   16106.34425174  .00000226  00000-0  11293-3 0  9990,2 41179  47.0060 177.1259 0001177 121.8246 238.2729 14.43159470 16843
1 41179U 15081A   16107.38274395  .00000441  00000-0  17641-3 0  9994,2 41179  47.0045 172.3372 0001227 124.7685 235.3388 14.43161473 16995
1 41179U 15081A   16108.35199684  .00001466  00000-0  47878-3 0  9992,2 41179  47.0049 167.8710 0001428 125.8779 234.2329 14.43168690 17131
1 41179U 15081A   16108.55969192 +.00001852 +00000-0 +59248-3 0  9996,2 41179 047.0049 166.9132 0001428 126.8082 233.2952 14.43170820017169
1 41179U 15081A   16109.52894167  .00001830  00000-0  58596-3 0  9994,2 41179  47.0045 162.4444 0001490 131.0017 229.0972 14.43174164 17303
1 41179U 15081A   16110.63665844  .00000588  00000-0  21983-3 0  9995,2 41179  47.0051 157.3370 0001370 136.2259 223.8711 14.43172024 17466
1 41179U 15081A   16112.09053565  .00000168  00000-0  95927-4 0  9992,2 41179  47.0051 150.6317 0001407 149.0074 211.0906 14.43171463 17675
1 41179U 15081A   16113.19825241 -.00000223  00000-0 -19630-4 0  9993,2 41179  47.0062 145.5243 0001478 153.7754 206.3182 14.43169721 17838
1 41179U 15081A   16114.30596824 -.00000026  00000-0  38613-4 0  9991,2 41179  47.0056 140.4168 0001501 155.9080 204.1880 14.43170908 17991
1 41179U 15081A   16115.48291462  .00000118  00000-0  81160-4 0  9997,2 41179  47.0047 134.9903 0001649 164.1367 195.9556 14.43171940 18163
1 41179U 15081A   16115.55214693 +.00000129 +00000-0 +84406-4 0  9994,2 41179 047.0049 134.6708 0001624 164.1709 195.9221 14.43172028018176
1 41179U 15081A   16116.52139806 -.00000043  00000-0  33514-4 0  9994,2 41179  47.0044 130.2023 0001738 166.4893 193.6033 14.43171548 18316
1 41179U 15081A   16118.18297120 -.00000130  00000-0  79707-5 0  9994,2 41179  47.0028 122.5426 0001717 173.8882 186.2033 14.43171338 18557
1 41179U 15081A   16119.22145251 -.00000049  00000-0  31919-4 0  9998,2 41179  47.0032 117.7538 0001824 179.6647 180.4204 14.43171885 18704
1 41179U 15081A   16120.32916709 -.00000055  00000-0  30026-4 0  9990,2 41179  47.0037 112.6469 0001789 183.9153 176.1679 14.43172186 18866
1 41179U 15081A   16121.43688240 -.00000058  00000-0  29074-4 0  9993,2 41179  47.0044 107.5411 0001783 189.1234 170.9613 14.43172371 19021
1 41179U 15081A   16121.92150734 -.00000144 +00000-0 +37191-5 0  9995,2 41179 047.0046 105.3065 0001824 192.4632 167.6196 14.43172094019097
1 41179U 15081A   16123.02922248 -.00000210  00000-0 -15791-4 0  9991,2 41179  47.0047 100.1993 0001891 198.5127 161.5696 14.43171719 19250
1 41179U 15081A   16124.13693495  .00000039  00000-0  57853-4 0  9995,2 41179  47.0050  95.0904 0001820 201.4507 158.6289 14.43173455 19418
1 41179U 15081A   16125.38311223  .00000175  00000-0  97887-4 0  9991,2 41179  47.0051  89.3457 0001820 205.8603 154.2185 14.43174692 19593
1 41179U 15081A   16127.11391377 -.00000132  00000-0  74483-5 0  9994,2 41179  47.0056  81.3659 0001985 213.0586 147.0151 14.43173942 19845
1 41179U 15081A   16128.15239361  .00000057  00000-0  62997-4 0  9994,2 41179  47.0061  76.5775 0002026 215.6648 144.4086 14.43175332 19999
1 41179U 15081A   16129.26010594  .00000094  00000-0  73880-4 0  9996,2 41179  47.0062  71.4734 0002109 218.8225 141.2492 14.43175875 20155
1 41179U 15081A   16130.29858627 -.00000051  00000-0  31144-4 0  9999,2 41179  47.0061  66.6859 0002159 222.8931 137.1780 14.43175629 20300
1 41179U 15081A   16130.71397818 +.00000079 +00000-0 +69699-4 0  9991,2 41179 047.0061 064.7702 0002159 224.7519 135.3245 14.43176673020361
1 41179U 15081A   16131.82168874  .00000127  00000-0  83597-4 0  9999,2 41179  47.0061  59.6624 0002281 227.5968 132.4740 14.43177145 20523
1 41179U 15081A   16132.30631186 +.00000236 +00000-0 +11584-3 0  9991,2 41179 047.0052 057.4296 0002180 230.5531 129.5154 14.43177913020598
1 41179U 15081A   16134.17557396  .00000054  00000-0  62188-4 0  9993,2 41179  47.0050  48.8113 0002301 236.3764 123.6905 14.43177731 20862
1 41179U 15081A   16135.21405308 -.00000022  00000-0  39672-4 0  9992,2 41179  47.0053  44.0249 0002155 238.2712 121.7960 14.43177865 21010
1 41179U 15081A   16135.76790784 +.00000077 +00000-0 +68939-4 0  9994,2 41179 047.0056 041.4710 0002135 240.1810 119.8871 14.43178708021090
1 41179U 15081A   16136.80638510  .00000279  00000-0  12848-3 0  9999,2 41179  47.0060  36.6824 0002088 244.2798 115.7884 14.43180205 21245
1 41179U 15081A   16138.05255717  .00000164  00000-0  94627-4 0  9991,2 41179  47.0053  30.9349 0002099 249.4595 110.6067 14.43180449 21427
1 41179U 15081A   16139.09103476  .00000009  00000-0  48951-4 0  9997,2 41179  47.0060  26.1492 0002003 255.4318 104.6311 14.43180044 21578
1 41179U 15081A   16139.64488960 -.00000075 +00000-0 +24074-4 0  9996,2 41179 047.0060 023.5956 0002121 254.3722 105.6940 14.43179887021653
1 41179U 15081A   16140.75259811 -.00000118  00000-0  11573-4 0  9999,2 41179  47.0060  18.4886 0002041 259.4493 100.6152 14.43180015 21813
1 41179U 15081A   16141.99876857  .00000124  00000-0  82725-4 0  9994,2 41179  47.0049  12.7465 0002241 260.0177 100.0469 14.43181731 21999
1 41179U 15081A   16143.03724456  .00000031  00000-0  55561-4 0  9993,2 41179  47.0050   7.9578 0002163 267.3970  92.6667 14.43181814 22142
1 41179U 15081A   16144.42187815  .00000051  00000-0  61382-4 0  9999,2 41179  47.0060   1.5716 0002229 268.5021  91.5630 14.43182542 22349
1 41179U 15081A   16144.62957265 +.00000117 +00000-0 +80693-4 0  9994,2 41179 047.0056 000.6143 0002265 268.3807 091.6838 14.43182992022371
1 41179U 15081A   16145.59881546  .00000116  00000-0  80518-4 0  9994,2 41179  47.0046 356.1462 0002423 269.8947  90.1682 14.43183331 22515
1 41179U 15081A   16145.66804656 +.00000086 +00000-0 +71733-4 0  9994,2 41179 047.0046 355.8270 0002431 269.8596 090.1998 14.43183190022521
1 41179U 15081A   16146.63728995 -.00000038  00000-0  35060-4 0  9994,2 41179  47.0046 351.3595 0002506 270.3989  89.6614 14.43183020 22663
1 41179U 15081A   16146.91421633 -.00000038 +00000-0 +35102-4 0  9991,2 41179 047.0044 350.0834 0002579 269.9446 090.1147 14.43183034022703
1 41179U 15081A   16148.02192258 -.00000140  00000-0  48487-5 0  9998,2 41179  47.0027 344.9794 0002713 270.4037  89.6526 14.43182591 22862
1 41179U 15081A   16149.54502004 -.00000172  00000-0 -43298-5 0  9991,2 41179  47.0031 337.9552 0002455 281.1955  78.8631 14.43182627 23084
1 41179U 15081A   16149.75271537 -.00000250 +00000-0 -27512-4 0  9995,2 41179 047.0043 336.9960 0002346 284.2970 075.7609 14.43182249023114
1 41179U 15081A   16150.72195881 -.00000087  00000-0  20525-4 0  9995,2 41179  47.0046 332.5274 0002144 292.9899  67.0736 14.43183490 23258
1 41179U 15081A   16151.96812872  .00000016  00000-0  50909-4 0  9998,2 41179  47.0059 326.7836 0001951 295.4463  64.6222 14.43184259 23438
1 41179U 15081A   16152.59121295 -.00000152 +00000-0 +13640-5 0  9994,2 41179 047.0064 323.9099 0001936 297.5979 062.4689 14.43183850023521
1 41179U 15081A   16153.28352921 -.00000055  00000-0  29996-4 0  9995,2 41179  47.0063 320.7172 0001902 299.4696  60.6005 14.43184403 23625
1 41179U 15081A   16153.56045538 +.00000028 +00000-0 +54452-4 0  9993,2 41179 047.0064 319.4410 0001892 296.3658 063.7087 14.43185188023667
1 41179U 15081A   16154.80662139  .00000091  00000-0  73249-4 0  9998,2 41179  47.0064 313.6943 0001904 301.1029  58.9622 14.43185827 23846
1 41179U 15081A   16155.91432710 -.00000054  00000-0  30262-4 0  9999,2 41179  47.0063 308.5877 0001784 301.9600  58.1103 14.43185540 24000
1 41179U 15081A   16157.43742178 -.00000094  00000-0  18556-4 0  9996,2 41179  47.0049 301.5671 0001866 310.9237  49.1485 14.43185573 24229
1 41179U 15081A   16157.85281100 +.00000048 +00000-0 +60309-4 0  9996,2 41179 047.0053 299.6517 0001852 314.8933 045.1802 14.43186247024285
1 41179U 15081A   16158.82205168  .00000059  00000-0  63705-4 0  9999,2 41179  47.0057 295.1825 0001783 315.4198  44.6538 14.43186722 24429
1 41179U 15081A   16159.86052410  .00000066  00000-0  65656-4 0  9999,2 41179  47.0056 290.3945 0001772 320.4541  39.6203 14.43187091 24573
1 41179U 15081A   16161.31438656 -.00000108  00000-0  14493-4 0  9993,2 41179  47.0064 283.6918 0001809 328.3536  31.7242 14.43186668 24787
1 41179U 15081A   16162.35285895 -.00000099  00000-0  17073-4 0  9999,2 41179  47.0060 278.9048 0001772 331.7754  28.3031 14.43186828 24936
1 41179U 15081A   16163.39133005  .00000232  00000-0  11470-3 0  9991,2 41179  47.0055 274.1161 0001828 336.8890  23.1948 14.43189037 25085
1 41179U 15081A   16164.49903189  .00000113  00000-0  79707-4 0  9997,2 41179  47.0056 269.0093 0001904 345.5212  14.5553 14.43188902 25247
1 41179U 15081A   16164.70672720 +.00000018 +00000-0 +51507-4 0  9997,2 41179 047.0054 268.0520 0001806 343.7567 016.3250 14.43188508025272
1 41179U 15081A   16165.67596702 -.00000077  00000-0  23718-4 0  9998,2 41179  47.0047 263.5835 0001785 346.5314  13.5508 14.43188310 25412
1 41179U 15081A   16166.71443829 -.00000106  00000-0  15085-4 0  9996,2 41179  47.0043 258.7954 0001659 348.3641  11.7200 14.43188277 25566
1 41179U 15081A   16167.19905815 -.00000029 +00000-0 +37629-4 0  9999,2 41179 047.0045 256.5602 0001652 349.0037 011.0836 14.43188791025631
1 41179U 15081A   16168.09906557  .00000167  00000-0  95436-4 0  9995,2 41179  47.0047 252.4102 0001671 351.0431   9.0446 14.43189967 25769
1 41179U 15081A   16169.13753546  .00000056  00000-0  62904-4 0  9990,2 41179  47.0050 247.6227 0001611 353.3891   6.6973 14.43189985 25911
1 41179U 15081A   16170.31446884 -.00000144  00000-0  36739-5 0  9993,2 41179  47.0042 242.1970 0001716 359.7941   0.2895 14.43189189 26087
1 41179U 15081A   16170.59139513 -.00000145 +00000-0 +34995-5 0  9994,2 41179 047.0040 240.9201 0001705 000.7237 359.3644 14.43189176026128
1 41179U 15081A   16172.18371605  .00000060  00000-0  63975-4 0  9995,2 41179  47.0040 233.5778 0001706   7.9388 352.1559 14.43190632 26352
1 41179U 15081A   16173.22218553 -.00000004  00000-0  45077-4 0  9995,2 41179  47.0045 228.7917 0001636   9.1400 350.9504 14.43190398 26501
1 41179U 15081A   16174.53758114 -.00000055  00000-0  30134-4 0  9996,2 41179  47.0040 222.7288 0001598  14.3285 345.7638 14.43190499 26699
1 41179U 15081A   16175.99143876  .00000004  00000-0  47473-4 0  9997,2 41179  47.0035 216.0257 0001485  20.7570 339.3402 14.43191093 26901
1 41179U 15081A   16177.16836936  .00000051  00000-0  61245-4 0  9999,2 41179  47.0022 210.5982 0001335  25.1558 334.9403 14.43191651 27071
1 41179U 15081A   16178.27606945 -.00000073  00000-0  24704-4 0  9991,2 41179  47.0016 205.4905 0001336  33.4453 326.6478 14.43191151 27232
1 41179U 15081A   16179.31453866 -.00000102  00000-0  16330-4 0  9998,2 41179  47.0019 200.7022 0001273  38.4861 321.6101 14.43191280 27388
1 41179U 15081A   16180.42223787  .00000217  00000-0  11032-3 0  9998,2 41179  47.0023 195.5931 0001251  43.5348 316.5651 14.43193061 27546
1 41179U 15081A   16180.49146863 +.00000196 +00000-0 +10397-3 0  9993,2 41179 047.0025 195.2741 0001247 043.1232 316.9737 14.43192991027558
1 41179U 15081A   16181.52993644  .00000163  00000-0  94270-4 0  9992,2 41179  47.0036 190.4871 0001220  49.3528 310.7448 14.43193546 27703
1 41179U 15081A   16183.05302245 -.00000010  00000-0  43287-4 0  9997,2 41179  47.0042 183.4640 0001188  54.9432 305.1562 14.43193521 27927
1 41179U 15081A   16184.16072015  .00000013  00000-0  50194-4 0  9996,2 41179  47.0034 178.3587 0001023  68.0968 292.0007 14.43193994 28089
1 41179U 15081A   16185.33764824  .00000254  00000-0  12118-3 0  9992,2 41179  47.0021 172.9321 0001037  74.1594 285.9403 14.43195767 28259
1 41179U 15081A   16186.37611283  .00000305  00000-0  13611-3 0  9993,2 41179  47.0027 168.1440 0000936  84.1763 275.9213 14.43196905 28400
1 41179U 15081A   16186.79149880 +.00000303 +00000-0 +13561-3 0  9990,2 41179 047.0031 166.2295 0000935 085.4805 274.6172 14.43197315028464
1 41179U 15081A   16187.76073388 -.00000030  00000-0  37356-4 0  9994,2 41179  47.0035 161.7610 0000921  91.2730 268.8248 14.43196231 28607
1 41179U 15081A   16189.00689336 -.00000158  00000-0 -34789-6 0  9990,2 41179  47.0021 156.0144 0000975  83.4028 276.6966 14.43195687 28780
1 41179U 15081A   16190.04535814 -.00000065  00000-0  27140-4 0  9994,2 41179  47.0025 151.2254 0001010  85.4528 274.6455 14.43196316 28939
1 41179U 15081A   16191.29151704 -.00000108  00000-0  14514-4 0  9993,2 41179  47.0043 145.4803 0001139  90.0243 270.0761 14.43196429 29118
1 41179U 15081A   16191.84536538 -.00000103 +00000-0 +16044-4 0  9991,2 41179 047.0049 142.9278 0001101 097.3823 262.7196 14.43196559029197
1 41179U 15081A   16192.88382990 -.00000057  00000-0  29603-4 0  9990,2 41179  47.0046 138.1407 0001130 111.8920 248.2101 14.43197029 29342
1 41179U 15081A   16194.12998647  .00000030  00000-0  55232-4 0  9998,2 41179  47.0057 132.3944 0001201 123.7618 236.3372 14.43197750 29520
1 41179U 15081A   16195.30691209  .00000090  00000-0  72905-4 0  9995,2 41179  47.0064 126.9693 0001264 133.7849 226.3131 14.43198544 29696
1 41179U 15081A   16196.13768681 -.00000015  00000-0  41819-4 0  9994,2 41179  47.0035 123.1446 0001179 147.8486 212.2466 14.43185665 29816
1 41179U 15081A   16197.17616003  .00000093  00000-0  73743-4 0  9995,2 41179  47.0033 118.3568 0001182 152.9667 207.1274 14.43185600 29962
1 41179U 15081A   16198.21463270  .00000026  00000-0  53967-4 0  9999,2 41179  47.0033 113.5692 0001238 158.6238 201.4694 14.43185898 30117
1 41179U 15081A   16199.39156834 -.00000007  00000-0  44225-4 0  9991,2 41179  47.0034 108.1430 0001304 164.4290 195.6629 14.43186139 30284
1 41179U 15081A   16199.87618881 -.00000007 +00000-0 +44104-4 0  9995,2 41179 047.0034 105.9086 0001337 166.9204 193.1710 14.43186261030352
1 41179U 15081A   16200.84542957 -.00000030 +00000-0 +37503-4 0  9996,2 41179 047.0035 101.4400 0001399 171.2253 188.8651 14.43186422030494
1 41179U 15081A   16202.09159607 -.00000026  00000-0  38555-4 0  9994,2 41179  47.0035  95.6948 0001477 176.3291 183.7599 14.43186788 30670
1 41179U 15081A   16203.19929918 -.00000020  00000-0  40468-4 0  9996,2 41179  47.0036  90.5879 0001544 180.9675 179.1201 14.43187170 30833
1 41179U 15081A   16204.30700207 -.00000030  00000-0  37411-4 0  9993,2 41179  47.0037  85.4809 0001616 185.6787 174.4074 14.43187428 30995
1 41179U 15081A   16204.86085345 -.00000021 +00000-0 +40145-4 0  9991,2 41179 047.0037 082.9274 0001666 187.8438 172.2416 14.43187612031076
1 41179U 15081A   16205.83009325 -.00000029  00000-0  37664-4 0  9993,2 41179  47.0038  78.4588 0001719 191.6112 168.4728 14.43187839 31216
1 41179U 15081A   16205.89932467 -.00000029 +00000-0 +37651-4 0  9997,2 41179 047.0038 078.1397 0001722 191.8652 168.2187 14.43187854031221
1 41179U 15081A   16207.07625848 -.00000053  00000-0  30543-4 0  9991,2 41179  47.0037  72.7136 0001789 196.1883 163.8939 14.43188060 31392
1 41179U 15081A   16208.25319205 -.00000068  00000-0  26363-4 0  9990,2 41179  47.0037  67.2874 0001857 200.7131 159.3673 14.43188276 31567
1 41179U 15081A   16208.94550587 -.00000062 +00000-0 +28031-4 0  9994,2 41179 047.0037 064.0954 0001912 202.8638 157.2157 14.43188427031661
1 41179U 15081A   16209.77628240 -.00000071  00000-0  25361-4 0  9991,2 41179  47.0037  60.2651 0001967 205.7033 154.3749 14.43188531 31788
1 41179U 15081A   16210.95321576 -.00000078  00000-0  23214-4 0  9997,2 41179  47.0038  54.8389 0002031 209.7125 150.3639 14.43188684 31957
1 41179U 15081A   16211.99168623 -.00000085  00000-0  21110-4 0  9995,2 41179  47.0038  50.0509 0002072 213.7375 146.3373 14.43188799 32101
1 41179U 15081A   16213.51477615 -.00000091  00000-0  19419-4 0  9995,2 41179  47.0040  43.0287 0002158 219.0643 141.0081 14.43188925 32324
1 41179U 15081A   16214.55324648 -.00000090  00000-0  19611-4 0  9990,2 41179  47.0041  38.2409 0002209 222.6080 137.4629 14.43189048 32479
1 41179U 15081A   16214.89940325 -.00000092 +00000-0 +19268-4 0  9993,2 41179 047.0041 036.6450 0002225 223.6241 136.4463 14.43189089032521
1 41179U 15081A   16215.79941072 -.00000102  00000-0  16047-4 0  9997,2 41179  47.0042  32.4956 0002276 226.4539 133.6152 14.43189178 32651
1 41179U 15081A   16215.86864207 -.00000094 +00000-0 +18693-4 0  9998,2 41179 047.0042 032.1765 0002277 226.6616 133.4074 14.43189236032662
1 41179U 15081A   16216.83788084 -.00000104  00000-0  15585-4 0  9993,2 41179  47.0042  27.7079 0002314 229.9950 130.0726 14.43189305 32809
1 41179U 15081A   16216.90711216 -.00000094 +00000-0 +18617-4 0  9991,2 41179 047.0042 027.3887 0002320 230.1688 129.8988 14.43189378032818
1 41179U 15081A   16217.87635090 -.00000100  00000-0  16878-4 0  9998,2 41179  47.0043  22.9201 0002361 233.3534 126.7128 14.43189442 32959
1 41179U 15081A   16218.91482080 -.00000089  00000-0  19895-4 0  9991,2 41179  47.0043  18.1324 0002408 236.6802 123.3847 14.43189639 33105
1 41179U 15081A   16220.50714111 -.00000086  00000-0  20796-4 0  9991,2 41179  47.0044  10.7910 0002468 241.8818 118.1812 14.43189907 33333
1 41179U 15081A   16220.85329770 -.00000084 +00000-0 +21430-4 0  9996,2 41179 047.0044 009.1952 0002474 243.0107 117.0520 14.43189969033380
1 41179U 15081A   16221.82253597 -.00000076  00000-0  23858-4 0  9994,2 41179  47.0045   4.7265 0002516 246.0203 114.0413 14.43190156 33520
1 41179U 15081A   16221.89176725 -.00000074 +00000-0 +24402-4 0  9992,2 41179 047.0045 004.4074 0002519 246.2444 113.8171 14.43190186033539
1 41179U 15081A   16222.86100552 -.00000066  00000-0  26761-4 0  9996,2 41179  47.0046 359.9388 0002547 249.4464 110.6143 14.43190366 33673
1 41179U 15081A   16224.38409391 -.00000057  00000-0  29577-4 0  9996,2 41179  47.0046 352.9168 0002581 254.4938 105.5657 14.43190710 33892
1 41179U 15081A   16224.79948160 -.00000055 +00000-0 +29928-4 0  9991,2 41179 047.0047 351.0018 0002583 255.7968 104.2624 14.43190812033956
1 41179U 15081A   16225.76871940 -.00000045 +00000-0 +32860-4 0  9998,2 41179 047.0047 346.5333 0002600 258.8638 101.1950 14.43191071034095
1 41179U 15081A   16226.80718838 -.00000040 +00000-0 +34366-4 0  9998,2 41179 047.0046 341.7457 0002625 262.1548 097.9033 14.43191300034249
1 41179U 15081A   16227.77642601 -.00000043 +00000-0 +33440-4 0  9994,2 41179 047.0046 337.2772 0002637 265.2816 094.7762 14.43191484034386
1 41179U 15081A   16228.12258225 -.00000043  00000-0  33472-4 0  9994,2 41179  47.0046 335.6813 0002646 266.4860  93.5717 14.43191569 34433
1 41179U 15081A   16229.43797580 -.00000050  00000-0  31654-4 0  9999,2 41179  47.0044 329.6169 0002667 270.5692  89.4882 14.43191848 34628
1 41179U 15081A   16230.47644426 -.00000046  00000-0  32730-4 0  9996,2 41179  47.0043 324.8292 0002676 273.9359  86.1215 14.43192075 34771
1 41179U 15081A   16231.72260624 -.00000033  00000-0  36653-4 0  9993,2 41179  47.0042 319.0839 0002682 278.0387  82.0188 14.43192391 34952
1 41179U 15081A   16233.45338644 -.00000043  00000-0  33442-4 0  9997,2 41179  47.0040 311.1043 0002667 283.6210  76.4373 14.43192735 35204
1 41179U 15081A   16234.49185432 -.00000053  00000-0  30732-4 0  9997,2 41179  47.0039 306.3166 0002660 287.0700  72.9888 14.43192926 35359
1 41179U 15081A   16234.63031672 -.00000052 +00000-0 +30863-4 0  9993,2 41179 047.0039 305.6783 0002657 287.5811 072.4778 14.43192957035379
1 41179U 15081A   16235.66878445 -.00000051  00000-0  31362-4 0  9998,2 41179  47.0037 300.8905 0002652 291.0180  69.0415 14.43193182 35522
1 41179U 15081A   16237.19187014 -.00000049  00000-0  31712-4 0  9999,2 41179  47.0034 293.8684 0002643 295.9018  64.1589 14.43193540 35747
1 41179U 15081A   16238.36879975 -.00000051  00000-0  31254-4 0  9997,2 41179  47.0032 288.4422 0002625 299.9242  60.1377 14.43193824 35913
1 41179U 15081A   16239.47649807 -.00000045  00000-0  32933-4 0  9997,2 41179  47.0029 283.3352 0002611 303.8848  56.1783 14.43194073 36078
1 41179U 15081A   16240.51496514 -.00000036  00000-0  35766-4 0  9996,2 41179  47.0027 278.5471 0002583 307.4987  52.5658 14.43194315 36223
1 41179U 15081A   16240.58419626 -.00000034 +00000-0 +36174-4 0  9994,2 41179 047.0027 278.2279 0002577 307.7161 052.3485 14.43194341036232
1 41179U 15081A   16241.55343204 -.00000029  00000-0  37797-4 0  9996,2 41179  47.0026 273.7591 0002545 311.2192  48.8468 14.43194582 36370
1 41179U 15081A   16243.14574746 -.00000022  00000-0  39640-4 0  9992,2 41179  47.0025 266.4174 0002495 316.9475  43.1209 14.43195029 36609
1 41179U 15081A   16244.46113841 -.00000031  00000-0  37037-4 0  9991,2 41179  47.0024 260.3527 0002446 321.8916  38.1790 14.43195239 36796
1 41179U 15081A   16244.53036954 -.00000034 +00000-0 +36189-4 0  9998,2 41179 047.0024 260.0335 0002448 322.2227 037.8481 14.43195230036808
1 41179U 15081A   16245.49960468 -.00000025  00000-0  38782-4 0  9991,2 41179  47.0024 255.5648 0002412 325.8293  34.2430 14.43195521 36940
1 41179U 15081A   16247.43807451 -.00000033  00000-0  36405-4 0  9998,2 41179  47.0022 246.6273 0002336 333.4281  26.6478 14.43195991 37220
1 41179U 15081A   16248.47654030 -.00000034  00000-0  36207-4 0  9997,2 41179  47.0022 241.8393 0002293 337.7263  22.3516 14.43196226 37373
1 41179U 15081A   16248.96115760 -.00000035 +00000-0 +36016-4 0  9992,2 41179 047.0022 239.6049 0002276 339.6433 020.4356 14.43196320037441
1 41179U 15081A   16249.79193002 -.00000034  00000-0  36236-4 0  9992,2 41179  47.0022 235.7746 0002232 343.0175  17.0630 14.43196531 37560
1 41179U 15081A   16249.93039207 -.00000031 +00000-0 +37060-4 0  9997,2 41179 047.0022 235.1361 0002223 343.5437 016.5370 14.43196575037588
1 41179U 15081A   16251.10731941 -.00000038  00000-0  35089-4 0  9999,2 41179  47.0022 229.7097 0002162 348.7167  11.3664 14.43196858 37754
1 41179U 15081A   16252.14578446 -.00000035  00000-0  36063-4 0  9993,2 41179  47.0023 224.9218 0002117 353.4427   6.6424 14.43197152 37905
1 41179U 15081A   16253.39194227 -.00000008  00000-0  43817-4 0  9997,2 41179  47.0024 219.1762 0002057 359.4574   0.6303 14.43197606 38082
1 41179U 15081A   16253.87655909 -.00000002 +00000-0 +45668-4 0  9999,2 41179 047.0025 216.9418 0002034 001.5694 358.5192 14.43197770038150
1 41179U 15081A   16255.12271632 -.00000011  00000-0  42988-4 0  9998,2 41179  47.0026 211.1964 0001970   7.6748 352.4161 14.43198148 38338
1 41179U 15081A   16256.16118035 -.00000006  00000-0  44542-4 0  9992,2 41179  47.0027 206.4086 0001920  12.7387 347.3541 14.43198542 38481
1 41179U 15081A   16257.33810604 -.00000016  00000-0  41629-4 0  9997,2 41179  47.0028 200.9823 0001871  18.7569 341.3379 14.43198865 38653
1 41179U 15081A   16257.89195329 -.00000015 +00000-0 +41990-4 0  9998,2 41179 047.0028 198.4287 0001839 021.4960 338.5996 14.43199035038730
1 41179U 15081A   16258.86118584 -.00000011  00000-0  43098-4 0  9991,2 41179  47.0027 193.9601 0001798  26.9489 333.1483 14.43199370 38878
1 41179U 15081A   16260.10734146  .00000010  00000-0  49234-4 0  9995,2 41179  47.0027 188.2147 0001747  33.9998 326.0993 14.43199942 39050
1 41179U 15081A   16261.14580424  .00000022  00000-0  52789-4 0  9990,2 41179  47.0028 183.4268 0001710  39.9956 320.1049 14.43200344 39205
1 41179U 15081A   16262.18426677  .00000029  00000-0  54681-4 0  9994,2 41179  47.0028 178.6390 0001676  46.2186 313.8832 14.43200700 39355
1 41179U 15081A   16263.22272892  .00000043  00000-0  58975-4 0  9994,2 41179  47.0029 173.8510 0001650  52.9152 307.1878 14.43201158 39507
1 41179U 15081A   16263.91503670 +.00000063 +00000-0 +64898-4 0  9994,2 41179 047.0029 170.6591 0001627 057.2766 302.8270 14.43201576039607
1 41179U 15081A   16264.81503660  .00000057  00000-0  63075-4 0  9992,2 41179  47.0029 166.5096 0001614  63.0020 297.1024 14.43201957 39735
1 41179U 15081A   16266.13042076  .00000052  00000-0  61747-4 0  9997,2 41179  47.0029 160.4451 0001602  71.4925 288.6128 14.43202470 39929
1 41179U 15081A   16267.86118863  .00000028  00000-0  54516-4 0  9995,2 41179  47.0028 152.4653 0001600  83.3161 276.7900 14.43203048 40172
1 41179U 15081A   16269.10734102  .00000015  00000-0  50600-4 0  9990,2 41179  47.0027 146.7199 0001607  91.3808 268.7256 14.43203447 40354
1 41179U 15081A   16269.86887834 +.00000003 +00000-0 +47175-4 0  9994,2 41179 047.0026 143.2086 0001614 096.7725 263.3338 14.43203643040467
1 41179U 15081A   16270.69964618  .00000011  00000-0  49636-4 0  9996,2 41179  47.0025 139.3782 0001630 102.3546 257.7516 14.43203940 40586
1 41179U 15081A   16271.73810680 -.00000201  00000-0 -13089-4 0  9997,2 41179  47.0059 134.5867 0001772 101.3075 258.8005 14.43203222 40732
1 41179U 15081A   16272.77656521  .00000027  00000-0  54180-4 0  9995,2 41179  47.0024 129.8022 0001691 115.6958 244.4096 14.43204638 40881
1 41179U 15081A   16272.84579579 +.00000033 +00000-0 +55949-4 0  9991,2 41179 047.0024 129.4830 0001692 116.1574 243.9480 14.43204698040893
1 41179U 15081A   16273.81502425  .00000027  00000-0  54276-4 0  9990,2 41179  47.0024 125.0142 0001727 122.2032 237.9015 14.43204973 41037
1 41179U 15081A   16274.99194422  .00000010  00000-0  49135-4 0  9994,2 41179  47.0024 119.5879 0001778 129.3973 230.7064 14.43205241 41203
1 41179U 15081A   16276.51501661 -.00000012  00000-0  42589-4 0  9990,2 41179  47.0025 112.5655 0001857 138.5291 221.5729 14.43205611 41423
1 41179U 15081A   16276.93039998 -.00000025 +00000-0 +39031-4 0  9997,2 41179 047.0025 110.6504 0001879 140.6323 219.4693 14.43205679041485
1 41179U 15081A   16277.69193586 -.00000041  00000-0  34064-4 0  9994,2 41179  47.0025 107.1392 0001932 145.1408 214.9598 14.43205857 41599
1 41179U 15081A   16277.89962752 -.00000044 +00000-0 +33368-4 0  9994,2 41179 047.0025 106.1817 0001937 146.0857 214.0146 14.43205887041620
1 41179U 15081A   16278.79962437 -.00000055  00000-0  29961-4 0  9990,2 41179  47.0026 102.0321 0001988 151.0199 209.0791 14.43206066 41751
1 41179U 15081A   16278.93808540 -.00000053 +00000-0 +30620-4 0  9992,2 41179 047.0025 101.3937 0001996 151.6891 208.4097 14.43206119041772
1 41179U 15081A   16279.83808222 -.00000057  00000-0  29496-4 0  9992,2 41179  47.0026  97.2440 0002048 156.4631 203.6342 14.43206267 41908
1 41179U 15081A   16279.90731275 -.00000057 +00000-0 +29351-4 0  9993,2 41179 047.0026 096.9248 0002050 156.7508 203.3464 14.43206277041913
1 41179U 15081A   16280.94577043 -.00000060  00000-0  28544-4 0  9997,2 41179  47.0026  92.1367 0002108 161.9795 198.1160 14.43206470 42069
1 41179U 15081A   16282.46884129 -.00000051  00000-0  31297-4 0  9991,2 41179  47.0029  85.1141 0002187 169.3835 190.7091 14.43206837 42280
1 41179U 15081A   16282.88422422 -.00000049 +00000-0 +31705-4 0  9992,2 41179 047.0029 083.1989 0002213 171.2704 188.8214 14.43206926042346
1 41179U 15081A   16283.78422038 -.00000046  00000-0  32771-4 0  9996,2 41179  47.0031  79.0492 0002273 175.6714 184.4185 14.43207114 42470
1 41179U 15081A   16283.85345084 -.00000043 +00000-0 +33453-4 0  9994,2 41179 047.0031 078.7300 0002276 175.9649 184.1249 14.43207146042481
1 41179U 15081A   16284.82267722 -.00000032  00000-0  36962-4 0  9990,2 41179  47.0032  74.2612 0002358 180.9591 179.1284 14.43207435 42622
1 41179U 15081A   16284.89190769 -.00000031 +00000-0 +37036-4 0  9995,2 41179 047.0032 073.9420 0002361 181.2541 178.8333 14.43207452042639
1 41179U 15081A   16285.86113393 -.00000030  00000-0  37530-4 0  9999,2 41179  47.0034  69.4733 0002419 185.6312 174.4541 14.43207724 42776
