1 41181U 15081C   15356.14758381 -.00000209  00000-0  00000+0 0  9998,2 41181  46.9976   2.3788 0031176  21.5392  90.5734 14.77797079    13
1 41181U 15081C   15356.39700419 -.00000210  00000-0  00000+0 0  9996,2 41181  46.9976   1.1628 0031176  22.7193 337.7868 14.78094939    59
1 41181U 15081C   15356.46454658 -.00000209  00000-0  00000+0 0  9993,2 41181  47.0042   0.8401 0030501  22.2412 337.9085 14.78030411    69
1 41181U 15081C   15356.53215779 -.00000209  00000-0  00000+0 0  9990,2 41181  47.0007   0.5120 0030590  22.6162 337.6053 14.78030258    71
1 41181U 15081C   15356.87014728  .00000527  00000-0  10000-3 0  9995,2 41181  47.0004 358.8651 0030554  24.3434 335.8866 14.78029780   123
1 41181U 15081C   15356.93774566  .00000527  00000-0  10000-3 0  9995,2 41181  47.0003 358.5355 0030560  24.6628 335.5718 14.78029909   132
1 41181U 15081C   15357.14053916 -.00015043  00000-0 -20201-2 0  9992,2 41181  46.9999 357.5450 0030783  24.8175 335.3999 14.78010088   165
1 41181U 15081C   15357.41093850 -.00004439  00000-0 -57505-3 0  9998,2 41181  47.0025 356.2266 0030672  26.6418 333.6209 14.78018546   202
1 41181U 15081C   15357.61373062  .00000527  00000-0  10000-3 0  9997,2 41181  47.0025 355.2377 0030672  27.6015 332.6613 14.78025786   233
1 41181U 15081C   15357.81652254 -.00001737 +00000-0 -20757-3 0  9998,2 41181 047.0027 354.2490 0030712 028.5157 331.7316 14.78021063000269
1 41181U 15081C   15358.89808911  .00001141  00000-0  18346-3 0  9998,2 41181  47.0026 348.9759 0030758  33.4057 326.8782 14.78030118   421
1 41181U 15081C   15359.97965215  .00001152  00000-0  18491-3 0  9992,2 41181  47.0025 343.7022 0030768  38.5376 321.7681 14.78033103   583
1 41181U 15081C   15360.85842193 +.00001118 +00000-0 +18029-3 0  9999,2 41181 047.0026 339.4169 0030764 042.6811 317.6482 14.78035245000711
1 41181U 15081C   15361.46679912  .00001253  00000-0  19863-3 0  9991,2 41181  47.0027 336.4505 0030838  45.4496 314.8910 14.78037486   809
1 41181U 15081C   15362.54836032  .00000802  00000-0  13734-3 0  9999,2 41181  47.0028 331.1788 0030991  50.3593 310.0013 14.78037455   963
1 41181U 15081C   15363.69752172 -.00000197  00000-0  16853-5 0  9993,2 41181  47.0028 325.5768 0031169  55.8686 304.5154 14.78033415  1135
1 41181U 15081C   15364.84668459 -.00001123  00000-0 -12398-3 0  9994,2 41181  47.0024 319.9754 0031063  61.6290 298.7728 14.78028147  1308
1 41181U 15081C   15365.86064893 -.00000659  00000-0 -60999-4 0  9993,2 41181  47.0026 315.0342 0031153  66.6848 293.7324 14.78029481  1459
1 41181U 15081C   16001.87460977  .00000282  00000-0  66720-4 0  9993,2 41181  47.0031 310.0913 0031072  71.6426 288.7911 14.78034555  1603
1 41181U 15081C   16002.88856625  .00000947  00000-0  15700-3 0  9993,2 41181  47.0022 305.1498 0031065  76.3002 284.1348 14.78039438  1755
1 41181U 15081C   16004.17291056 -.00000079  00000-0  17795-4 0  9992,2 41181  47.0016 298.8882 0030739  82.5095 277.9027 14.78036014  1943
1 41181U 15081C   16005.38967423 -.00004585  00000-0 -59476-3 0  9992,2 41181  47.0021 292.9538 0031304  86.6967 273.6630 14.78010884  2125
1 41181U 15081C   16007.75591402 -.00035313  00000-0  00000+0 0  9992,2 41181  47.0022 281.4208 0030872 100.0764 260.4135 14.77771639  2606
1 41181U 15081C   16008.97283151 -.00037781  00000-0 -51741-2 0  9999,2 41181  47.0009 275.4902 0031087 105.0713 254.8758 14.77669521  2652
1 41181U 15081C   16009.31099539 -.00034235  00000-0 -46858-2 0  9997,2 41181  47.0039 273.8597 0030083 108.2948 252.2896 14.77669901  2700
1 41181U 15081C   16009.64903608 -.00030109  00000-0 -41147-2 0  9996,2 41181  47.0039 272.2123 0030092 109.8923 250.6725 14.77673949  2753
1 41181U 15081C   16010.32515595 -.00029852  00000-0 -40873-2 0  9995,2 41181  47.0024 268.9111 0028215 112.2951 248.0871 14.77630823  2857
1 41181U 15081C   16011.13659722 -.00046466  00000-0 -64158-2 0  9998,2 41181  46.9990 264.9688 0027701 120.1983 240.1045 14.77493214  2974
1 41181U 15081C   16012.08336838 -.00086419  00000-0 -12091-1 0  9993,2 41181  46.9981 260.3460 0027392 124.5601 235.5837 14.77271919  3113
1 41181U 15081C   16012.75975900 -.00088529  00000-0 -12431-1 0  9998,2 41181  47.0008 257.0476 0027014 124.0587 236.2473 14.77143078  3213
1 41181U 15081C   16013.77439819 -.00109675  00000-0 -15570-1 0  9998,2 41181  47.0008 252.1072 0027081 128.8374 230.8169 14.76824981  3367
1 41181U 15081C   16014.72172828 -.00748014  00000-0 -11413+0 0  9994,2 41181  47.0033 247.5140 0023818 132.0207 227.4230 14.76025984  3508
1 41181U 15081C   16014.99268461  .00042146  00000-0  59901-2 0  9990,2 41181  46.9980 246.2025 0023255 136.5121 224.1419 14.76194317  3548
1 41181U 15081C   16015.46637666  .00022201  00000-0  31774-2 0  9998,2 41181  46.9980 243.8990 0023242 138.7529 221.4778 14.76205310  3616
1 41181U 15081C   16015.66942535  .01249700  00000-0  16769+0 0  9994,2 41181  46.9920 242.9043 0020969 139.6877 220.3455 14.75789015  3649
1 41181U 15081C   16016.14335121  .00045765  00000-0  65584-2 0  9991,2 41181  46.9966 240.6070 0021142 142.2367 217.9638 14.75834823  3713
1 41181U 15081C   16016.54954083 -.00001499  00000-0 -18645-3 0  9994,2 41181  47.0001 238.6378 0021328 144.5672 215.5689 14.75801540  3779
1 41181U 15081C   16016.61725823 -.00033424  00000-0 -48060-2 0  9996,2 41181  46.9931 238.2943 0020564 142.3566 217.7953 14.75746949  3782
1 41181U 15081C   16017.02348918 -.00196842  00000-0 -29385-1 0  9990,2 41181  46.9927 236.3343 0018171 158.4486 201.3330 14.75413595  3843
1 41181U 15081C   16017.56533360 -.00171074  00000-0 -25521-1 0  9994,2 41181  46.9971 233.7046 0019342 161.7376 198.5084 14.75257764  3925
1 41181U 15081C   16017.76849551 -.00119454  00000-0 -17639-1 0  9993,2 41181  46.9992 232.7177 0021400 149.5807 210.7558 14.75319779  3954
1 41181U 15081C   16018.03936490 -.00108059  00000-0 -15937-1 0  9991,2 41181  47.0043 231.4027 0021807 147.1414 213.1287 14.75287609  3998
1 41181U 15081C   16018.17480406 -.00099403  00000-0 -14630-1 0  9998,2 41181  47.0038 230.7500 0023741 148.9758 211.2956 14.75283516  4018
1 41181U 15081C   16018.78425008 -.00065981  00000-0 -96498-2 0  9999,2 41181  47.0038 227.7911 0023776 151.8297 208.3778 14.75301284  4101
1 41181U 15081C   16018.98742131 -.00078774  00000-0 -11584-1 0  9996,2 41181  47.0031 226.7964 0020675 153.6957 206.3374 14.75218699  4139
1 41181U 15081C   16019.80030653 -.00096702  00000-0 -14327-1 0  9996,2 41181  47.0074 222.8564 0024178 156.5433 203.6376 14.74975052  4259
1 41181U 15081C   16019.93578621 -.00007863  00000-0 -11252-2 0  9997,2 41181  46.9968 222.2022 0017787 162.0291 198.1199 14.74988455  4278
1 41181U 15081C   16020.13899759 -.00096366  00000-0 -14300-1 0  9991,2 41181  47.0053 221.2135 0023851 158.3595 201.7902 14.74909386  4306
1 41181U 15081C   16021.62992934 -.00350255  00000-0  00000+0 0  9994,2 41181  47.0020 213.9633 0013830 176.6761 183.4996 14.73690931  4654
1 41181U 15081C   16021.76553692 -.00377758  00000-0  00000+0 0  9990,2 41181  46.9966 213.2847 0012229 177.7039 182.4699 14.73548527  4676
1 41181U 15081C   16022.10339003 -.00606573  00000-0 -99197-1 0  9995,2 41181  47.0019 211.6354 0008248 241.0482 111.9295 14.72741660  4597
1 41181U 15081C   16025.90986820 -.00224225  00000-0 -37740-1 0  9997,2 41181  46.9943 193.3242 0009275 273.7381 101.7421 14.70519868  5156
1 41181U 15081C   16025.97488716 -.00202201  00000-0 -33906-1 0  9995,2 41181  46.9943 193.0109 0009280 274.0087  86.0044 14.70536658  5161
1 41181U 15081C   16026.79028211 -.00000097  00000-0  15234-4 0  9991,2 41181  46.9969 189.0965 0007612 251.6664 108.3398 14.70174165  5287
1 41181U 15081C   16026.92620030 -.00199809  00000-0 -33793-1 0  9991,2 41181  46.9958 188.4407 0009207 259.6328 100.3909 14.70146954  5304
1 41181U 15081C   16027.53788657 -.00193657  00000-0 -32884-1 0  9994,2 41181  46.9926 185.4978 0010154 258.1452 101.9362 14.69922879  5399
1 41181U 15081C   16028.55778103 -.00096714  00000-0  00000+0 0  9990,2 41181  46.9918 180.5885 0012958 242.2040 117.8117 14.69275629  5662
1 41181U 15081C   16028.69379813 -.00147714  00000-0  00000+0 0  9997,2 41181  46.9911 179.9388 0012267 245.9694 114.0536 14.69186793  5682
1 41181U 15081C   16028.82986839 -.00471673  00000-0  00000+0 0  9998,2 41181  46.9936 179.2567 0010266 258.9109 101.1501 14.68752118  5704
1 41181U 15081C   16028.89753035 -.00318020  00000-0 -56384-1 0  9990,2 41181  46.9915 178.9480 0012978 269.8193  88.3513 14.68830112  5594
1 41181U 15081C   16029.91842038 -.00332280  00000-0 -60109-1 0  9990,2 41181  46.9915 174.0501 0010226 281.6553  77.9791 14.68070506  5743
1 41181U 15081C   16030.87149222  .00031373  00000-0  54265-2 0  9996,2 41181  46.9968 169.4839 0005195 276.3125  84.2779 14.67960892  5885
1 41181U 15081C   16031.89228958 -.00100347  00000-0 -17646-1 0  9994,2 41181  46.9911 164.5731 0009140 292.1400  67.3963 14.67744018  6031
1 41181U 15081C   16032.91352480  .00002048  00000-0  38888-3 0  9996,2 41181  47.0000 159.6971 0003603 277.7002  81.9226 14.67577963  6181
1 41181U 15081C   16033.79863956 +.00000650 +00000-0 +14536-3 0  9999,2 41181 047.0000 155.4517 0003603 281.8198 078.2348 14.67578265006318
1 41181U 15081C   16034.27532139  .00000344  00000-0  92716-4 0  9996,2 41181  46.9884 153.1843 0004368 339.7108  20.3607 14.67261135  6384
1 41181U 15081C   16034.95626339 -.00089412  00000-0 -15907-1 0  9996,2 41181  47.0146 149.8755 0007302   5.2132 354.7355 14.67160212  6483
1 41181U 15081C   16035.29679374 -.00099828  00000-0 -17823-1 0  9992,2 41181  47.0165 148.2251 0012170  23.7397 336.1577 14.67047172  6530
1 41181U 15081C   16035.56933311 -.00000003  00000-0  00000+0 0  9999,2 41181  47.0037 146.9570 0006262 268.0070  92.0588 14.66888663  5495
1 41181U 15081C   16035.70547822  .00020422  00000-0  36362-2 0  9992,2 41181  47.0021 146.3094 0005896 259.9225  99.7332 14.66883462  6591
1 41181U 15081C   16036.11421584 -.00252932  00000-0 -46846-1 0  9996,2 41181  47.0038 144.3457 0005648 244.4662 115.1634 14.66535828  6654
1 41181U 15081C   16036.38681666 -.00231476  00000-0 -42837-1 0  9990,2 41181  46.9982 143.0529 0006627 241.4326 118.6179 14.66420077  6693
1 41181U 15081C   16036.65933212 -.00149702  00000-0 -27351-1 0  9991,2 41181  47.0030 141.7350 0005990 247.6832 112.3641 14.66427646  6737
1 41181U 15081C   16037.06814307 -.00143337  00000-0 -26228-1 0  9990,2 41181  47.0055 139.7888 0006355 233.7973 126.2468 14.66314292  6794
1 41181U 15081C   16037.88593678 -.00166587  00000-0 -30833-1 0  9994,2 41181  47.0028 135.8876 0005905 215.9496 144.1009 14.65971893  6919
1 41181U 15081C   16038.63569272 -.00161420  00000-0 -30013-1 0  9992,2 41181  47.0024 132.3012 0005455 220.4579 139.6213 14.65735328  7022
1 41181U 15081C   16040.27194517 -.00142157  00000-0 -26601-1 0  9995,2 41181  47.0003 124.4942 0005898 214.8521 145.7557 14.65313124  7269
1 41181U 15081C   16042.52192260  .00000005  00000-0  94969-6 0  9998,2 41181  46.9987 113.7249 0006990 244.9078 115.1582 14.64700921  6514
1 41181U 15081C   16042.65832244 -.00168208  00000-0  00000+0 0  9992,2 41181  47.0022 113.0467 0008781 246.0390 114.0217 14.64781810  6532
1 41181U 15081C   16044.02338689 -.00529584  00000-0 -10713+0 0  9990,2 41181  47.0003 106.5808 0006030 231.5911 129.5449 14.63485592  7817
1 41181U 15081C   16044.50114808 -.00402821  00000-0 -81557-1 0  9998,2 41181  47.0006 104.2978 0003445 207.3318 152.9989 14.63188000  7882
1 41181U 15081C   16044.63767209 -.00381848  00000-0 -77228-1 0  9996,2 41181  47.0006 103.6476 0003456 207.8327 152.3104 14.63113576  7907
1 41181U 15081C   16045.18403941 -.00376502  00000-0 -76827-1 0  9992,2 41181  47.0006 101.0464 0003497 209.8749 150.2062 14.62683131  7987
1 41181U 15081C   16046.75577283 -.00088402  00000-0 -17641-1 0  9995,2 41181  47.0055  93.5461 0008887 276.1747  85.3542 14.62011124  8211
1 41181U 15081C   16047.02884098 -.00319067  00000-0 -66743-1 0  9992,2 41181  47.0062  92.2559 0004250  30.8320 328.6555 14.61554990  8258
1 41181U 15081C   16047.37078891 -.00321757  00000-0 -67705-1 0  9994,2 41181  47.0126  90.6359 0005507  13.9413 346.0268 14.61299263  8300
1 41181U 15081C   16047.50756395 -.00321583 +00000-0 -67810-1 0  9995,2 41181 047.0119 089.9881 0005363 011.7198 348.3824 14.61204645008324
1 41181U 15081C   16047.98625493 -.00319777  00000-0 -67895-1 0  9996,2 41181  47.0125  87.7162 0005476  15.1014 344.9916 14.60880183  8396
1 41181U 15081C   16049.08091618 -.00336868  00000-0 -72532-1 0  9999,2 41181  47.0048  82.5348 0006132 299.3131  60.7596 14.60008243  8559
1 41181U 15081C   16049.56004269 -.00431837  00000-0  00000+0 0  9998,2 41181  47.0045  80.2289 0007059 269.8147  90.2756 14.59511325  7545
1 41181U 15081C   16049.56004311  .00000484  00000-0  13621-3 0  9992,2 41181  46.9984  80.2704 0001076 299.6229  60.4549 14.59726020  8621
1 41181U 15081C   16049.97071982 -.00327770  00000-0 -71444-1 0  9992,2 41181  47.0059  78.3279 0003714 262.0295  98.0228 14.59409402  8688
1 41181U 15081C   16050.10764509 -.00324498  00000-0 -71312-1 0  9991,2 41181  46.9992  77.6923 0009400 248.7305 111.4067 14.59320359  8708
1 41181U 15081C   16053.12217568 -.00012603  00000-0 -25857-2 0  9990,2 41181  46.9938  63.4076 0001144 299.9672  75.5531 14.59717809  9147
1 41181U 15081C   16056.75076270 -.00165647  00000-0 -37799-1 0  9999,2 41181  46.9999  46.2312 0006760 268.8744  90.8237 14.56484909  9669
1 41181U 15081C   16057.57449699  .00000142  00000-0  70364-4 0  9993,2 41181  46.9998  42.3908 0008445 257.6428 102.3511 14.55528103  9795
1 41181U 15081C   16059.08471605 -.00386491  00000-0 -95817-1 0  9996,2 41181  46.9888  35.2724 0013183 295.5844  58.7197 14.53767329 10012
1 41181U 15081C   16059.29198731 -.00401305  00000-0 -10017+0 0  9994,2 41181  46.9968  34.3249 0010397 276.0345  83.8889 14.53569269 10040
1 41181U 15081C   16059.42947439 -.00388658  00000-0 -97046-1 0  9990,2 41181  46.9972  33.6813 0010320 274.4902  85.5094 14.53476319 10063
1 41181U 15081C   16060.04824304 -.00361267  00000-0 -90711-1 0  9994,2 41181  46.9996  30.7781 0010691 276.6206  83.5104 14.53045694 10151
1 41181U 15081C   16060.32327602 -.00364008  00000-0 -91873-1 0  9990,2 41181  46.9993  29.4931 0010455 273.1617  86.7743 14.52823570 10190
1 41181U 15081C   16060.80474215 -.00355071  00000-0 -90172-1 0  9997,2 41181  47.0008  27.2353 0010470 276.7634  83.2479 14.52480449 10268
1 41181U 15081C   16061.07990532 -.00366364  00000-0 -93698-1 0  9995,2 41181  46.9988  25.9496 0010141 276.8503  82.9624 14.52223248 10302
1 41181U 15081C   16061.90571760 -.00282143  00000-0 -73170-1 0  9990,2 41181  46.9965  22.0930 0008819 282.9212  75.9936 14.51368937 10427
1 41181U 15081C   16062.04360842 -.00407161  00000-0 -10652+0 0  9996,2 41181  46.9970  21.4414 0009756 288.5386  71.0443 14.51038641 10446
1 41181U 15081C   16062.31913266 -.00462131  00000-0 -12249+0 0  9992,2 41181  46.9943  20.1387 0012480 301.8344  57.9892 14.50689719 10484
1 41181U 15081C   16062.73245527 -.00442751  00000-0 -11795+0 0  9997,2 41181  46.9928  18.2036 0013694 305.4087  54.6327 14.50333432 10540
1 41181U 15081C   16063.28365244 -.00473061  00000-0 -12818+0 0  9992,2 41181  46.9949  15.6342 0014018 308.4595  51.1604 14.49691619 10623
1 41181U 15081C   16063.69729017  .00000005  00000-0  12046-5 0  9990,2 41181  46.9995  13.7436 0007156 314.8542  45.2247 14.49668422  9604
1 41181U 15081C   16063.90413840 -.01374434  00000-0 -38758+0 0  9993,2 41181  47.0026  12.7788 0006793 266.7131  93.1715 14.48588495 10711
1 41181U 15081C   16064.11112471 -.01001876  00000-0 -28450+0 0  9998,2 41181  47.0006  11.8123 0007987 278.5169  81.6463 14.48275629 10747
1 41181U 15081C   16064.24908282 -.00534821  00000-0 -14896+0 0  9994,2 41181  47.0087  11.1897 0006794 256.9617 103.2681 14.48345077 10760
1 41181U 15081C   16065.69822510 -.00458860  00000-0 -13081+0 0  9996,2 41181  47.0034   4.4066 0017468 336.6640  23.6640 14.47167056 10978
1 41181U 15081C   16065.97435334 -.00320571  00000-0 -90500-1 0  9991,2 41181  47.0037   3.1772 0008511 235.0038 125.6051 14.47267540 11017
1 41181U 15081C   16066.94095667 -.00008424  00000-0 -22293-2 0  9995,2 41181  46.9990 358.6640 0008974 246.3231 115.8711 14.47529397 11158
1 41181U 15081C   16068.18296612 -.00146136  00000-0 -40663-1 0  9999,2 41181  46.9871 352.8729 0009886 256.5220 101.9514 14.46997076 11333
1 41181U 15081C   16070.81042924  .00000003  00000-0  96974-6 0  9998,2 41181  46.9876 340.7573 0006316 290.8553  69.2139 14.44243841 10639
1 41181U 15081C   16070.94599339 -.00468875  00000-0 -14388+0 0  9998,2 41181  46.9966 340.1029 0018354 331.7865  13.2022 14.43635863 11735
1 41181U 15081C   16071.84888517 -.00468786  00000-0 -14656+0 0  9996,2 41181  46.9966 335.9380 0018572 336.0059  23.8959 14.42721127 11860
1 41181U 15081C   16072.95738589 -.00004782  00000-0 -13663-2 0  9994,2 41181  47.0066 330.8538 0003315 314.7626  49.2464 14.43137918 12026
1 41181U 15081C   16075.17212557  .00000319  00000-0  14052-3 0  9997,2 41181  47.0058 320.6427 0002538 318.6457  41.5691 14.43146082 12346
1 41181U 15081C   16075.79519794 +.00000340 +00000-0 +14664-3 0  9991,2 41181 047.0058 317.7688 0002467 319.4633 040.6061 14.43146760012432
1 41181U 15081C   16076.76446598  .00000213  00000-0  10920-3 0  9990,2 41181  47.0057 313.2987 0002444 323.8310  36.2394 14.43146947 12572
1 41181U 15081C   16078.01066771  .00000125  00000-0  83289-4 0  9992,2 41181  47.0046 307.5551 0002368 329.2406  30.8318 14.43147266 12755
1 41181U 15081C   16079.04916827  .00000193  00000-0  10314-3 0  9995,2 41181  47.0046 302.7682 0002285 332.3910  27.6839 14.43148224 12904
1 41181U 15081C   16080.08766932  .00000042  00000-0  58630-4 0  9998,2 41181  47.0042 297.9810 0002309 338.2613  21.8153 14.43147983 13053
1 41181U 15081C   16080.91846976 -.00000014 +00000-0 +42201-4 0  9994,2 41181 047.0035 294.1509 0002385 343.1569 016.9200 14.43147975013170
1 41181U 15081C   16081.68003737 -.00000201 +00000-0 -12969-4 0  9996,2 41181 047.0039 290.6395 0002404 346.2562 013.8205 14.43147127013289
1 41181U 15081C   16082.99547066  .00000100  00000-0  75942-4 0  9995,2 41181  47.0032 284.5743 0002391 351.7474   8.3376 14.43149070 13477
1 41181U 15081C   16084.03397037  .00000311  00000-0  13816-3 0  9998,2 41181  47.0037 279.7857 0002614 359.4119   0.6764 14.43150611 13629
1 41181U 15081C   16085.48786839 -.00000151  00000-0  18516-5 0  9997,2 41181  47.0001 273.0856 0002244 352.2725   7.8137 14.43148873 13832
1 41181U 15081C   16085.62633463 -.00000263 +00000-0 -31352-4 0  9994,2 41181 046.9999 272.4471 0002242 351.3270 008.7552 14.43148193013853
1 41181U 15081C   16086.52636834 -.00000429  00000-0 -80449-4 0  9994,2 41181  46.9978 268.2984 0001986 349.8313  10.2555 14.43147264 13989
1 41181U 15081C   16086.73406788 -.00000259 +00000-0 -30228-4 0  9991,2 41181 046.9998 267.3385 0002213 000.7688 359.3177 14.43148327014011
1 41181U 15081C   16087.70333351 -.00000197  00000-0 -11889-4 0  9997,2 41181  47.0010 262.8692 0002018   5.4143 354.6742 14.43148766 14158
1 41181U 15081C   16089.43416528  .00000005  00000-0  47854-4 0  9994,2 41181  47.0015 254.8925 0001475  19.0996 340.9979 14.43150140 14403
1 41181U 15081C   16090.47266282 -.00000029  00000-0  37735-4 0  9994,2 41181  47.0013 250.1033 0001572  23.0208 337.0721 14.43150288 14550
1 41181U 15081C   16090.54189645 -.00000048 +00000-0 +32185-4 0  9994,2 41181 047.0013 249.7840 0001569 023.4077 336.6874 14.43150243014560
1 41181U 15081C   16091.51116124 -.00000024  00000-0  39219-4 0  9993,2 41181  47.0013 245.3138 0001528  28.2788 331.8164 14.43150561 14707
1 41181U 15081C   16091.85732746 +.00000267 +00000-0 +12497-3 0  9990,2 41181 047.0002 243.7182 0001424 029.0414 331.0619 14.43152204014754
1 41181U 15081C   16092.82659003  .00000318  00000-0  14013-3 0  9995,2 41181  47.0000 239.2492 0001639  30.7814 329.3140 14.43153033 14892
1 41181U 15081C   16093.86509049 -.00000401  00000-0 -72003-4 0  9993,2 41181  47.0010 234.4630 0002027  37.4610 322.6413 14.43150440 15040
1 41181U 15081C   16095.31898617  .00000026  00000-0  53876-4 0  9995,2 41181  47.0016 227.7585 0002060  46.6508 313.4564 14.43152614 15258
1 41181U 15081C   16096.42671509  .00000024  00000-0  53269-4 0  9991,2 41181  47.0016 222.6507 0002058  52.0147 308.0895 14.43152985 15419
1 41181U 15081C   16096.56518171 +.00000112 +00000-0 +79462-4 0  9992,2 41181 047.0017 222.0127 0002052 052.5667 307.5403 14.43153384015433
1 41181U 15081C   16097.67291048  .00000002  00000-0  46767-4 0  9996,2 41181  47.0026 216.9050 0001978  58.9571 301.1490 14.43153549 15596
1 41181U 15081C   16097.81137686 -.00000013 +00000-0 +42576-4 0  9996,2 41181 047.0021 216.2656 0001919 062.0524 298.0555 14.43153404015614
1 41181U 15081C   16099.47297032 -.00000077  00000-0  23487-4 0  9992,2 41181  47.0028 208.6061 0001689  70.4582 289.6487 14.43153587 15855
1 41181U 15081C   16100.51146555  .00000052  00000-0  61676-4 0  9997,2 41181  47.0036 203.8180 0001631  69.2846 290.8213 14.43154660 16001
1 41181U 15081C   16100.71916447 +.00000189 +00000-0 +10196-3 0  9995,2 41181 047.0040 202.8619 0001674 069.5657 290.5412 14.43155493016038
1 41181U 15081C   16101.54995989  .00000174  00000-0  97709-4 0  9995,2 41181  47.0056 199.0349 0001686  76.2753 283.8282 14.43156007 16152
1 41181U 15081C   16103.14231822  .00000251  00000-0  12051-3 0  9994,2 41181  47.0052 191.6893 0001641  84.7245 275.3882 14.43157351 16381
1 41181U 15081C   16104.25004556  .00000076  00000-0  68617-4 0  9994,2 41181  47.0058 186.5861 0001823 101.9382 258.1739 14.43157003 16543
1 41181U 15081C   16105.35777078  .00000152  00000-0  91145-4 0  9999,2 41181  47.0050 181.4773 0001831 107.2002 252.9079 14.43157818 16709
1 41181U 15081C   16106.46549768 -.00000000  00000-0  46213-4 0  9994,2 41181  47.0051 176.3697 0001669 106.6528 253.4545 14.43157542 16868
1 41181U 15081C   16107.50399007 -.00000010  00000-0  43413-4 0  9999,2 41181  47.0033 171.5820 0001580 108.2251 251.8774 14.43157758 17019
1 41181U 15081C   16107.57322343 -.00000118 +00000-0 +11622-4 0  9991,2 41181 047.0033 171.2627 0001580 108.5349 251.5697 14.43157230017029
1 41181U 15081C   16108.54248293  .00000071  00000-0  67168-4 0  9993,2 41181  47.0034 166.7942 0001516 110.3974 249.7075 14.43158498 17164
1 41181U 15081C   16109.58097466  .00000191  00000-0  10259-3 0  9993,2 41181  47.0041 162.0066 0001439 119.6769 240.4264 14.43159505 17311
1 41181U 15081C   16110.61946625  .00000027  00000-0  54264-4 0  9992,2 41181  47.0053 157.2209 0001502 131.1423 228.9573 14.43159467 17463
1 41181U 15081C   16112.07335584 -.00000232  00000-0 -22011-4 0  9995,2 41181  47.0044 150.5183 0001512 140.4593 219.6395 14.43158405 17675
1 41181U 15081C   16113.45800940  .00000114  00000-0  79879-4 0  9992,2 41181  47.0043 144.1344 0001642 152.6727 207.4243 14.43160585 17871
1 41181U 15081C   16113.52724202 +.00000142 +00000-0 +88210-4 0  9996,2 41181 047.0043 143.8151 0001640 152.5694 207.5276 14.43160769017885
1 41181U 15081C   16114.49649969  .00000144  00000-0  88711-4 0  9997,2 41181  47.0033 139.3449 0001646 157.9467 202.1481 14.43161120 18025
1 41181U 15081C   16115.53499072 -.00000135  00000-0  65909-5 0  9997,2 41181  47.0026 134.5564 0001736 163.1009 196.9921 14.43160180 18173
1 41181U 15081C   16115.53499086 -.00000130 +00000-0 +79983-5 0  9994,2 41181 047.0026 134.5564 0001741 163.0374 197.0565 14.43160208018170
1 41181U 15081C   16117.05811056 -.00000073  00000-0  24732-4 0  9995,2 41181  47.0018 127.5334 0001810 169.7947 190.2987 14.43160621 18390
1 41181U 15081C   16118.30429802  .00000053  00000-0  61799-4 0  9999,2 41181  47.0013 121.7870 0001728 173.4804 186.6083 14.43161539 18573
1 41181U 15081C   16118.44276360 +.00000047 +00000-0 +60153-4 0  9999,2 41181 047.0016 121.1493 0001757 174.5239 185.5655 14.43161571018598
1 41181U 15081C   16119.48125392 -.00000065  00000-0  26973-4 0  9995,2 41181  47.0029 116.3625 0001898 178.6484 181.4394 14.43161363 18749
1 41181U 15081C   16120.79667511 -.00000161  00000-0 -13223-5 0  9998,2 41181  47.0027 110.2975 0001907 184.0974 175.9888 14.43161047 18930
1 41181U 15081C   16121.97363058 -.00000058  00000-0  29223-4 0  9998,2 41181  47.0027 104.8699 0001810 188.3379 171.7493 14.43161760 19109
1 41181U 15081C   16123.01211927  .00000101  00000-0  76105-4 0  9991,2 41181  47.0026 100.0811 0001830 193.2944 166.7905 14.43162870 19258
1 41181U 15081C   16124.05060800  .00000047  00000-0  60099-4 0  9992,2 41181  47.0032  95.2942 0001803 198.8732 161.2063 14.43163090 19408
1 41181U 15081C   16125.29679506 -.00000029  00000-0  37591-4 0  9990,2 41181  47.0024  89.5489 0001849 203.9300 156.1482 14.43163006 19584
1 41181U 15081C   16125.78142337 -.00000074 +00000-0 +24446-4 0  9996,2 41181 047.0026 087.3144 0001828 206.6705 153.4072 14.43162959019655
1 41181U 15081C   16126.40451653 -.00000004 +00000-0 +45216-4 0  9991,2 41181 047.0030 084.4412 0001823 209.6708 150.4066 14.43163455019749
1 41181U 15081C   16127.85839927  .00000181  00000-0  99560-4 0  9991,2 41181  47.0030  77.7378 0001820 216.0922 143.9839 14.43165092 19959
1 41181U 15081C   16128.96612004 -.00000005  00000-0  44742-4 0  9997,2 41181  47.0025  72.6318 0001761 220.1804 139.8918 14.43164559 20119
1 41181U 15081C   16130.35077094 -.00000045  00000-0  32901-4 0  9995,2 41181  47.0025  66.2480 0001754 224.8226 135.2513 14.43164862 20319
1 41181U 15081C   16130.76616588 +.00000103 +00000-0 +76609-4 0  9994,2 41181 047.0026 064.3321 0001827 226.4552 133.6226 14.43165796020370
1 41181U 15081C   16132.08158203  .00000099  00000-0  75525-4 0  9996,2 41181  47.0029  58.2669 0001747 233.0468 127.0254 14.43166322 20566
1 41181U 15081C   16132.77390608 +.00000167 +00000-0 +95630-4 0  9994,2 41181 047.0039 055.0755 0001778 236.8303 123.2419 14.43167217020667
1 41181U 15081C   16134.15855477 -.00000017  00000-0  41137-4 0  9996,2 41181  47.0067  48.6907 0001815 237.3648 122.7058 14.43167098 20867
1 41181U 15081C   16135.19704105 -.00000023  00000-0  39585-4 0  9993,2 41181  47.0058  43.9040 0002002 237.9404 122.1322 14.43167391 21010
1 41181U 15081C   16135.82013173 -.00000013 +00000-0 +42477-4 0  9994,2 41181 047.0060 041.0305 0002048 239.6104 120.4583 14.43167632021100
1 41181U 15081C   16136.78938276  .00000318  00000-0  14015-3 0  9993,2 41181  47.0051  36.5612 0002131 242.7552 117.3126 14.43169965 21249
1 41181U 15081C   16137.82786635  .00000222  00000-0  11166-3 0  9997,2 41181  47.0053  31.7745 0002373 242.2063 117.8557 14.43170132 21392
1 41181U 15081C   16139.07404832  .00000017  00000-0  51176-4 0  9990,2 41181  47.0056  26.0293 0002375 245.4967 114.5661 14.43169820 21572
1 41181U 15081C   16140.11253224 -.00000061  00000-0  28197-4 0  9991,2 41181  47.0051  21.2418 0002565 245.6020 114.4597 14.43169628 21726
1 41181U 15081C   16141.49717671  .00000218  00000-0  11059-3 0  9995,2 41181  47.0043  14.8622 0002561 257.0270 103.0308 14.43171568 21924
1 41181U 15081C   16141.70487356 +.00000112 +00000-0 +79413-4 0  9995,2 41181 047.0043 013.9043 0002561 257.9565 102.1000 14.43171095021954
1 41181U 15081C   16142.74335780 -.00000169  00000-0 -34813-5 0  9993,2 41181  47.0043   9.1148 0002561 262.6037  97.4525 14.43170129 22107
1 41181U 15081C   16144.05876937  .00000070  00000-0  66960-4 0  9999,2 41181  47.0058   3.0423 0002192 272.9341  87.1263 14.43172101 22291
1 41181U 15081C   16145.37418204  .00000137  00000-0  86667-4 0  9994,2 41181  47.0049 356.9834 0002205 276.6902  83.3734 14.43172800 22484
1 41181U 15081C   16146.41266401  .00000041  00000-0  58345-4 0  9996,2 41181  47.0044 352.1959 0002258 282.4365  77.6242 14.43172858 22631
1 41181U 15081C   16146.68959293 -.00000151 +00000-0 +18343-5 0  9991,2 41181 047.0042 350.9189 0002336 279.4184 080.6418 14.43171904022676
1 41181U 15081C   16147.58961095 -.00000153  00000-0  11665-5 0  9996,2 41181  47.0025 346.7737 0002531 274.6258  85.4359 14.43172056 22806
1 41181U 15081C   16147.65884260 -.00000206 +00000-0 -14477-4 0  9995,2 41181 047.0027 346.4542 0002540 273.9954 086.0634 14.43171809022813
1 41181U 15081C   16148.62809237 -.00000160  00000-0 -90891-6 0  9999,2 41181  47.0025 341.9852 0002533 277.8916  82.1650 14.43172100 22953
1 41181U 15081C   16149.73580745 -.00000155  00000-0  68380-6 0  9993,2 41181  47.0024 336.8790 0002428 285.6661  74.3905 14.43172151 23114
1 41181U 15081C   16150.91275464 -.00000100  00000-0  16798-4 0  9998,2 41181  47.0044 331.4517 0002042 292.6905  67.3732 14.43173016 23284
1 41181U 15081C   16151.95123743  .00000015  00000-0  50716-4 0  9997,2 41181  47.0038 326.6638 0001976 297.9580  62.1113 14.43173625 23438
1 41181U 15081C   16152.57432532 +.00000084 +00000-0 +71069-4 0  9995,2 41181 047.0037 323.7905 0001935 297.9251 062.1428 14.43174360023528
1 41181U 15081C   16153.26664583  .00000178  00000-0  98728-4 0  9990,2 41181  47.0038 320.5976 0001943 300.5063  59.5628 14.43175109 23628
1 41181U 15081C   16153.88973404 +.00000175 +00000-0 +97900-4 0  9991,2 41181 047.0036 317.7240 0001953 303.9296 056.1397 14.43175503023718
1 41181U 15081C   16154.72051823  .00000034  00000-0  56404-4 0  9995,2 41181  47.0040 313.8925 0001888 306.0458  54.0195 14.43175063 23838
1 41181U 15081C   16155.89746512 -.00000164  00000-0 -21855-5 0  9999,2 41181  47.0044 308.4676 0001839 311.5401  48.5325 14.43174416 24004
1 41181U 15081C   16157.42056998  .00000041  00000-0  58512-4 0  9993,2 41181  47.0054 301.4474 0001850 313.5579  46.5180 14.43175855 24224
1 41181U 15081C   16157.83596153 +.00000063 +00000-0 +64744-4 0  9998,2 41181 047.0064 299.5331 0001859 315.5956 044.4768 14.43176103024286
1 41181U 15081C   16158.59751281  .00000085  00000-0  71235-4 0  9994,2 41181  47.0068 296.0226 0001789 315.1393  44.9311 14.43176559 24394
1 41181U 15081C   16158.87444132 +.00000040 +00000-0 +58015-4 0  9991,2 41181 047.0065 294.7452 0001794 316.2613 043.8117 14.43176435024430
1 41181U 15081C   16159.63599336 -.00000060  00000-0  28639-4 0  9995,2 41181  47.0064 291.2336 0001780 321.0222  39.0499 14.43176141 24543
1 41181U 15081C   16159.84368991 -.00000096 +00000-0 +18007-4 0  9996,2 41181 047.0061 290.2761 0001825 322.0392 038.0350 14.43175990024579
1 41181U 15081C   16160.74370636 -.00000095  00000-0  18410-4 0  9993,2 41181  47.0057 286.1267 0001912 327.8464  32.2300 14.43176142 24705
1 41181U 15081C   16161.78218635 -.00000015  00000-0  42012-4 0  9995,2 41181  47.0058 281.3382 0001959 333.3790  26.7007 14.43176789 24851
1 41181U 15081C   16163.09759276  .00000152  00000-0  90976-4 0  9995,2 41181  47.0054 275.2731 0001925 337.8704  22.2098 14.43178019 25045
1 41181U 15081C   16164.48223009 -.00000049  00000-0  31844-4 0  9994,2 41181  47.0053 268.8893 0001754 342.9454  17.1286 14.43177610 25240
1 41181U 15081C   16164.68992741 -.00000065 +00000-0 +27243-4 0  9998,2 41181 047.0045 267.9324 0001676 342.3306 017.7511 14.43177474025271
1 41181U 15081C   16165.72840597 -.00000052  00000-0  31033-4 0  9993,2 41181  47.0039 263.1451 0001495 341.1921  18.8907 14.43177763 25421
1 41181U 15081C   16167.11304310  .00000149  00000-0  90121-4 0  9995,2 41181  47.0042 256.7609 0001486 342.8397  17.2447 14.43179265 25626
1 41181U 15081C   16168.35921656  .00000094  00000-0  74150-4 0  9993,2 41181  47.0040 251.0145 0001516 349.8498  10.2354 14.43179502 25804
1 41181U 15081C   16168.63614382 -.00000046 +00000-0 +32765-4 0  9993,2 41181 047.0036 249.7389 0001441 350.2515 009.8289 14.43178759025844
1 41181U 15081C   16169.60539168 -.00000197  00000-0 -11872-4 0  9993,2 41181  47.0030 245.2707 0001646 354.2528   5.8325 14.43178136 25989
1 41181U 15081C   16170.99002837  .00000059  00000-0  63613-4 0  9990,2 41181  47.0031 238.8855 0001664 359.1682   0.9202 14.43179610 26188
1 41181U 15081C   16172.16696844  .00000169  00000-0  96220-4 0  9990,2 41181  47.0028 233.4588 0001605   5.6125 354.4769 14.43180786 26358
1 41181U 15081C   16173.27467848 -.00000208  00000-0 -14927-4 0  9993,2 41181  47.0024 228.3546 0001441  11.3378 348.7479 14.43178946 26510
1 41181U 15081C   16174.52085216  .00000019  00000-0  52010-4 0  9990,2 41181  47.0014 222.6100 0001520  18.7416 341.3533 14.43180346 26690
1 41181U 15081C   16174.59008369 +.00000021 +00000-0 +52484-4 0  9999,2 41181 047.0014 222.2907 0001532 018.4530 341.6401 14.43180338026708
1 41181U 15081C   16175.55932873  .00000097  00000-0  74797-4 0  9996,2 41181  47.0014 217.8210 0001555  21.9822 338.1124 14.43180896 26840
1 41181U 15081C   16177.15165962 -.00000155  00000-0  56689-6 0  9999,2 41181  47.0008 210.4798 0001270  30.5228 329.5723 14.43180144 27074
1 41181U 15081C   16178.25936770  .00000011  00000-0  49449-4 0  9998,2 41181  47.0006 205.3718 0001289  32.6051 327.4908 14.43180922 27238
1 41181U 15081C   16179.29784301  .00000095  00000-0  74427-4 0  9990,2 41181  47.0011 200.5826 0001242  39.0912 321.0041 14.43181809 27386
1 41181U 15081C   16180.47478148  .00000125  00000-0  83222-4 0  9998,2 41181  47.0016 195.1549 0001162  45.0467 315.0488 14.43182559 27555
1 41181U 15081C   16180.54401351 +.00000126 +00000-0 +83373-4 0  9996,2 41181 047.0019 194.8365 0001201 043.3115 316.7848 14.43182616027568
1 41181U 15081C   16181.51325709 -.00000034  00000-0  36164-4 0  9991,2 41181  47.0029 190.3677 0001117  53.4615 306.6334 14.43182264 27702
1 41181U 15081C   16183.03635470  .00000055  00000-0  62446-4 0  9993,2 41181  47.0023 183.3449 0001144  57.9137 302.1886 14.43183318 27921
1 41181U 15081C   16184.14405871  .00000220  00000-0  11106-3 0  9996,2 41181  47.0012 178.2367 0001095  71.2760 288.8220 14.43184710 28084
1 41181U 15081C   16185.45945875  .00000265  00000-0  12436-3 0  9990,2 41181  47.0013 172.1733 0001097  74.7259 285.3741 14.43185845 28279
1 41181U 15081C   16185.80561623 +.00000281 +00000-0 +12920-3 0  9990,2 41181 047.0014 170.5769 0001074 076.3355 283.7654 14.43186290028327
1 41181U 15081C   16186.77485860  .00000011  00000-0  49476-4 0  9993,2 41181  47.0027 166.1091 0001094  85.3140 274.7874 14.43185529 28467
1 41181U 15081C   16187.81333110  .00000181  00000-0  99701-4 0  9993,2 41181  47.0020 161.3203 0001144  90.1815 269.9228 14.43186816 28617
1 41181U 15081C   16189.05949730  .00000075  00000-0  68476-4 0  9999,2 41181  47.0018 155.5748 0001107  94.0333 266.0669 14.43186892 28790
1 41181U 15081C   16190.37489712 -.00000163  00000-0 -16637-5 0  9998,2 41181  47.0033 149.5108 0001165  98.8843 261.2170 14.43185900 28986
1 41181U 15081C   16190.72105460 -.00000225 +00000-0 -20046-4 0  9999,2 41181 047.0036 147.9146 0001122 092.6214 267.4779 14.43185669029032
1 41181U 15081C   16191.89799065 -.00000119  00000-0  11141-4 0  9995,2 41181  47.0033 142.4894 0001107 106.1343 253.9702 14.43186313 29208
1 41181U 15081C   16193.00569309  .00000008  00000-0  48704-4 0  9997,2 41181  47.0031 137.3829 0001129 110.1609 249.9383 14.43187122 29367
1 41181U 15081C   16194.04416416 -.00000022  00000-0  39780-4 0  9993,2 41181  47.0033 132.5940 0001187 117.5548 242.5414 14.43187306 29512
1 41181U 15081C   16195.29033127 -.00000140  00000-0  51373-5 0  9999,2 41181  47.0028 126.8482 0001290 124.8175 235.2823 14.43186886 29699
1 41181U 15081C   16195.84418287 -.00000118 +00000-0 +11613-4 0  9991,2 41181 047.0025 124.2946 0001300 130.0848 230.0163 14.43187124029776
1 41181U 15081C   16196.81342185 -.00000043  00000-0  33569-4 0  9993,2 41181  47.0020 119.8307 0001158 149.2321 210.8627 14.43187834 29916
1 41181U 15081C   16196.88265331 -.00000052 +00000-0 +30986-4 0  9997,2 41181 047.0020 119.5116 0001166 149.3293 210.7654 14.43187803029813
1 41181U 15081C   16197.85189303 -.00000066  00000-0  26892-4 0  9995,2 41181  47.0020 115.0430 0001213 154.8207 205.2732 14.43187943 30062
1 41181U 15081C   16197.92112443 -.00000085 +00000-0 +21214-4 0  9998,2 41181 047.0020 114.7238 0001217 155.2430 204.8508 14.43187859029960
1 41181U 15081C   16199.09805835 -.00000084  00000-0  21618-4 0  9999,2 41181  47.0021 109.2976 0001292 161.3029 198.7899 14.43188020 30242
1 41181U 15081C   16200.13652934 -.00000079  00000-0  22985-4 0  9999,2 41181  47.0021 104.5097 0001346 166.6014 193.4902 14.43188176 30391
1 41181U 15081C   16201.17500012 -.00000087  00000-0  20545-4 0  9992,2 41181  47.0021  99.7218 0001399 171.8483 188.2419 14.43188293 30549
1 41181U 15081C   16202.49039627 -.00000074  00000-0  24354-4 0  9995,2 41181  47.0022  93.6571 0001468 177.9553 182.1333 14.43188557 30739
1 41181U 15081C   16202.90578448 -.00000083 +00000-0 +21883-4 0  9994,2 41181 047.0022 091.7419 0001500 179.8510 180.2370 14.43188566030684
1 41181U 15081C   16203.59809814 -.00000069  00000-0  25926-4 0  9990,2 41181  47.0023  88.5500 0001539 182.8962 177.1909 14.43188721 30896
1 41181U 15081C   16203.87502356 -.00000072 +00000-0 +25094-4 0  9992,2 41181 047.0023 087.2732 0001569 183.7890 176.2977 14.43188762030825
1 41181U 15081C   16204.84426259 -.00000078  00000-0  23345-4 0  9990,2 41181  47.0024  82.8045 0001627 187.6561 172.4293 14.43188879 31073
1 41181U 15081C   16204.91349395 -.00000077 +00000-0 +23459-4 0  9998,2 41181 047.0024 082.4853 0001632 187.8895 172.1959 14.43188888030978
1 41181U 15081C   16206.09042681 -.00000083  00000-0  21694-4 0  9993,2 41181  47.0024  77.0591 0001699 192.2840 167.7998 14.43189092 31253
1 41181U 15081C   16207.12889676 -.00000077  00000-0  23474-4 0  9992,2 41181  47.0024  72.2712 0001767 196.2290 163.8533 14.43189321 31408
1 41181U 15081C   16208.51352344 -.00000096  00000-0  18011-4 0  9995,2 41181  47.0024  65.8873 0001846 201.7667 158.3135 14.43189383 31609
1 41181U 15081C   16208.85968007 -.00000094 +00000-0 +18676-4 0  9996,2 41181 047.0024 064.2913 0001869 202.7773 157.3024 14.43189450031545
1 41181U 15081C   16209.82891853 -.00000092  00000-0  19182-4 0  9999,2 41181  47.0024  59.8225 0001924 206.2190 153.8592 14.43189606 31796
1 41181U 15081C   16209.89814985 -.00000091 +00000-0 +19503-4 0  9993,2 41181 047.0024 059.5033 0001924 206.4776 153.6005 14.43189619031692
1 41181U 15081C   16210.59046296 -.00000096 +00000-0 +18104-4 0  9995,2 41181 047.0024 056.3112 0001959 209.0630 151.0141 14.43189697031791
1 41181U 15081C   16211.55970120 -.00000087  00000-0  20666-4 0  9990,2 41181  47.0025  51.8424 0002000 212.5839 147.4917 14.43189886 32045
1 41181U 15081C   16211.90585769 -.00000078 +00000-0 +23185-4 0  9999,2 41181 047.0025 050.2465 0002019 213.7335 146.3416 14.43189979031984
1 41181U 15081C   16212.87509582 -.00000073  00000-0  24654-4 0  9992,2 41181  47.0026  45.7777 0002077 216.8637 143.2100 14.43190141 32231
1 41181U 15081C   16213.98279651 -.00000076  00000-0  23812-4 0  9994,2 41181  47.0027  40.6705 0002117 220.8450 139.2271 14.43190292 32398
1 41181U 15081C   16215.02126572 -.00000086  00000-0  21033-4 0  9998,2 41181  47.0028  35.8826 0002173 224.1629 135.9078 14.43190433 32548
1 41181U 15081C   16216.47512252 -.00000087  00000-0  20745-4 0  9992,2 41181  47.0029  29.1794 0002236 229.1101 130.9585 14.43190622 32750
1 41181U 15081C   16216.89051019 -.00000081 +00000-0 +22401-4 0  9992,2 41181 047.0029 027.2643 0002246 230.4192 129.6490 14.43190704032704
1 41181U 15081C   16217.51359153 -.00000081  00000-0  22430-4 0  9994,2 41181  47.0029  24.3915 0002287 232.3672 127.7000 14.43190804 32902
1 41181U 15081C   16218.82898555 -.00000086  00000-0  21004-4 0  9994,2 41181  47.0029  18.3268 0002324 236.6824 123.3833 14.43190974 33099
1 41181U 15081C   16218.89821680 -.00000085 +00000-0 +21076-4 0  9994,2 41181 047.0029 018.0077 0002328 236.8869 123.1788 14.43190988032999
1 41181U 15081C   16219.93668557 -.00000088  00000-0  20299-4 0  9991,2 41181  47.0030  13.2197 0002366 240.2618 119.8026 14.43191143 33255
1 41181U 15081C   16221.52900425 -.00000081  00000-0  22233-4 0  9995,2 41181  47.0031   5.8782 0002429 245.2750 114.7877 14.43191371 33481
1 41181U 15081C   16221.87516050 -.00000081 +00000-0 +22341-4 0  9990,2 41181 047.0032 004.2823 0002441 246.3178 113.7445 14.43191419033428
1 41181U 15081C   16222.77516664 -.00000081  00000-0  22389-4 0  9993,2 41181  47.0032   0.1329 0002471 249.2110 110.8504 14.43191541 33661
1 41181U 15081C   16222.84439786 -.00000081 +00000-0 +22268-4 0  9996,2 41181 047.0032 359.8137 0002473 249.4163 110.6451 14.43191556033568
1 41181U 15081C   16223.81363515 -.00000079  00000-0  23073-4 0  9992,2 41181  47.0033 355.3451 0002487 252.6235 107.4373 14.43191722 33810
1 41181U 15081C   16224.78287239 -.00000086 +00000-0 +20922-4 0  9995,2 41181 047.0034 350.8765 0002507 255.7691 104.2910 14.43191810033845
1 41181U 15081C   16225.82134082 -.00000083 +00000-0 +21822-4 0  9995,2 41181 047.0034 346.0887 0002517 259.1537 100.9059 14.43191945033997
1 41181U 15081C   16226.79057796 -.00000080 +00000-0 +22807-4 0  9999,2 41181 047.0033 341.6202 0002528 262.3028 097.7564 14.43192088034131
1 41181U 15081C   16227.75981498 -.00000088 +00000-0 +20292-4 0  9995,2 41181 047.0032 337.1516 0002537 265.3740 094.6850 14.43192194034279
1 41181U 15081C   16228.52135827 -.00000091  00000-0  19484-4 0  9993,2 41181  47.0032 333.6405 0002549 267.7551  92.3037 14.43192294 34493
1 41181U 15081C   16228.72905190 -.00000089 +00000-0 +19876-4 0  9995,2 41181 047.0032 332.6830 0002547 268.4179 091.6408 14.43192322034414
1 41181U 15081C   16229.76752002 -.00000083  00000-0  21697-4 0  9990,2 41181  47.0030 327.8951 0002555 271.8072  88.2515 14.43192461 34674
1 41181U 15081C   16231.08291288 -.00000083  00000-0  21800-4 0  9998,2 41181  47.0029 321.8305 0002567 276.0468  84.0119 14.43192602 34860
1 41181U 15081C   16232.12138079 -.00000082  00000-0  22048-4 0  9996,2 41181  47.0028 317.0426 0002563 279.3551  80.7038 14.43192749 35018
1 41181U 15081C   16233.22907984 -.00000091  00000-0  19539-4 0  9998,2 41181  47.0027 311.9355 0002560 282.9060  77.1534 14.43192842 35175
1 41181U 15081C   16234.54447239 -.00000093  00000-0  18959-4 0  9993,2 41181  47.0026 305.8710 0002551 287.1092  72.9508 14.43192975 35365
1 41181U 15081C   16234.68293474 -.00000092 +00000-0 +19058-4 0  9998,2 41181 047.0025 305.2326 0002548 287.5294 072.5307 14.43192998035273
1 41181U 15081C   16235.65217126 -.00000093  00000-0  18809-4 0  9990,2 41181  47.0024 300.7639 0002537 290.6252  69.4355 14.43193115 35524
1 41181U 15081C   16237.17525706 -.00000103  00000-0  15854-4 0  9994,2 41181  47.0021 293.7416 0002518 295.7544  64.3076 14.43193271 35745
1 41181U 15081C   16238.21372451 -.00000101  00000-0  16361-4 0  9999,2 41181  47.0018 288.9537 0002493 299.1350  60.9280 14.43193415 35891
1 41181U 15081C   16238.62911147 -.00000091 +00000-0 +19523-4 0  9996,2 41181 047.0017 287.0385 0002481 300.7017 059.3618 14.43193522035848
1 41181U 15081C   16239.52911650 -.00000079  00000-0  22939-4 0  9996,2 41181  47.0016 282.8889 0002458 303.7001  56.3644 14.43193687 36084
1 41181U 15081C   16239.59834766 -.00000079 +00000-0 +23102-4 0  9998,2 41181 047.0015 282.5697 0002458 303.9957 056.0689 14.43193701035980
1 41181U 15081C   16240.56758376 -.00000073  00000-0  24629-4 0  9998,2 41181  47.0014 278.1008 0002436 307.3844  52.6813 14.43193863 36234
1 41181U 15081C   16241.60605096 -.00000078  00000-0  23304-4 0  9998,2 41181  47.0013 273.3126 0002403 311.0601  49.0071 14.43193978 36387
1 41181U 15081C   16243.12913602 -.00000085  00000-0  21098-4 0  9998,2 41181  47.0012 266.2899 0002352 316.2334  43.8359 14.43194105 36606
1 41181U 15081C   16244.44452785 -.00000111  00000-0  13469-4 0  9997,2 41181  47.0011 260.2250 0002303 321.0925  38.9788 14.43194054 36790
1 41181U 15081C   16244.51375899 -.00000113 +00000-0 +12989-4 0  9993,2 41181 047.0011 259.9058 0002301 321.3733 038.6982 14.43194052036699
1 41181U 15081C   16245.48299484 -.00000119  00000-0  11063-4 0  9993,2 41181  47.0010 255.4370 0002252 324.7832  35.2898 14.43194141 36944
1 41181U 15081C   16247.49069739 -.00000105  00000-0  15271-4 0  9994,2 41181  47.0009 246.1801 0002163 332.4938  27.5827 14.43194468 37233
1 41181U 15081C   16248.80608840 -.00000082  00000-0  21943-4 0  9999,2 41181  47.0009 240.1151 0002097 337.2242  22.8544 14.43194774 37427
1 41181U 15081C   16248.94455059 -.00000080 +00000-0 +22556-4 0  9995,2 41181 047.0009 239.4767 0002087 337.7139 022.3649 14.43194805037336
1 41181U 15081C   16250.12147929 -.00000077  00000-0  23520-4 0  9990,2 41181  47.0008 234.0502 0002034 342.8236  17.2574 14.43195035 37617
1 41181U 15081C   16251.43687000 -.00000069  00000-0  25848-4 0  9990,2 41181  47.0009 227.9853 0001981 348.8682  11.2153 14.43195280 37809
1 41181U 15081C   16251.92148754 -.00000067 +00000-0 +26598-4 0  9993,2 41181 047.0009 225.7508 0001959 350.8056 009.2787 14.43195361037760
1 41181U 15081C   16252.89072256 -.00000056  00000-0  29704-4 0  9993,2 41181  47.0010 221.2818 0001901 354.9655   5.1205 14.43195582 38018
1 41181U 15081C   16252.95995360 -.00000058 +00000-0 +29313-4 0  9998,2 41181 047.0010 220.9626 0001891 355.1821 004.9040 14.43195599037917
1 41181U 15081C   16253.99841955 -.00000051  00000-0  31379-4 0  9991,2 41181  47.0011 216.1746 0001847   0.3393 359.7488 14.43195858 38176
1 41181U 15081C   16255.17534733 -.00000064  00000-0  27411-4 0  9992,2 41181  47.0012 210.7483 0001780   5.6517 354.4382 14.43196059 38345
1 41181U 15081C   16256.21381297 -.00000071  00000-0  25194-4 0  9997,2 41181  47.0013 205.9603 0001729  10.8998 349.1919 14.43196197 38496
1 41181U 15081C   16257.32150952 -.00000081  00000-0  22323-4 0  9994,2 41181  47.0013 200.8531 0001677  16.5676 343.5257 14.43196341 38650
1 41181U 15081C   16257.87535774 -.00000084 +00000-0 +21402-4 0  9993,2 41181 047.0014 198.2995 0001652 019.5170 340.5772 14.43196421038625
1 41181U 15081C   16258.84459196 -.00000089  00000-0  20003-4 0  9995,2 41181  47.0014 193.8308 0001602  24.6114 335.4842 14.43196585 38873
1 41181U 15081C   16260.15998096 -.00000068  00000-0  26163-4 0  9999,2 41181  47.0014 187.7660 0001543  31.9885 328.1088 14.43196947 39061
1 41181U 15081C   16261.26767683 -.00000048  00000-0  32120-4 0  9996,2 41181  47.0014 182.6588 0001500  38.4491 321.6495 14.43197233 39229
1 41181U 15081C   16261.89075566 -.00000044 +00000-0 +33289-4 0  9990,2 41181 047.0014 179.7859 0001475 042.4336 317.6658 14.43197369039205
1 41181U 15081C   16262.79075833 -.00000044  00000-0  33336-4 0  9990,2 41181  47.0015 175.6363 0001448  47.9088 312.1914 14.43197543 39440
1 41181U 15081C   16263.82922270 -.00000039  00000-0  34887-4 0  9997,2 41181  47.0016 170.8484 0001414  54.4539 305.6473 14.43197806 39594
1 41181U 15081C   16265.14461069 -.00000039  00000-0  34810-4 0  9994,2 41181  47.0016 164.7837 0001387  63.0841 297.0180 14.43198067 39789
1 41181U 15081C   16265.83691996 -.00000045 +00000-0 +33094-4 0  9994,2 41181 047.0016 161.5917 0001366 067.7672 292.3352 14.43198205039775
1 41181U 15081C   16266.73692190 -.00000035  00000-0  35829-4 0  9998,2 41181  47.0016 157.4422 0001360  73.7404 286.3625 14.43198485 40019
1 41181U 15081C   16266.80615279 -.00000038 +00000-0 +35036-4 0  9992,2 41181 047.0016 157.1230 0001364 074.5064 285.5966 14.43198508039910
1 41181U 15081C   16267.98307810 -.00000048  00000-0  32028-4 0  9990,2 41181  47.0015 151.6967 0001360  82.7973 277.3061 14.43198773 40192
1 41181U 15081C   16269.16000321 -.00000043  00000-0  33577-4 0  9994,2 41181  47.0014 146.2703 0001370  91.5438 268.5598 14.43199065 40365
1 41181U 15081C   16269.85231203 -.00000056 +00000-0 +29868-4 0  9997,2 41181 047.0013 143.0782 0001378 096.7180 263.3856 14.43199120040356
1 41181U 15081C   16270.68308255 -.00000059  00000-0  28881-4 0  9999,2 41181  47.0012 139.2477 0001385 102.1875 257.9160 14.43199232 40580
1 41181U 15081C   16272.06769991 -.00000058  00000-0  29072-4 0  9993,2 41181  47.0011 132.8636 0001422 111.3357 248.7675 14.43199453 40780
1 41181U 15081C   16273.10616256 -.00000049  00000-0  31920-4 0  9999,2 41181  47.0010 128.0755 0001454 118.3594 241.7432 14.43199695 40932
1 41181U 15081C   16274.42154834 -.00000036  00000-0  35634-4 0  9996,2 41181  47.0011 122.0105 0001504 127.0764 233.0253 14.43200010 41129
1 41181U 15081C   16274.90616410 -.00000038 +00000-0 +35172-4 0  9991,2 41181 047.0011 119.7761 0001531 130.0787 230.0226 14.43200101041082
1 41181U 15081C   16275.80616468 -.00000049  00000-0  31924-4 0  9997,2 41181  47.0011 115.6264 0001571 135.4656 224.6350 14.43200262 41325
1 41181U 15081C   16275.94462629 -.00000049 +00000-0 +31684-4 0  9993,2 41181 047.0011 114.9880 0001577 136.1939 223.9066 14.43200295041231
1 41181U 15081C   16276.84462671 -.00000072  00000-0  24913-4 0  9993,2 41181  47.0011 110.8383 0001619 141.5115 218.5880 14.43200378 41479
1 41181U 15081C   16276.91385755 -.00000076 +00000-0 +23944-4 0  9995,2 41181 047.0011 110.5191 0001609 141.6660 218.4334 14.43200365041376
1 41181U 15081C   16277.95231941 -.00000087  00000-0  20497-4 0  9999,2 41181  47.0012 105.7311 0001680 147.8750 212.2232 14.43200517 41631
1 41181U 15081C   16278.99078119 -.00000093  00000-0  18711-4 0  9993,2 41181  47.0012 100.9430 0001742 153.6981 206.3987 14.43200651 41786
1 41181U 15081C   16279.89078135 -.00000094 +00000-0 +18476-4 0  9990,2 41181 047.0012 096.7933 0001782 158.2700 201.8255 14.43200774041807
1 41181U 15081C   16280.72155058 -.00000097  00000-0  17640-4 0  9999,2 41181  47.0013  92.9627 0001828 162.6135 197.4808 14.43200896 42033
1 41181U 15081C   16280.92924287 -.00000095 +00000-0 +18256-4 0  9991,2 41181 047.0013 092.0051 0001836 163.4986 196.5954 14.43200946041955
1 41181U 15081C   16281.82924280 -.00000086  00000-0  20963-4 0  9992,2 41181  47.0014  87.8554 0001881 167.7740 192.3185 14.43201117 42199
1 41181U 15081C   16282.86770411 -.00000072  00000-0  24920-4 0  9994,2 41181  47.0015  83.0671 0001937 172.4961 187.5948 14.43201313 42346
1 41181U 15081C   16283.90616529 -.00000068  00000-0  26262-4 0  9995,2 41181  47.0017  78.2790 0001996 177.3544 182.7346 14.43201494 42497
1 41181U 15081C   16284.87539552 -.00000066 +00000-0 +26904-4 0  9993,2 41181 047.0019 073.8101 0002060 181.9009 178.1863 14.43201694042525
1 41181U 15081C   16285.84462559 -.00000066  00000-0  26927-4 0  9998,2 41181  47.0021  69.3413 0002116 186.1281 173.9573 14.43201905 42778
