1 41180U 15081B   15356.14768787 -.00000209  00000-0  00000+0 0  9998,2 41180  46.9973   2.3767 0031201  20.2511  92.4035 14.77944525    19
1 41180U 15081B   15356.53216676 -.00000210  00000-0  00000+0 0  9998,2 41180  47.0020   0.4944 0031944  20.8676 339.3429 14.78006181    76
1 41180U 15081B   15356.59977566 -.00000209  00000-0  00000+0 0  9994,2 41180  46.9991   0.1797 0030691  24.2302 336.0035 14.77975222    84
1 41180U 15081B   15356.87017686 -.00000209  00000-0  00000+0 0  9993,2 41180  46.9991 358.8611 0030691  25.5099 334.7352 14.77978765   126
1 41180U 15081B   15356.93777668  .00000526  00000-0  10000-3 0  9999,2 41180  46.9990 358.5325 0030648  25.8105 334.4336 14.77979124   137
1 41180U 15081B   15357.14057663 -.00014645  00000-0 -19679-2 0  9998,2 41180  47.0005 357.5467 0031030  25.1846 335.0272 14.77957769   163
1 41180U 15081B   15357.41098720 -.00006040  00000-0 -79382-3 0  9995,2 41180  47.0025 356.2289 0030928  26.8389 333.4253 14.77964015   206
1 41180U 15081B   15357.47858516  .00000526  00000-0  10000-3 0  9991,2 41180  47.0025 355.8993 0030928  27.1588 333.1008 14.77973137   219
1 41180U 15081B   15357.81658556 -.00005156  00000-0 -67335-3 0  9990,2 41180  47.0029 354.2516 0030927  28.7630 331.4750 14.77961275   261
1 41180U 15081B   15358.08699370  .00000171  00000-0  51671-4 0  9996,2 41180  47.0030 352.9336 0030948  29.8228 330.4734 14.77973146   302
1 41180U 15081B   15359.43899363  .00000833  00000-0  14177-3 0  9994,2 41180  47.0031 346.3420 0030935  36.2793 324.0197 14.77977422   504
1 41180U 15081B   15360.85859552  .00000979  00000-0  16154-3 0  9996,2 41180  47.0031 339.4202 0030964  42.9592 317.3728 14.77981439   719
1 41180U 15081B   15361.94019445  .00000861  00000-0  14553-3 0  9997,2 41180  47.0039 334.1479 0030987  48.0262 312.3223 14.77983344   870
1 41180U 15081B   15362.95419439  .00000761  00000-0  13190-3 0  9991,2 41180  47.0026 329.2061 0031083  52.9582 307.4152 14.77984698  1022
1 41180U 15081B   15363.49499853 -.00000540  00000-0 -44960-4 0  9996,2 41180  47.0028 326.5715 0031359  55.3986 304.9793 14.77978180  1102
1 41180U 15081B   15363.69780006 -.00000558 +00000-0 -47289-4 0  9997,2 41180 047.0028 325.5826 0031375 056.3357 304.0515 14.77977948001132
1 41180U 15081B   15364.50900262 -.00001241  00000-0 -14031-3 0  9994,2 41180  47.0029 321.6294 0031152  60.8585 299.5413 14.77974418  1252
1 41180U 15081B   15364.91460427 -.00001062 +00000-0 -11594-3 0  9995,2 41180 047.0027 319.6529 0030928 063.1067 297.3062 14.77974684001317
1 41180U 15081B   15365.45540255 -.00000398  00000-0 -25630-4 0  9991,2 41180  47.0033 317.0178 0031121  65.8091 294.6055 14.77977411  1399
1 41180U 15081B   15365.86100288 -.00000395 +00000-0 -25173-4 0  9993,2 41180 047.0033 315.0401 0031159 067.6525 292.7660 14.77977273001453
1 41180U 15081B   16001.87499932  .00000618  00000-0  11257-3 0  9992,2 41180  47.0038 310.0953 0031133  72.1793 288.2531 14.77982990  1601
1 41180U 15081B   16002.88899262  .00000981  00000-0  16183-3 0  9990,2 41180  47.0039 305.1552 0031194  76.9558 283.4801 14.77987057  1752
1 41180U 15081B   16004.17338283  .00000984  00000-0  16229-3 0  9999,2 41180  47.0035 298.8944 0031176  83.0012 277.4396 14.77989984  1949
1 41180U 15081B   16004.78177754 +.00000967 +00000-0 +15992-3 0  9997,2 41180 047.0035 295.9293 0031153 086.0792 274.3663 14.77991368002030
1 41180U 15081B   16005.79576753  .00000633  00000-0  11446-3 0  9991,2 41180  47.0025 290.9874 0031204  90.8954 269.5482 14.77991788  2186
1 41180U 15081B   16006.80975716  .00000555  00000-0  10386-3 0  9991,2 41180  47.0017 286.0456 0031177  95.9306 264.5139 14.77992710  2332
1 41180U 15081B   16008.02654144  .00000556  00000-0  10398-3 0  9990,2 41180  47.0018 280.1145 0031138 101.8270 258.6117 14.77994516  2513
1 41180U 15081B   16009.10812584  .00000516  00000-0  98597-4 0  9998,2 41180  47.0021 274.8436 0031216 107.1016 253.3297 14.77996016  2679
1 41180U 15081B   16010.18970818  .00000655  00000-0  11746-3 0  9997,2 41180  47.0035 269.5738 0031190 112.3820 248.0393 14.77998457  2839
1 41180U 15081B   16010.73049828 +.00000635 +00000-0 +11472-3 0  9990,2 41180 047.0035 266.9370 0031175 114.8455 245.5672 14.77999269002919
1 41180U 15081B   16011.67688086  .00000665  00000-0  11881-3 0  9996,2 41180  47.0031 262.3240 0031234 119.2605 241.1422 14.78001017  3050
1 41180U 15081B   16011.87967668 +.00000519 +00000-0 +99019-4 0  9992,2 41180 047.0022 261.3376 0031341 120.2781 240.1160 14.78000409003080
1 41180U 15081B   16012.75846008  .00000545  00000-0  10246-3 0  9997,2 41180  47.0014 257.0532 0031325 124.2034 236.1832 14.78001893  3218
1 41180U 15081B   16013.77243721  .00000572  00000-0  10620-3 0  9999,2 41180  47.0026 252.1047 0031239 129.0087 231.3586 14.78003665  3361
1 41180U 15081B   16014.04283124 -.00006180  00000-0 -81142-3 0  9991,2 41180  47.0132 250.8214 0033991 132.8497 227.3298 14.77965295  3409
1 41180U 15081B   16014.11046835  .00000576  00000-0  10671-3 0  9995,2 41180  47.0029 250.4588 0031315 130.7584 229.8088 14.78004241  3417
1 41180U 15081B   16014.65121715 -.00006478  00000-0 -85211-3 0  9996,2 41180  47.0138 247.8632 0033895 136.5317 223.5470 14.77958029  3496
1 41180U 15081B   16014.71887008 -.00017313  00000-0 -23336-2 0  9996,2 41180  46.9998 247.4997 0031250 133.4304 226.9653 14.77933827  3492
1 41180U 15081B   16015.12447329 -.00014848  00000-0 -19954-2 0  9991,2 41180  47.0097 245.5315 0033293 135.3072 224.8828 14.77909132  3560
1 41180U 15081B   16015.59772664 -.00016279 +00000-0 -21923-2 0  9994,2 41180 047.0078 243.2246 0033158 137.4052 222.9125 14.77887518003638
1 41180U 15081B   16015.80054394 -.00020257  00000-0 -27389-2 0  9994,2 41180  47.0107 242.2207 0033055 129.4077 230.7688 14.77854855  3663
1 41180U 15081B   16016.00339918 -.00024181  00000-0 -32759-2 0  9992,2 41180  47.0066 241.2409 0034702 136.4248 223.9021 14.77825472  3699
1 41180U 15081B   16016.54426364 -.00030285  00000-0 -41238-2 0  9997,2 41180  47.0026 238.6076 0032784 142.2235 218.0464 14.77768859  3774
1 41180U 15081B   16017.01754017 -.00030056  00000-0 -40921-2 0  9993,2 41180  47.0091 236.2948 0033768 143.4482 216.9092 14.77747103  3849
1 41180U 15081B   16017.96409066 -.00023753  00000-0 -32246-2 0  9995,2 41180  47.0117 231.6827 0034497 144.9119 215.5823 14.77734233  3988
1 41180U 15081B   16018.70778454 -.00012900  00000-0 -17368-2 0  9998,2 41180  46.9976 228.0544 0032531 150.6357 209.8461 14.77749788  4098
1 41180U 15081B   16018.97818586 -.00003123  00000-0 -39816-3 0  9998,2 41180  47.0000 226.7398 0031240 154.1532 206.2747 14.77789560  4135
1 41180U 15081B   16019.58662598 -.00019998  00000-0 -27162-2 0  9993,2 41180  47.0001 223.7628 0031289 147.6341 212.2609 14.77697799  4223
1 41180U 15081B   16019.99242358 -.00022887  00000-0 -31158-2 0  9997,2 41180  47.0041 221.8033 0032474 154.9860 205.2055 14.77646137  4283
1 41180U 15081B   16021.95332053 -.00144521  00000-0 -20713-1 0  9992,2 41180  47.0239 212.2560 0028435 157.7639 197.4504 14.76624709  4571
1 41180U 15081B   16022.36024677 -.00179541  00000-0 -25966-1 0  9993,2 41180  47.0279 210.2719 0031249 162.6543 197.4412 14.76404505  4630
1 41180U 15081B   16022.63096203 -.00173307  00000-0 -25076-1 0  9993,2 41180  47.0279 208.9559 0031290 163.9163 196.4070 14.76344048  4672
1 41180U 15081B   16023.30773228 -.00176126  00000-0 -25632-1 0  9997,2 41180  46.9937 205.7059 0032469 175.5489 184.5905 14.76087724  4771
1 41180U 15081B   16023.78154827 -.00171939  00000-0 -25127-1 0  9993,2 41180  46.9972 203.3942 0029862 176.9337 183.1978 14.75944450  4845
1 41180U 15081B   16023.91693157 -.00168433  00000-0 -24648-1 0  9994,2 41180  46.9950 202.7276 0028009 175.0172 185.0887 14.75905617  4867
1 41180U 15081B   16026.75973096 -.00000205  00000-0 -21088-6 0  9994,2 41180  47.0000 188.9027 0023445 195.4366 164.5814 14.76091332  5284
1 41180U 15081B   16027.84270778  .00000146  00000-0  49822-4 0  9998,2 41180  46.9997 183.6365 0023590 200.3148 159.6781 14.76091657  5445
1 41180U 15081B   16028.92568464  .00000449  00000-0  93066-4 0  9995,2 41180  46.9999 178.3724 0023651 205.3765 154.5977 14.76094005  5604
1 41180U 15081B   16030.34709024  .00000499  00000-0  10010-3 0  9995,2 41180  47.0000 171.4649 0023708 212.0637 147.8835 14.76096133  5810
1 41180U 15081B   16031.36237880  .00000507  00000-0  10131-3 0  9998,2 41180  47.0001 166.5306 0023855 216.6465 143.2810 14.76097465  5966
1 41180U 15081B   16032.37766764  .00000289  00000-0  70179-4 0  9994,2 41180  47.0006 161.5951 0023873 221.3796 138.5281 14.76097504  6113
1 41180U 15081B   16033.39295466  .00000465  00000-0  95215-4 0  9997,2 41180  47.0007 156.6601 0023878 225.9558 133.9365 14.76099775  6262
1 41180U 15081B   16033.79906972 +.00000627 +00000-0 +11834-3 0  9996,2 41180 047.0013 154.6871 0023761 227.9858 131.9028 14.76101166006321
1 41180U 15081B   16034.54361229  .00000589  00000-0  11300-3 0  9995,2 41180  47.0017 151.0669 0023733 231.4501 128.4248 14.76102230  6435
1 41180U 15081B   16034.61129818  .00000565  00000-0  10946-3 0  9998,2 41180  47.0008 150.7464 0023970 231.7921 128.0813 14.76102425  6447
1 41180U 15081B   16034.74666958 +.00000761 +00000-0 +13750-3 0  9997,2 41180 047.0018 150.0814 0023746 232.3476 127.5270 14.76103364006469
1 41180U 15081B   16035.69426919  .00000614  00000-0  11644-3 0  9990,2 41180  47.0025 145.4781 0023906 236.4606 123.3998 14.76104226  6601
1 41180U 15081B   16036.70955376  .00000678  00000-0  12560-3 0  9995,2 41180  47.0024 140.5438 0023827 241.2404 118.6105 14.76106254  6753
1 41180U 15081B   16037.72483586  .00000921  00000-0  16026-3 0  9999,2 41180  47.0025 135.6110 0023811 246.0089 113.8305 14.76109433  6909
1 41180U 15081B   16039.48465514  .00001008  00000-0  17267-3 0  9990,2 41180  47.0021 127.0588 0023943 253.8622 105.9622 14.76113800  7160
1 41180U 15081B   16040.49993357  .00001029  00000-0  17557-3 0  9999,2 41180  47.0026 122.1246 0023905 258.8719 100.9464 14.76116572  7317
1 41180U 15081B   16040.56761914 +.00001086 +00000-0 +18368-3 0  9993,2 41180 047.0026 121.7956 0023895 259.0085 100.8130 14.76116997007328
1 41180U 15081B   16041.65058048  .00001215  00000-0  20210-3 0  9994,2 41180  47.0026 116.5317 0023894 264.1315  95.6858 14.76120441  7487
1 41180U 15081B   16043.13965049  .00001101  00000-0  18586-3 0  9994,2 41180  47.0029 109.2940 0023924 271.0088  88.8076 14.76123878  7707
1 41180U 15081B   16044.15492261  .00001204  00000-0  20056-3 0  9997,2 41180  47.0034 104.3607 0023948 275.7792  84.0373 14.76127336  7855
1 41180U 15081B   16045.23787799  .00001268  00000-0  20963-3 0  9997,2 41180  47.0030  99.0976 0023926 280.8201  78.9998 14.76130726  8019
1 41180U 15081B   16046.52388629  .00001130  00000-0  18998-3 0  9992,2 41180  47.0022  92.8490 0023903 286.6099  73.2165 14.76133385  8205
1 41180U 15081B   16048.01294591  .00000992  00000-0  17029-3 0  9991,2 41180  47.0019  85.6111 0023996 293.6966  66.1420 14.76136439  8426
1 41180U 15081B   16049.09589755  .00001002  00000-0  17174-3 0  9993,2 41180  47.0011  80.3469 0024006 299.0368  60.8187 14.76138954  8587
1 41180U 15081B   16049.50200185  .00001161  00000-0  19430-3 0  9999,2 41180  47.0011  78.3806 0024141 300.1122  59.7378 14.76141097  8649
1 41180U 15081B   16051.05874008  .00001057  00000-0  17957-3 0  9999,2 41180  47.0013  70.8067 0024007 308.0689  51.8058 14.76143992  8872
1 41180U 15081B   16052.07400239  .00000836  00000-0  14805-3 0  9996,2 41180  47.0028  65.8748 0023925 312.6251  47.2604 14.76145427  9021
1 41180U 15081B   16053.49536908  .00000636  00000-0  11962-3 0  9995,2 41180  47.0030  58.9673 0023879 319.0542  40.8547 14.76147076  9236
1 41180U 15081B   16053.83378947 +.00000651 +00000-0 +12170-3 0  9999,2 41180 047.0030 057.3220 0023888 320.6721 039.2439 14.76147726009283
1 41180U 15081B   16055.05210146  .00000462  00000-0  94860-4 0  9998,2 41180  47.0033  51.4020 0023745 326.3075  33.6246 14.76148676  9465
1 41180U 15081B   16056.27041461  .00000383  00000-0  83547-4 0  9997,2 41180  47.0031  45.4798 0023773 332.1875  27.7730 14.76149783  9644
1 41180U 15081B   16057.35335799  .00000401  00000-0  86071-4 0  9993,2 41180  47.0037  40.2161 0023821 337.3432  22.6401 14.76151211  9803
1 41180U 15081B   16057.82714560 +.00000497 +00000-0 +99785-4 0  9993,2 41180 047.0041 037.9134 0023875 339.4891 020.5081 14.76152426009879
1 41180U 15081B   16058.91008577  .00000651  00000-0  12170-3 0  9992,2 41180  47.0046  32.6498 0023763 344.4805  15.5375 14.76154865 10035
1 41180U 15081B   16060.12839451  .00000395  00000-0  85264-4 0  9991,2 41180  47.0039  26.7291 0023702 350.2359   9.8059 14.76155018 10210
1 41180U 15081B   16060.94059970 +.00000426 +00000-0 +89737-4 0  9995,2 41180 047.0034 022.7826 0023681 354.0614 006.0006 14.76156222010339
1 41180U 15081B   16061.14365059  .00000390  00000-0  84592-4 0  9990,2 41180  47.0034  21.7955 0023605 354.8701   5.1943 14.76156190 10369
1 41180U 15081B   16062.29427333  .00000433  00000-0  90723-4 0  9992,2 41180  47.0035  16.2028 0023448   0.1965 359.8963 14.76157770 10533
1 41180U 15081B   16062.70037448 +.00000552 +00000-0 +10765-3 0  9991,2 41180 047.0037 014.2287 0023406 002.1143 357.9876 14.76158978010593
1 41180U 15081B   16063.64794302  .00000656  00000-0  12248-3 0  9997,2 41180  47.0039   9.6232 0023325   6.5212 353.5991 14.76161084 10736
1 41180U 15081B   16063.91867668 +.00000565 +00000-0 +10942-3 0  9991,2 41180 047.0040 008.3070 0023266 007.7783 352.3458 14.76161105010777
1 41180U 15081B   16064.66319403  .00000766  00000-0  13817-3 0  9990,2 41180  47.0038   4.6885 0023141  11.1701 348.9723 14.76163371 10883
1 41180U 15081B   16065.81380952  .00000801  00000-0  14312-3 0  9996,2 41180  47.0036 359.0964 0023041  16.4815 343.6836 14.76165989 11053
1 41180U 15081B   16066.89674208  .00000619  00000-0  11723-3 0  9995,2 41180  47.0036 353.8321 0023265  22.2031 337.9841 14.76167062 11219
1 41180U 15081B   16067.91198708  .00000978  00000-0  16828-3 0  9994,2 41180  47.0036 348.8959 0023264  26.9919 333.2157 14.76170922 11369
1 41180U 15081B   16069.13027874  .00001287  00000-0  21231-3 0  9993,2 41180  47.0045 342.9764 0023211  32.6343 327.5991 14.76175746 11546
1 41180U 15081B   16070.21320297  .00001126  00000-0  18934-3 0  9997,2 41180  47.0054 337.7150 0023375  37.8072 322.4452 14.76178204 11700
1 41180U 15081B   16070.82234641 +.00001091 +00000-0 +18430-3 0  9993,2 41180 047.0046 334.7546 0023100 040.8334 319.4316 14.76179665011794
1 41180U 15081B   16071.83758408  .00000918  00000-0  15966-3 0  9995,2 41180  47.0037 329.8229 0023075  45.8932 314.3826 14.76181248 11944
1 41180U 15081B   16072.85282111  .00000842  00000-0  14891-3 0  9993,2 41180  47.0030 324.8876 0023078  50.7432 309.5500 14.76183046 12093
1 41180U 15081B   16074.13878507  .00000839  00000-0  14848-3 0  9994,2 41180  47.0024 318.6388 0023238  56.8776 303.4330 14.76185847 12287
1 41180U 15081B   16075.15401821  .00000690  00000-0  12724-3 0  9994,2 41180  47.0023 313.7032 0023141  62.0620 298.2614 14.76187041 12439
1 41180U 15081B   16075.76315706 +.00000596 +00000-0 +11386-3 0  9995,2 41180 047.0023 310.7413 0023196 064.8975 295.4300 14.76187706012521
1 41180U 15081B   16076.77838800  .00000575  00000-0  11087-3 0  9997,2 41180  47.0025 305.8061 0023160  69.6832 290.6541 14.76189284 12676
1 41180U 15081B   16078.06434470  .00000662  00000-0  12326-3 0  9990,2 41180  47.0029 299.5564 0023130  76.0214 284.3248 14.76191784 12863
1 41180U 15081B   16079.07957244  .00000532  00000-0  10481-3 0  9997,2 41180  47.0033 294.6212 0023112  80.7810 279.5696 14.76192835 13017
1 41180U 15081B   16080.36552562  .00000488  00000-0  98420-4 0  9995,2 41180  47.0032 288.3720 0023063  86.9365 273.4168 14.76194515 13203
1 41180U 15081B   16081.38074958  .00000544  00000-0  10648-3 0  9994,2 41180  47.0031 283.4368 0022981  92.4165 267.9377 14.76196237 13353
1 41180U 15081B   16081.92220156 +.00000536 +00000-0 +10529-3 0  9996,2 41180 047.0029 280.8053 0022932 094.9161 265.4330 14.76196865013439
1 41180U 15081B   16082.59901693  .00000445  00000-0  92340-4 0  9993,2 41180  47.0032 277.5161 0022937  98.3274 262.0194 14.76197354 13530
1 41180U 15081B   16082.86974335 +.00000283 +00000-0 +69349-4 0  9999,2 41180 047.0032 276.1998 0022937 099.6046 260.7432 14.76196980013572
1 41180U 15081B   16083.88496557  .00000224  00000-0  60895-4 0  9999,2 41180  47.0013 271.2667 0022898 104.9405 255.4007 14.76197472 13728
1 41180U 15081B   16084.90018706  .00000204  00000-0  58028-4 0  9992,2 41180  47.0003 266.3333 0022722 109.9185 250.4161 14.76198094 13871
1 41180U 15081B   16085.71236326 +.00000060 +00000-0 +37526-4 0  9992,2 41180 046.9994 262.3846 0022571 113.6040 246.7196 14.76197890013999
1 41180U 15081B   16086.45685886  .00000109  00000-0  44510-4 0  9998,2 41180  46.9990 258.7670 0022534 117.8405 242.4825 14.76198639 14107
1 41180U 15081B   16086.65990188 -.00000142 +00000-0 +88506-5 0  9996,2 41180 046.9986 257.7803 0022563 118.5175 241.7900 14.76197233014131
1 41180U 15081B   16087.47207990  .00000296  00000-0  71160-4 0  9995,2 41180  47.0003 253.8325 0022826 121.1500 239.1677 14.76200602 14253
1 41180U 15081B   16087.60744156 +.00000215 +00000-0 +59627-4 0  9995,2 41180 047.0003 253.1744 0022855 121.8904 238.4201 14.76200273014279
1 41180U 15081B   16088.62265953  .00000349  00000-0  78589-4 0  9997,2 41180  47.0004 248.2396 0022843 126.5373 233.7619 14.76201883 14423
1 41180U 15081B   16090.38236731  .00000343  00000-0  77742-4 0  9999,2 41180  47.0004 239.6842 0022928 135.1280 225.1473 14.76204097 14681
1 41180U 15081B   16091.39758320  .00000374  00000-0  82261-4 0  9990,2 41180  47.0005 234.7487 0022912 139.9620 220.3019 14.76205311 14836
1 41180U 15081B   16092.48047657  .00000609  00000-0  11567-3 0  9996,2 41180  46.9997 229.4880 0023007 145.7863 214.4528 14.76207587 14995
1 41180U 15081B   16093.76641410  .00000316  00000-0  73877-4 0  9993,2 41180  47.0013 223.2411 0022626 151.3832 208.8299 14.76207782 15184
1 41180U 15081B   16094.78162565  .00000323  00000-0  74929-4 0  9992,2 41180  47.0014 218.3064 0022847 156.4152 203.7821 14.76209234 15336
1 41180U 15081B   16096.47364146  .00000373  00000-0  82017-4 0  9991,2 41180  47.0020 210.0804 0023008 164.5411 195.6189 14.76211498 15580
1 41180U 15081B   16096.54132207 +.00000391 +00000-0 +84581-4 0  9998,2 41180 047.0018 209.7510 0023004 164.8413 195.3174 14.76211616015591
1 41180U 15081B   16097.62421085  .00000445  00000-0  92231-4 0  9994,2 41180  47.0023 204.4878 0023115 169.9140 190.2206 14.76213247 15752
1 41180U 15081B   16097.69189165 +.00000425 +00000-0 +89384-4 0  9994,2 41180 047.0024 204.1590 0023147 170.2758 189.8584 14.76213231015763
1 41180U 15081B   16099.11318152  .00000516  00000-0  10226-3 0  9992,2 41180  47.0023 197.2480 0023258 177.1386 182.9670 14.76215513 15976
1 41180U 15081B   16100.26374831  .00000465  00000-0  95107-4 0  9992,2 41180  47.0033 191.6575 0023414 182.5276 177.5520 14.76216926 16145
1 41180U 15081B   16101.34663200  .00000469  00000-0  95667-4 0  9998,2 41180  47.0026 186.3951 0023624 187.8136 172.2328 14.76218245 16304
1 41180U 15081B   16102.36183714  .00000471  00000-0  95891-4 0  9990,2 41180  47.0024 181.4610 0023799 192.5880 167.4431 14.76219632 16450
1 41180U 15081B   16102.42951719 +.00000444 +00000-0 +92110-4 0  9996,2 41180 047.0024 181.1318 0023856 192.8550 167.1732 14.76219520016461
1 41180U 15081B   16103.51240144  .00000299  00000-0  71430-4 0  9990,2 41180  47.0019 175.8695 0023676 198.1217 161.8822 14.76220223 16623
1 41180U 15081B   16104.52760355  .00000399  00000-0  85666-4 0  9990,2 41180  47.0013 170.9331 0023751 202.9279 157.0534 14.76221685 16772
1 41180U 15081B   16105.54280528  .00000397  00000-0  85356-4 0  9996,2 41180  47.0011 165.9975 0023886 207.5390 152.4234 14.76222985 16929
1 41180U 15081B   16106.55800604  .00000492  00000-0  98923-4 0  9991,2 41180  47.0011 161.0609 0023885 212.3294 147.6139 14.76224583 17079
1 41180U 15081B   16107.57320686  .00000443  00000-0  91844-4 0  9992,2 41180  47.0017 156.1304 0023788 217.3371 142.5846 14.76225863 17223
1 41180U 15081B   16109.12984761  .00000296  00000-0  70962-4 0  9999,2 41180  47.0022 148.5619 0023745 224.9924 134.9051 14.76226906 17451
1 41180U 15081B   16110.48344731  .00000225  00000-0  60916-4 0  9997,2 41180  47.0020 141.9852 0023758 231.2778 128.5984 14.76227835 17655
1 41180U 15081B   16110.55112738 +.00000267 +00000-0 +66889-4 0  9996,2 41180 047.0021 141.6566 0023778 231.4769 128.3998 14.76228090017667
1 41180U 15081B   16111.56632639  .00000252  00000-0  64717-4 0  9997,2 41180  47.0027 136.7230 0023862 236.1662 123.6953 14.76228925 17817
1 41180U 15081B   16113.05528548  .00000135  00000-0  48131-4 0  9998,2 41180  47.0022 129.4837 0023897 242.9158 116.9322 14.76229555 18037
1 41180U 15081B   16114.07048415  .00000102  00000-0  43446-4 0  9999,2 41180  47.0014 124.5486 0024019 247.3952 112.4405 14.76229788 18189
1 41180U 15081B   16115.49176261  .00000106  00000-0  43986-4 0  9990,2 41180  47.0012 117.6395 0024054 254.1373 105.6862 14.76230564 18399
1 41180U 15081B   16117.04840068  .00000103  00000-0  43613-4 0  9990,2 41180  47.0012 110.0709 0024021 261.6933  98.1224 14.76231589 18626
1 41180U 15081B   16118.33431963  .00000067  00000-0  38482-4 0  9990,2 41180  47.0009 103.8190 0023970 267.9168  91.8965 14.76232070 18816
1 41180U 15081B   16119.34951907  .00000083  00000-0  40657-4 0  9992,2 41180  47.0021  98.8860 0023949 272.7477  87.0670 14.76232790 18965
1 41180U 15081B   16119.41719905 +.00000103 +00000-0 +43612-4 0  9997,2 41180 047.0022 098.5571 0023945 273.0972 086.7179 14.76232916018973
1 41180U 15081B   16120.77079704  .00000208  00000-0  58477-4 0  9995,2 41180  47.0028  91.9780 0023923 279.1815  80.6378 14.76234371 19171
1 41180U 15081B   16121.78599543  .00000162  00000-0  51949-4 0  9991,2 41180  47.0037  87.0424 0023965 283.7549  76.0697 14.76234987 19326
1 41180U 15081B   16123.07191239  .00000189  00000-0  55841-4 0  9999,2 41180  47.0036  80.7931 0023944 289.4607  70.3691 14.76236066 19515
1 41180U 15081B   16123.81639082 +.00000239 +00000-0 +62958-4 0  9997,2 41180 047.0037 077.1739 0023946 293.0963 066.7407 14.76236968019627
1 41180U 15081B   16124.29014980  .00000357  00000-0  79629-4 0  9998,2 41180  47.0032  74.8717 0023915 295.2339  64.6110 14.76238021 19696
1 41180U 15081B   16125.30534521  .00000557  00000-0  10805-3 0  9991,2 41180  47.0030  69.9374 0023952 300.0761  59.7762 14.76240223 19845
1 41180U 15081B   16126.32054061  .00000596  00000-0  11361-3 0  9991,2 41180  47.0025  65.0030 0023915 304.6820  55.1825 14.76241832 19993
1 41180U 15081B   16126.92965721 +.00000474 +00000-0 +96232-4 0  9997,2 41180 047.0025 062.0414 0023829 307.2578 052.6126 14.76242147020087
1 41180U 15081B   16127.80949320  .00000411  00000-0  87401-4 0  9991,2 41180  47.0024  57.7652 0023880 311.3323  48.5531 14.76243059 20214
1 41180U 15081B   16128.82468743  .00000438  00000-0  91130-4 0  9992,2 41180  47.0020  52.8308 0023819 316.0365  43.8651 14.76244412 20365
1 41180U 15081B   16130.04291837  .00000472  00000-0  96009-4 0  9995,2 41180  47.0023  46.9091 0023776 321.5099  38.4066 14.76246063 20542
1 41180U 15081B   16131.12578921  .00000738  00000-0  13386-3 0  9998,2 41180  47.0023  41.6452 0023721 326.3898  33.5510 14.76249342 20706
1 41180U 15081B   16131.19346819 +.00000756 +00000-0 +13640-3 0  9997,2 41180 047.0027 041.3173 0023667 326.5880 033.3517 14.76249546020711
1 41180U 15081B   16133.15616998  .00000692  00000-0  12723-3 0  9993,2 41180  47.0039  31.7755 0023686 335.9288  24.0535 14.76252684 21007
1 41180U 15081B   16135.05118775  .00000423  00000-0  89060-4 0  9995,2 41180  47.0040  22.5637 0023490 344.2787  15.7379 14.76254203 21288
1 41180U 15081B   16136.13405675  .00000375  00000-0  82301-4 0  9990,2 41180  47.0022  17.3013 0023655 350.6739   9.3698 14.76255243 21445
1 41180U 15081B   16137.48763930  .00000515  00000-0  10210-3 0  9995,2 41180  47.0020  10.7192 0023644 356.9794   3.1006 14.76257738 21644
1 41180U 15081B   16137.69067539 +.00000441 +00000-0 +91610-4 0  9992,2 41180 047.0020 009.7319 0023643 357.9374 002.1397 14.76257576021672
1 41180U 15081B   16138.63818346  .00000364  00000-0  80732-4 0  9994,2 41180  47.0028   5.1272 0023468   2.3714 357.7335 14.76258412 21819
1 41180U 15081B   16139.99176149  .00000492  00000-0  98835-4 0  9997,2 41180  47.0029 358.5437 0023598   8.7239 351.4076 14.76260763 22012
1 41180U 15081B   16141.00694413  .00000348  00000-0  78359-4 0  9990,2 41180  47.0022 353.6155 0023074  13.3125 346.8339 14.76261184 22167
1 41180U 15081B   16142.02212681  .00000447  00000-0  92490-4 0  9998,2 41180  47.0024 348.6853 0022567  17.8633 342.3078 14.76262795 22314
1 41180U 15081B   16143.37570069  .00000385  00000-0  83669-4 0  9993,2 41180  47.0025 342.1055 0022459  24.0826 336.1086 14.76264145 22515
1 41180U 15081B   16144.39088155  .00000152  00000-0  50563-4 0  9995,2 41180  47.0017 337.1712 0022192  28.8872 331.3251 14.76264138 22666
1 41180U 15081B   16144.66159582 +.00000209 +00000-0 +58618-4 0  9990,2 41180 047.0017 335.8560 0022207 030.1206 330.0943 14.76264736022709
1 41180U 15081B   16145.60909682  .00000170  00000-0  53065-4 0  9997,2 41180  47.0017 331.2497 0022250  34.4230 325.8063 14.76265279 22843
1 41180U 15081B   16146.82731221  .00000101  00000-0  43306-4 0  9995,2 41180  47.0016 325.3280 0022125  40.3271 319.9253 14.76265897 23020
1 41180U 15081B   16148.31624103  .00000051  00000-0  36224-4 0  9996,2 41180  47.0019 318.0896 0022077  47.6092 312.6679 14.76266557 23242
1 41180U 15081B   16149.46677528  .00000177  00000-0  54081-4 0  9992,2 41180  47.0052 312.4931 0022570  53.3499 306.9400 14.76268034 23419
1 41180U 15081B   16149.66981184 -.00000034 +00000-0 +24178-4 0  9997,2 41180 047.0057 311.5058 0022522 054.4025 305.8928 14.76267113023441
1 41180U 15081B   16150.48195359  .00000135  00000-0  48239-4 0  9995,2 41180  47.0038 307.5639 0022749  58.3308 301.9745 14.76268515 23562
1 41180U 15081B   16151.49713007  .00000099  00000-0  43058-4 0  9996,2 41180  47.0042 302.6274 0022835  63.1435 297.1771 14.76269249 23716
1 41180U 15081B   16152.51230340  .00000344  00000-0  77838-4 0  9990,2 41180  47.0037 297.6927 0022742  68.3198 292.0094 14.76271420 23860
1 41180U 15081B   16152.78301667 +.00000425 +00000-0 +89387-4 0  9992,2 41180 047.0037 296.3763 0022732 069.7075 290.6272 14.76272068023908
1 41180U 15081B   16153.52747559  .00000254  00000-0  65108-4 0  9994,2 41180  47.0027 292.7578 0022612  73.7073 286.6258 14.76272155 24010
1 41180U 15081B   16154.74568247  .00000267  00000-0  66859-4 0  9992,2 41180  47.0022 286.8348 0022608  79.6139 280.7286 14.76273371 24193
1 41180U 15081B   16155.76085324  .00000286  00000-0  69598-4 0  9999,2 41180  47.0023 281.9008 0022576  84.5379 275.8065 14.76274417 24347
1 41180U 15081B   16156.77602401  .00000249  00000-0  64357-4 0  9999,2 41180  47.0028 276.9662 0022600  89.3485 270.9996 14.76275144 24494
1 41180U 15081B   16157.79119360  .00000208  00000-0  58553-4 0  9995,2 41180  47.0028 272.0295 0022600  94.1384 266.2095 14.76275488 24641
1 41180U 15081B   16159.14475159  .00000233  00000-0  62136-4 0  9997,2 41180  47.0046 265.4509 0022626 100.6960 259.6499 14.76277040 24848
1 41180U 15081B   16159.75385171 +.00000278 +00000-0 +68476-4 0  9990,2 41180 047.0042 262.4899 0022624 103.5200 256.8213 14.76277657024937
1 41180U 15081B   16160.56598487  .00000316  00000-0  73924-4 0  9994,2 41180  47.0036 258.5416 0022617 107.4711 252.8672 14.76278659 25055
1 41180U 15081B   16160.70134001 +.00000322 +00000-0 +74650-4 0  9992,2 41180 047.0040 257.8838 0022601 108.1657 252.1694 14.76278785025079
1 41180U 15081B   16161.64882845  .00000244  00000-0  63624-4 0  9994,2 41180  47.0031 253.2792 0022624 112.5787 247.7506 14.76279276 25210
1 41180U 15081B   16163.13773599  .00000295  00000-0  70846-4 0  9995,2 41180  47.0024 246.0411 0022525 119.6004 240.7137 14.76280813 25436
1 41180U 15081B   16164.22057792  .00000128  00000-0  47092-4 0  9998,2 41180  47.0016 240.7769 0022607 124.7765 235.5277 14.76280732 25590
1 41180U 15081B   16165.30341871  .00000118  00000-0  45674-4 0  9995,2 41180  47.0014 235.5143 0022633 130.5183 229.7726 14.76281373 25758
1 41180U 15081B   16166.31857963  .00000157  00000-0  51273-4 0  9996,2 41180  47.0012 230.5802 0022631 135.7014 224.5678 14.76282065 25906
1 41180U 15081B   16167.19838614 +.00000224 +00000-0 +60694-4 0  9997,2 41180 047.0014 226.3021 0022579 139.7123 220.5440 14.76283100026039
1 41180U 15081B   16167.60445067  .00000186  00000-0  55378-4 0  9999,2 41180  47.0018 224.3283 0022661 141.7998 218.4502 14.76283193 26099
1 41180U 15081B   16168.61961153  .00000037  00000-0  34129-4 0  9996,2 41180  47.0025 219.3936 0022593 146.5990 213.6323 14.76283265 26240
1 41180U 15081B   16169.97315788  .00000190  00000-0  55895-4 0  9996,2 41180  47.0029 212.8134 0022661 153.1996 207.0081 14.76284794 26446
1 41180U 15081B   16170.98831818  .00000030  00000-0  33127-4 0  9993,2 41180  47.0017 207.8795 0022698 157.9699 202.2187 14.76284437 26596
1 41180U 15081B   16172.07115434  .00000100  00000-0  43091-4 0  9993,2 41180  47.0015 202.6143 0022765 163.0644 197.1033 14.76285279 26752
1 41180U 15081B   16173.08631406 -.00000022  00000-0  25761-4 0  9995,2 41180  47.0004 197.6799 0022733 167.7090 192.4375 14.76284843 26901
1 41180U 15081B   16174.10147156  .00000069  00000-0  38763-4 0  9999,2 41180  46.9989 192.7447 0022801 172.5170 187.6057 14.76285716 27056
1 41180U 15081B   16175.11662939  .00000111  00000-0  44642-4 0  9993,2 41180  46.9989 187.8086 0022810 177.3002 182.8029 14.76286575 27204
1 41180U 15081B   16176.13178581  .00000129  00000-0  47166-4 0  9994,2 41180  46.9989 182.8730 0022900 182.2700 177.8082 14.76287288 27356
1 41180U 15081B   16177.28229624  .00000127  00000-0  46911-4 0  9991,2 41180  46.9986 177.2799 0022865 187.7539 172.2974 14.76288043 27524
1 41180U 15081B   16178.29745305  .00000100  00000-0  43064-4 0  9999,2 41180  46.9990 172.3440 0022876 192.5178 167.5145 14.76288535 27672
1 41180U 15081B   16179.31260856  .00000180  00000-0  54496-4 0  9995,2 41180  47.0005 167.4094 0022873 197.1775 162.8335 14.76289807 27821
1 41180U 15081B   16180.39544010  .00000320  00000-0  74245-4 0  9992,2 41180  47.0015 162.1473 0023002 202.1756 157.8135 14.76291540 27982
1 41180U 15081B   16180.93685572 +.00000328 +00000-0 +75515-4 0  9990,2 41180 047.0016 159.5146 0022989 204.7131 155.2657 14.76292121028065
1 41180U 15081B   16181.41059422  .00000337  00000-0  76693-4 0  9991,2 41180  47.0012 157.2119 0023019 206.8876 153.0817 14.76292595 28137
1 41180U 15081B   16181.95200951 +.00000318 +00000-0 +74044-4 0  9992,2 41180 047.0012 154.5792 0023019 209.4474 150.5118 14.76293096028219
1 41180U 15081B   16182.42574871  .00000074  00000-0  39407-4 0  9993,2 41180  47.0016 152.2766 0023086 211.6214 148.3285 14.76292280 28281
1 41180U 15081B   16182.89948736 +.00000189 +00000-0 +55721-4 0  9993,2 41180 047.0018 149.9732 0023157 213.8241 146.1204 14.76293151028355
1 41180U 15081B   16183.71161083 -.00000066  00000-0  19542-4 0  9993,2 41180  47.0014 146.0250 0023162 217.5727 142.3539 14.76292248 28478
1 41180U 15081B   16184.86211858  .00000071  00000-0  38936-4 0  9999,2 41180  47.0019 140.4329 0023253 223.0740 136.8348 14.76293534 28640
1 41180U 15081B   16185.94494940 -.00000002  00000-0  28605-4 0  9991,2 41180  47.0017 135.1685 0023291 227.9927 131.8969 14.76293505 28806
1 41180U 15081B   16186.96010384 -.00000080  00000-0  17440-4 0  9991,2 41180  47.0021 130.2336 0023303 232.7465 127.1287 14.76293481 28955
1 41180U 15081B   16188.31364341  .00000010  00000-0  30342-4 0  9995,2 41180  47.0027 123.6553 0023298 239.1898 120.6697 14.76294235 29156
1 41180U 15081B   16188.71970513 +.00000076 +00000-0 +39619-4 0  9991,2 41180 047.0027 121.6805 0023315 241.1574 118.6996 14.76294763029210
1 41180U 15081B   16189.59950510  .00000004  00000-0  29389-4 0  9997,2 41180  47.0032 117.4040 0023236 245.3322 114.5116 14.76294805 29349
1 41180U 15081B   16189.80253659 +.00000050 +00000-0 +35937-4 0  9998,2 41180 047.0032 116.4166 0023234 246.2960 113.5507 14.76295168029372
1 41180U 15081B   16190.61465984  .00000029  00000-0  32969-4 0  9993,2 41180  47.0030 112.4696 0023203 250.1970 109.6395 14.76295298 29493
1 41180U 15081B   16190.88536808 +.00000039 +00000-0 +34398-4 0  9995,2 41180 047.0031 111.1531 0023222 251.4078 108.4310 14.76295595029531
1 41180U 15081B   16191.76516757  .00000216  00000-0  59498-4 0  9999,2 41180  47.0028 106.8760 0023284 255.3290 104.5059 14.76297062 29661
1 41180U 15081B   16192.78032071  .00000279  00000-0  68522-4 0  9991,2 41180  47.0027 101.9410 0023307 259.9605  99.8687 14.76298101 29819
1 41180U 15081B   16193.79547316  .00000278  00000-0  68279-4 0  9994,2 41180  47.0033  97.0087 0023267 264.5396  95.2828 14.76299109 29967
1 41180U 15081B   16194.87830285  .00000201  00000-0  57404-4 0  9998,2 41180  47.0029  91.7446 0023329 269.3909  90.4305 14.76299661 30124
1 41180U 15081B   16196.09648550  .00000258  00000-0  65514-4 0  9999,2 41180  47.0016  85.8291 0023580 274.5361  85.2838 14.76301108 30304
1 41180U 15081B   16197.11163750  .00000303  00000-0  71823-4 0  9998,2 41180  47.0016  80.8943 0023575 279.1568  80.6658 14.76302244 30454
1 41180U 15081B   16198.12678905  .00000275  00000-0  67924-4 0  9998,2 41180  47.0016  75.9595 0023558 283.7828  76.0443 14.76303063 30601
1 41180U 15081B   16198.87123362 +.00000222 +00000-0 +60443-4 0  9993,2 41180 047.0016 072.3405 0023546 287.1372 072.6943 14.76303377030718
1 41180U 15081B   16199.14194070  .00000244  00000-0  63467-4 0  9991,2 41180  47.0016  71.0246 0023534 288.3715  71.4619 14.76303705 30754
1 41180U 15081B   16199.88638496 +.00000221 +00000-0 +60194-4 0  9996,2 41180 047.0016 067.4057 0023512 291.7452 068.0939 14.76304219030865
1 41180U 15081B   16200.83385905 +.00000129 +00000-0 +47176-4 0  9990,2 41180 047.0016 062.7998 0023479 296.0310 063.8166 14.76304608031004
1 41180U 15081B   16201.84900994  .00000132  00000-0  47608-4 0  9997,2 41180  47.0017  57.8650 0023443 300.6677  59.1905 14.76305424 31156
1 41180U 15081B   16203.06719030  .00000161  00000-0  51728-4 0  9992,2 41180  47.0017  51.9432 0023372 306.1918  53.6813 14.76306645 31332
1 41180U 15081B   16203.87931044 +.00000161 +00000-0 +51705-4 0  9997,2 41180 047.0017 047.9953 0023325 309.8976 049.9866 14.76307296031459
1 41180U 15081B   16204.82678388  .00000129  00000-0  47263-4 0  9990,2 41180  47.0017  43.3895 0023277 314.2422  45.6560 14.76307829 31597
1 41180U 15081B   16204.89446055 +.00000130 +00000-0 +47298-4 0  9991,2 41180 047.0017 043.0605 0023273 314.5573 045.3419 14.76307876031603
1 41180U 15081B   16205.84193377  .00000107  00000-0  44039-4 0  9997,2 41180  47.0017  38.4546 0023220 318.9158  40.9986 14.76308415 31749
1 41180U 15081B   16205.90961043 +.00000106 +00000-0 +43987-4 0  9997,2 41180 047.0017 038.1256 0023216 319.2340 040.6816 14.76308458031753
1 41180U 15081B   16206.85708348  .00000056  00000-0  36836-4 0  9998,2 41180  47.0017  33.5197 0023158 323.5979  36.3338 14.76308823 31899
1 41180U 15081B   16206.92476012 +.00000055 +00000-0 +36723-4 0  9990,2 41180 047.0017 033.1907 0023155 323.9151 036.0178 14.76308859031907
1 41180U 15081B   16207.87223265  .00000131  00000-0  47435-4 0  9992,2 41180  47.0017  28.5847 0023100 328.3048  31.6453 14.76309946 32043
1 41180U 15081B   16207.93990926 +.00000129 +00000-0 +47277-4 0  9995,2 41180 047.0017 028.2557 0023098 328.6227 031.3287 14.76309983032050
1 41180U 15081B   16208.95505896  .00000048  00000-0  35764-4 0  9994,2 41180  47.0018  23.3207 0023026 333.3116  26.6591 14.76310010 32205
1 41180U 15081B   16210.51162114  .00000021  00000-0  31867-4 0  9992,2 41180  47.0019  15.7536 0022916 340.5205  19.4811 14.76310574 32437
1 41180U 15081B   16210.57929776 +.00000014 +00000-0 +30919-4 0  9992,2 41180 047.0019 015.4246 0022909 340.8382 019.1648 14.76310575032440
1 41180U 15081B   16211.86515311  .00000001  00000-0  29124-4 0  9993,2 41180  47.0020   9.1739 0022827 346.8527  13.1768 14.76311076 32630
1 41180U 15081B   16212.88030179 -.00000016  00000-0  26706-4 0  9990,2 41180  47.0021   4.2390 0022755 351.5898   8.4611 14.76311426 32783
1 41180U 15081B   16213.89545021 -.00000011  00000-0  27341-4 0  9990,2 41180  47.0021 359.3042 0022676 356.3233   3.7490 14.76311887 32930
1 41180U 15081B   16215.18130456 -.00000007  00000-0  27944-4 0  9990,2 41180  47.0022 353.0535 0022590   2.3455 357.7540 14.76312439 33122
1 41180U 15081B   16216.46715819  .00000039  00000-0  34491-4 0  9993,2 41180  47.0022 346.8027 0022492   8.4061 351.7204 14.76313258 33311
1 41180U 15081B   16216.87321698 +.00000101 +00000-0 +43270-4 0  9991,2 41180 047.0021 344.8288 0022474 010.3433 349.7918 14.76313813033374
1 41180U 15081B   16217.75301104  .00000067  00000-0  38479-4 0  9995,2 41180  47.0021 340.5519 0022413  14.5117 345.6415 14.76314057 33505
1 41180U 15081B   16218.76815717  .00000103  00000-0  43500-4 0  9999,2 41180  47.0021 335.6171 0022347  19.3348 340.8388 14.76314863 33656
1 41180U 15081B   16219.78330286  .00000134  00000-0  48004-4 0  9993,2 41180  47.0021 330.6823 0022296  24.2140 335.9796 14.76315668 33802
1 41180U 15081B   16221.47521044  .00000153  00000-0  50615-4 0  9998,2 41180  47.0020 322.4575 0022176  32.2881 327.9365 14.76317038 34056
1 41180U 15081B   16222.49035409  .00000171  00000-0  53264-4 0  9999,2 41180  47.0019 317.5227 0022112  37.1565 323.0853 14.76317914 34205
1 41180U 15081B   16223.50549687  .00000217  00000-0  59735-4 0  9990,2 41180  47.0018 312.5880 0022051  42.0230 318.2350 14.76318967 34353
1 41180U 15081B   16223.70852533 +.00000219 +00000-0 +60067-4 0  9991,2 41180 047.0017 311.6011 0022045 042.9975 317.2636 14.76319146034385
1 41180U 15081B   16224.58831502 +.00000207 +00000-0 +58311-4 0  9997,2 41180 047.0016 307.3242 0021990 047.2387 313.0351 14.76319758034517
1 41180U 15081B   16225.67113219 +.00000237 +00000-0 +62626-4 0  9993,2 41180 047.0014 302.0604 0021936 052.4469 307.8412 14.76320786034677
1 41180U 15081B   16226.68627250 +.00000239 +00000-0 +62811-4 0  9998,2 41180 047.0012 297.1255 0021885 057.3536 302.9465 14.76321576034822
1 41180U 15081B   16227.63373614 +.00000184 +00000-0 +55122-4 0  9992,2 41180 047.0011 292.5195 0021851 061.9362 298.3737 14.76321986034964
1 41180U 15081B   16228.17514363  .00000174  00000-0  53639-4 0  9990,2 41180  47.0010 289.8875 0021827  64.5619 295.7529 14.76322320 35047
1 41180U 15081B   16229.19028204  .00000161  00000-0  51772-4 0  9999,2 41180  47.0008 284.9524 0021801  69.5080 290.8150 14.76322971 35194
1 41180U 15081B   16230.20541978  .00000117  00000-0  45524-4 0  9990,2 41180  47.0007 280.0174 0021772  74.4611 285.8683 14.76323406 35349
1 41180U 15081B   16231.35590854  .00000081  00000-0  40490-4 0  9991,2 41180  47.0005 274.4244 0021761  80.0905 280.2443 14.76323870 35516
1 41180U 15081B   16232.50639646  .00000039  00000-0  34462-4 0  9997,2 41180  47.0004 268.8314 0021749  85.6980 274.6397 14.76324245 35680
1 41180U 15081B   16232.57407221 +.00000031 +00000-0 +33366-4 0  9990,2 41180 047.0004 268.5024 0021748 086.0135 274.3243 14.76324234035697
1 41180U 15081B   16233.52153213  .00000025  00000-0  32417-4 0  9994,2 41180  47.0002 263.8963 0021737  90.6262 269.7122 14.76324658 35835
1 41180U 15081B   16234.53666726 -.00000012  00000-0  27199-4 0  9992,2 41180  47.0001 258.9613 0021735  95.5731 264.7641 14.76324908 35989
1 41180U 15081B   16236.09320660 -.00000020  00000-0  26100-4 0  9999,2 41180  46.9999 251.3940 0021736 103.1460 257.1860 14.76325480 36211
1 41180U 15081B   16237.44671792 -.00000004  00000-0  28313-4 0  9994,2 41180  46.9997 244.8138 0021759 109.6973 250.6270 14.76326087 36419
1 41180U 15081B   16238.46185065 -.00000008  00000-0  27781-4 0  9992,2 41180  46.9997 239.8786 0021782 114.6128 245.7037 14.76326468 36561
1 41180U 15081B   16239.47698267  .00000003  00000-0  29339-4 0  9992,2 41180  46.9998 234.9434 0021810 119.5467 240.7604 14.76326979 36719
1 41180U 15081B   16241.16886805  .00000033  00000-0  33633-4 0  9993,2 41180  46.9999 226.7181 0021868 127.7645 232.5233 14.76327920 36961
1 41180U 15081B   16242.38702448  .00000086  00000-0  41053-4 0  9991,2 41180  47.0000 220.7961 0021916 133.6107 226.6609 14.76328796 37143
1 41180U 15081B   16242.92842680 +.00000102 +00000-0 +43349-4 0  9993,2 41180 047.0001 218.1640 0021938 136.2211 224.0426 14.76329239037229
1 41180U 15081B   16243.40215409  .00000073  00000-0  39236-4 0  9997,2 41180  47.0001 215.8611 0021966 138.4762 221.7804 14.76329276 37299
1 41180U 15081B   16243.94355621 +.00000086 +00000-0 +41127-4 0  9993,2 41180 047.0001 213.2290 0021990 141.0834 219.1646 14.76329656037377
1 41180U 15081B   16244.95868487 +.00000106 +00000-0 +43891-4 0  9997,2 41180 047.0002 208.2940 0022044 145.9525 214.2787 14.76330318037521
1 41180U 15081B   16245.16171051  .00000128  00000-0  47086-4 0  9999,2 41180  47.0002 207.3070 0022058 146.9285 213.2992 14.76330556 37558
1 41180U 15081B   16246.17683788  .00000253  00000-0  64834-4 0  9995,2 41180  47.0002 202.3720 0022114 151.7925 208.4170 14.76331954 37707
1 41180U 15081B   16246.37986326 +.00000263 +00000-0 +66270-4 0  9998,2 41180 047.0002 201.3850 0022120 152.7393 207.4666 14.76332173037733
1 41180U 15081B   16247.32731480  .00000270  00000-0  67245-4 0  9994,2 41180  47.0002 196.7790 0022185 157.2644 202.9236 14.76332918 37878
1 41180U 15081B   16247.86871530 +.00000266 +00000-0 +66667-4 0  9996,2 41180 047.0003 194.1469 0022217 159.8505 200.3269 14.76333354037956
1 41180U 15081B   16248.88384026  .00000311  00000-0  72979-4 0  9992,2 41180  47.0004 189.2119 0022276 164.6661 195.4911 14.76334627 38106
1 41180U 15081B   16249.89896419  .00000326  00000-0  75071-4 0  9990,2 41180  47.0005 184.2769 0022345 169.5008 190.6355 14.76335863 38257
1 41180U 15081B   16251.11711192  .00000296  00000-0  70876-4 0  9996,2 41180  47.0007 178.3550 0022421 175.2546 184.8563 14.76337108 38437
1 41180U 15081B   16252.13223375  .00000295  00000-0  70754-4 0  9994,2 41180  47.0008 173.4200 0022483 180.0198 180.0697 14.76338419 38589
1 41180U 15081B   16253.14735513  .00000339  00000-0  77001-4 0  9999,2 41180  47.0008 168.4851 0022551 184.7664 175.3017 14.76339818 38734
1 41180U 15081B   16254.23015004  .00000373  00000-0  81724-4 0  9991,2 41180  47.0008 163.2212 0022620 189.8322 170.2131 14.76341342 38895
1 41180U 15081B   16254.90689675 +.00000312 +00000-0 +73155-4 0  9998,2 41180 047.0008 159.9313 0022659 192.9631 167.0682 14.76341746038993
1 41180U 15081B   16255.85434134  .00000333  00000-0  76135-4 0  9995,2 41180  47.0008 155.3252 0022724 197.3573 162.6545 14.76342928 39131
1 41180U 15081B   16255.92201594 +.00000334 +00000-0 +76221-4 0  9992,2 41180 047.0008 154.9962 0022730 197.6744 162.3360 14.76343001039140
1 41180U 15081B   16257.14015842  .00000289  00000-0  69847-4 0  9992,2 41180  47.0007 149.0742 0022798 203.3051 156.6810 14.76344004 39320
1 41180U 15081B   16257.74922930 +.00000274 +00000-0 +67744-4 0  9991,2 41180 047.0006 146.1131 0022838 206.1254 153.8488 14.76344546039411
1 41180U 15081B   16258.76434708  .00000257  00000-0  65292-4 0  9992,2 41180  47.0006 141.1780 0022907 210.7854 149.1696 14.76345444 39563
1 41180U 15081B   16259.77946425  .00000279  00000-0  68404-4 0  9990,2 41180  47.0005 136.2428 0022966 215.4791 144.4575 14.76346552 39715
1 41180U 15081B   16261.13295331  .00000261  00000-0  65841-4 0  9999,2 41180  47.0005 129.6628 0023029 221.7266 138.1871 14.76347708 39916
1 41180U 15081B   16261.87737201 +.00000247 +00000-0 +63895-4 0  9998,2 41180 047.0006 126.0436 0023080 225.1310 134.7709 14.76348291040024
1 41180U 15081B   16262.82481369  .00000221  00000-0  60123-4 0  9998,2 41180  47.0006 121.4375 0023134 229.4544 130.4334 14.76349004 40166
1 41180U 15081B   16262.89248811 +.00000219 +00000-0 +59853-4 0  9993,2 41180 047.0006 121.1085 0023135 229.7737 130.1132 14.76349043040176
1 41180U 15081B   16263.97527819  .00000272  00000-0  67461-4 0  9994,2 41180  47.0005 115.8445 0023177 234.7532 125.1192 14.76350282 40335
1 41180U 15081B   16264.99039345  .00000230  00000-0  61503-4 0  9994,2 41180  47.0005 110.9093 0023215 239.3608 120.4996 14.76350997 40487
1 41180U 15081B   16266.34388070  .00000191  00000-0  55985-4 0  9990,2 41180  47.0005 104.3290 0023255 245.5340 114.3127 14.76351770 40689
1 41180U 15081B   16266.88527545 +.00000170 +00000-0 +52934-4 0  9999,2 41180 047.0005 101.6969 0023270 247.9580 111.8841 14.76352046040762
1 41180U 15081B   16267.96806501  .00000131  00000-0  47380-4 0  9997,2 41180  47.0005  96.4327 0023289 252.8543 106.9799 14.76352544 40923
1 41180U 15081B   16268.91550569 +.00000138 +00000-0 +48426-4 0  9992,2 41180 047.0005 091.8264 0023303 257.1519 102.6770 14.76353192041068
1 41180U 15081B   16269.79527195  .00000130  00000-0  47306-4 0  9996,2 41180  47.0006  87.5492 0023318 261.1289  98.6963 14.76353702 41198
1 41180U 15081B   16269.93062063 +.00000117 +00000-0 +45386-4 0  9991,2 41180 047.0006 086.8912 0023318 261.7553 098.0696 14.76353706041211
1 41180U 15081B   16271.89317541  .00000199  00000-0  57084-4 0  9991,2 41180  47.0009  77.3497 0023332 270.6369  89.1850 14.76355474 41506
1 41180U 15081B   16272.90828962  .00000220  00000-0  60073-4 0  9995,2 41180  47.0011  72.4146 0023335 275.2459  84.5771 14.76356351 41652
1 41180U 15081B   16274.46479755  .00000232  00000-0  61791-4 0  9991,2 41180  47.0014  64.8474 0023329 282.3162  77.5120 14.76357694 41883
1 41180U 15081B   16275.47991103  .00000208  00000-0  58269-4 0  9998,2 41180  47.0015  59.9123 0023314 286.9317  72.9020 14.76358471 42036
1 41180U 15081B   16275.81828213 +.00000207 +00000-0 +58167-4 0  9993,2 41180 047.0016 058.2674 0023307 288.4704 071.3656 14.76358766042089
1 41180U 15081B   16276.49502421  .00000187  00000-0  55429-4 0  9993,2 41180  47.0016  54.9772 0023301 291.5347  68.3063 14.76359265 42187
1 41180U 15081B   16277.51013700  .00000182  00000-0  54614-4 0  9994,2 41180  47.0018  50.0422 0023282 296.1568  63.6930 14.76360177 42334
1 41180U 15081B   16277.71315958 +.00000182 +00000-0 +54696-4 0  9996,2 41180 047.0018 049.0552 0023276 297.0949 062.7569 14.76360344042369
1 41180U 15081B   16278.72827181  .00000214  00000-0  59156-4 0  9996,2 41180  47.0019  44.1201 0023246 301.7303  58.1324 14.76361480 42518
1 41180U 15081B   16279.81105770  .00000252  00000-0  64613-4 0  9996,2 41180  47.0021  38.8561 0023204 306.7390  53.1372 14.76362779 42672
1 41180U 15081B   16281.50290963  .00000325  00000-0  74913-4 0  9999,2 41180  47.0023  30.6310 0023147 314.4478  45.4521 14.76364867 42923
1 41180U 15081B   16282.51801997  .00000358  00000-0  79647-4 0  9991,2 41180  47.0024  25.6961 0023105 319.1001  40.8158 14.76366163 43071
1 41180U 15081B   16282.72104193 +.00000370 +00000-0 +81249-4 0  9993,2 41180 047.0024 024.7091 0023094 320.0364 039.8829 14.76366457043108
1 41180U 15081B   16283.73615150  .00000373  00000-0  81683-4 0  9990,2 41180  47.0024  19.7742 0023050 324.7069  35.2297 14.76367658 43259
1 41180U 15081B   16285.22497727  .00000439  00000-0  91159-4 0  9996,2 41180  47.0024  12.5361 0022983 331.5355  28.4281 14.76369870 43474
1 41180U 15081B   16286.51077993  .00000470  00000-0  95552-4 0  9994,2 41180  47.0023   6.2851 0022913 337.4672  22.5213 14.76371730 43666
