1 41188U 15081K   15356.14744473 -.00000209  00000-0  00000+0 0  9992,2 41188  46.9958   2.3657 0029828  19.3821  92.1499 14.78100784    16
1 41188U 15081K   15356.32932488 -.00000216  00000-0  00000+0 0  9995,2 41188  47.0271   1.4842 0049735 358.5154   1.6070 14.78323022    43
1 41188U 15081K   15356.46448535 -.00000210  00000-0  00000+0 0  9999,2 41188  47.0037   0.8334 0029194  16.8968 343.7599 14.78624183    66
1 41188U 15081K   15356.53196765 -.00000210  00000-0  00000+0 0  9992,2 41188  47.0027   0.5067 0029473  17.4731 342.7087 14.78620894    77
1 41188U 15081K   15356.73468162 -.00000210  00000-0  00000+0 0  9997,2 41188  47.0027 359.5173 0029473  18.4331 341.7579 14.78618603   103
1 41188U 15081K   15356.86982426  .00000536  00000-0  10000-3 0  9990,2 41188  47.0022 358.8593 0029575  19.3440 340.8522 14.78618099   129
1 41188U 15081K   15356.93739609  .00000536  00000-0  10000-3 0  9991,2 41188  47.0022 358.5295 0029575  19.6640 340.5386 14.78618545   132
1 41188U 15081K   15357.14010882 -.00016154  00000-0 -21429-2 0  9991,2 41188  47.0016 357.5397 0029543  20.2446 339.9430 14.78597273   163
1 41188U 15081K   15357.41040053 -.00002690  00000-0 -33251-3 0  9991,2 41188  47.0029 356.2181 0029526  22.2063 338.0316 14.78609519   207
1 41188U 15081K   15357.47796786  .00000536  00000-0  10000-3 0  9990,2 41188  47.0032 355.8881 0029524  22.3170 337.9047 14.78613645   216
1 41188U 15081K   15357.81582256 -.00000487 +00000-0 -37068-4 0  9994,2 41188 047.0034 354.2392 0029480 024.1197 336.1031 14.78612114000267
1 41188U 15081K   15358.89695634  .00001461  00000-0  22396-3 0  9996,2 41188  47.0031 348.9629 0029443  29.0958 331.1563 14.78619891   427
1 41188U 15081K   15359.43752353 +.00001344 +00000-0 +20832-3 0  9992,2 41188 047.0030 346.3248 0029460 031.6767 328.5907 14.78621097000503
1 41188U 15081K   15359.97808898  .00001249  00000-0  19550-3 0  9996,2 41188  47.0030 343.6864 0029483  34.2412 326.0346 14.78622246   583
1 41188U 15081K   15360.85650979 +.00001012 +00000-0 +16380-3 0  9996,2 41188 047.0028 339.3990 0029402 038.4240 321.8749 14.78623044000710
1 41188U 15081K   15360.99165090  .00000971  00000-0  15824-3 0  9991,2 41188  47.0026 338.7399 0029463  39.0555 321.2433 14.78623091   735
1 41188U 15081K   15361.39707505 +.00001026 +00000-0 +16562-3 0  9991,2 41188 047.0026 336.7616 0029464 040.9816 319.3284 14.78624303000792
1 41188U 15081K   15362.00520987  .00000734  00000-0  12653-3 0  9999,2 41188  47.0025 333.7933 0029397  43.8297 316.4884 14.78624231   884
1 41188U 15081K   15362.41063331 +.00001215 +00000-0 +19097-3 0  9993,2 41188 047.0010 331.8184 0029585 045.7355 314.5977 14.78627528000941
1 41188U 15081K   15363.08633649  .00001475  00000-0  22582-3 0  9993,2 41188  47.0005 328.5215 0029482  49.1765 311.1754 14.78631079  1046
1 41188U 15081K   15363.35661383 +.00002012 +00000-0 +29770-3 0  9993,2 41188 047.0007 327.2026 0029695 050.2933 310.0578 14.78635278001081
1 41188U 15081K   15364.09988307  .00002662  00000-0  38459-3 0  9998,2 41188  47.0014 323.5762 0029492  54.1184 306.2544 14.78641512  1191
1 41188U 15081K   15364.91071719 +.00002515 +00000-0 +36496-3 0  9995,2 41188 047.0019 319.6195 0029374 058.1252 302.2478 14.78645097001319
1 41188U 15081K   15365.31613677  .00002081  00000-0  30684-3 0  9996,2 41188  47.0022 317.6414 0029473  60.0115 300.3646 14.78644385  1376
1 41188U 15081K   15365.85669377 +.00001855 +00000-0 +27651-3 0  9991,2 41188 047.0026 315.0037 0029459 062.4638 297.9207 14.78645831001453
1 41188U 15081K   16001.66752628  .00001925  00000-0  28584-3 0  9994,2 41188  47.0036 311.0454 0029895  65.8316 294.5675 14.78650411  1572
1 41188U 15081K   16002.27564924  .00007739  00000-0  10623-2 0  9995,2 41188  47.0058 308.0822 0030009  69.9473 290.6210 14.78687796  1667
1 41188U 15081K   16002.81615858 +.00009054 +00000-0 +12374-2 0  9995,2 41188 047.0052 305.4430 0030070 072.6745 287.7587 14.78702104001742
1 41188U 15081K   16003.01885604  .00013029  00000-0  17688-2 0  9996,2 41188  47.0031 304.4642 0026529  79.2606 281.2992 14.78730057  1776
1 41188U 15081K   16003.28907162  .00023424  00000-0  31456-2 0  9998,2 41188  47.0040 303.1416 0028894  72.8358 287.5935 14.78784046  1819
1 41188U 15081K   16003.62688080 +.00023746 +00000-0 +31871-2 0  9999,2 41188 047.0033 301.4896 0028841 074.8857 285.5313 14.78801419001869
1 41188U 15081K   16003.96468876  .00025911  00000-0  34716-2 0  9992,2 41188  47.0033 299.8403 0028835  76.4851 283.9843 14.78830449  1919
1 41188U 15081K   16004.30247452  .00030035  00000-0  40140-2 0  9997,2 41188  47.0042 298.1881 0028871  78.2489 282.1644 14.78863528  1967
1 41188U 15081K   16004.84294395 +.00029781 +00000-0 +39771-2 0  9998,2 41188 047.0035 295.5489 0029088 080.4176 279.9877 14.78894331002041
1 41188U 15081K   16004.97806196  .00027078  00000-0  36175-2 0  9992,2 41188  47.0037 294.8853 0031025  78.1825 282.1328 14.78884996  2064
1 41188U 15081K   16005.11320139 +.00026944 +00000-0 +35992-2 0  9994,2 41188 047.0035 294.2262 0031043 079.0503 281.3871 14.78891841002086
1 41188U 15081K   16007.74784026  .00025001  00000-0  33440-2 0  9993,2 41188  47.0098 281.3904 0028128  99.8144 259.6039 14.78933743  2460
1 41188U 15081K   16007.74806307  .00007669  00000-0  10196-2 0  9993,2 41188  47.0006 281.3654 0029436  98.8191 261.6536 14.78870748  2487
1 41188U 15081K   16007.88313776  .00015471  00000-0  20796-2 0  9998,2 41188  46.9964 280.7096 0031628  98.1145 262.3989 14.78925100  2493
1 41188U 15081K   16008.28846259  .00024487  00000-0  32718-2 0  9994,2 41188  46.9974 278.7313 0028583  97.0961 263.4676 14.78979585  2551
1 41188U 15081K   16008.82886160  .00023754  00000-0  31675-2 0  9996,2 41188  47.0018 276.0841 0030070  97.8398 263.2735 14.79049495  2637
1 41188U 15081K   16009.90952729  .00157538  00000-0  20214-1 0  9995,2 41188  46.9985 270.8199 0027520 107.6282 254.1595 14.79591032  2793
1 41188U 15081K   16010.51696031  .00105884  00000-0  13677-1 0  9997,2 41188  47.0020 267.8539 0027376 110.8216 249.3293 14.79656107  2887
1 41188U 15081K   16012.74441706 +.00701525 +00000-0 +84156-1 0  9995,2 41188 047.0062 256.9826 0022392 125.0217 235.3468 14.80785500003212
1 41188U 15081K   16013.01425719  .00150212  00000-0  18814-1 0  9991,2 41188  46.9952 255.6390 0021086 125.8219 234.2347 14.80755867  3250
1 41188U 15081K   16013.48659763  .00047672  00000-0  60778-2 0  9992,2 41188  46.9956 253.3227 0021565 128.2783 231.8970 14.80756426  3328
1 41188U 15081K   16013.75650645  .00120517  00000-0  15113-1 0  9994,2 41188  46.9956 252.0006 0021557 129.5647 230.8570 14.80894564  3368
1 41188U 15081K   16013.95887586  .00106390  00000-0  13363-1 0  9990,2 41188  46.9908 251.0139 0021713 130.6772 229.5809 14.80920956  3395
1 41188U 15081K   16014.09380874  .00194994  00000-0  24014-1 0  9996,2 41188  47.0007 250.3594 0025005 130.7124 229.8074 14.81115895  3413
1 41188U 15081K   16014.76825550  .00210900  00000-0  25727-1 0  9993,2 41188  47.0007 247.0536 0024914 133.9495 226.3505 14.81414857  3518
1 41188U 15081K   16015.51005076 +.00207597 +00000-0 +25188-1 0  9999,2 41188 046.9994 243.4122 0022158 137.5227 222.7208 14.81702547003621
1 41188U 15081K   16015.64491070 -.00202524  00000-0 -26003-1 0  9990,2 41188  46.9970 242.7469 0015048 138.3660 221.7882 14.81830404  3644
1 41188U 15081K   16016.04948586  .00026643  00000-0  33345-2 0  9996,2 41188  47.0012 240.7596 0015286 140.4931 219.8933 14.81882468  3700
1 41188U 15081K   16016.52139912  .00055685  00000-0  69007-2 0  9996,2 41188  47.0003 238.4427 0014858 143.0268 217.2336 14.81950978  3771
1 41188U 15081K   16016.79105677  .00135989  00000-0  16548-1 0  9993,2 41188  46.9947 237.1316 0015659 145.8739 214.5234 14.82118653  3811
1 41188U 15081K   16016.99324620  .00198866  00000-0  23870-1 0  9995,2 41188  47.0032 236.1413 0016867 142.7217 217.5881 14.82272934  3841
1 41188U 15081K   16017.53241752  .00177630  00000-0  21311-1 0  9994,2 41188  47.0038 233.4945 0016633 144.8067 215.2908 14.82430661  3921
1 41188U 15081K   16017.80201386  .00150884  00000-0  18172-1 0  9996,2 41188  47.0024 232.1680 0016187 147.4352 212.5697 14.82446398  3961
1 41188U 15081K   16018.07162405  .00128652  00000-0  15556-1 0  9995,2 41188  47.0032 230.8370 0013208 143.7178 216.2648 14.82456397  4000
1 41188U 15081K   16018.81307387  .00080818  00000-0  98505-2 0  9994,2 41188  46.9943 227.1877 0013928 137.9881 222.1290 14.82448260  4116
1 41188U 15081K   16019.08267194  .00099420  00000-0  12033-1 0  9995,2 41188  46.9977 225.8871 0018630 155.2286 205.1117 14.82553736  4157
1 41188U 15081K   16019.68913436  .00465482  00000-0  52848-1 0  9991,2 41188  46.9977 222.9080 0018596 158.1460 203.1961 14.83345421  4240
1 41188U 15081K   16020.96816515  .00411662  00000-0  46011-1 0  9990,2 41188  46.9977 216.6123 0018276 164.5065 195.0359 14.84278002  4437
1 41188U 15081K   16021.91041536  .00508200  00000-0  55413-1 0  9990,2 41188  47.0124 211.9693 0007902 166.0169 194.5705 14.85262639  4573
1 41188U 15081K   16022.85178683  .00440641  00000-0  47194-1 0  9999,2 41188  47.0086 207.3230 0009553 214.2851 145.2526 14.85947622  4716
1 41188U 15081K   16025.94202980  .00000241  00000-0  51992-4 0  9992,2 41188  46.9968 192.0699 0008398 269.3115  74.2092 14.85815718  5172
1 41188U 15081K   16026.68477833  .00000818  00000-0  11748-3 0  9999,2 41188  46.9985 188.4071 0008633 272.2904  87.7004 14.85817649  5284
1 41188U 15081K   16027.82790472  .00000233  00000-0  51107-4 0  9998,2 41188  46.9991 182.7606 0008508 279.3182  80.6680 14.85817523  5451
1 41188U 15081K   16028.50033319 +.00000333 +00000-0 +62440-4 0  9997,2 41188 046.9992 179.4408 0008530 282.9563 077.0374 14.85818794005555
1 41188U 15081K   16028.76931322  .00001814  00000-0  20539-3 0  9993,2 41188  46.9974 178.1203 0008627 280.0922  79.9505 14.85820078  5598
1 41188U 15081K   16028.83654702  .00000397  00000-0  69746-4 0  9994,2 41188  46.9994 177.7818 0008503 284.3551  75.6412 14.85819547  5606
1 41188U 15081K   16029.50897269 +.00000389 +00000-0 +68784-4 0  9998,2 41188 046.9987 174.4634 0008604 287.7023 072.2906 14.85820582005704
1 41188U 15081K   16029.97967184  .00000704  00000-0  10353-3 0  9992,2 41188  46.9989 172.1455 0006440 280.9793  79.8043 14.86217352  5775
1 41188U 15081K   16030.78622671  .00112820  00000-0  12442-1 0  9994,2 41188  47.0050 168.1725 0002227 276.9399  83.3114 14.86405737  5895
1 41188U 15081K   16030.85340765  .00151356  00000-0  16557-1 0  9991,2 41188  47.0037 167.8454 0001384 293.4156  66.7167 14.86484745  5904
1 41188U 15081K   16031.32386297  .00168538  00000-0  18307-1 0  9999,2 41188  47.0027 165.5188 0001923 275.7509  84.3979 14.86663350  5971
1 41188U 15081K   16031.79423872  .00170731  00000-0  18465-1 0  9994,2 41188  46.9989 163.1909 0002711 254.5932 105.4285 14.86825669  6049
1 41188U 15081K   16032.46616347  .00183615  00000-0  19690-1 0  9996,2 41188  46.9987 159.8661 0002676 262.8549  97.3233 14.87091663  6143
1 41188U 15081K   16032.73487296  .00180652  00000-0  19340-1 0  9995,2 41188  46.9999 158.5331 0004055 263.7894  96.2325 14.87177155  6187
1 41188U 15081K   16033.47380572  .00110959  00000-0  12006-1 0  9991,2 41188  46.9913 154.8546 0010062 283.1315  76.0811 14.87167098  6292
1 41188U 15081K   16033.94431198  .00001017  00000-0  13627-3 0  9990,2 41188  46.9996 152.5520 0003485 291.1186  68.9339 14.86993660  6360
1 41188U 15081K   16034.75058603  .00001254  00000-0  16239-3 0  9991,2 41188  46.9988 148.5598 0003338 301.6987  58.3563 14.86996249  6485
1 41188U 15081K   16035.69123930 +.00000966 +00000-0 +13056-3 0  9994,2 41188 046.9986 143.9094 0003263 305.4299 054.6299 14.86997437006629
1 41188U 15081K   16036.09437537  .00000986  00000-0  13275-3 0  9995,2 41188  46.9985 141.9154 0003272 307.7004  52.3598 14.86998493  6688
1 41188U 15081K   16036.69907863 +.00001006 +00000-0 +13496-3 0  9994,2 41188 046.9996 138.9264 0003217 307.5451 052.5173 14.87000233006779
1 41188U 15081K   16037.10221370  .00001134  00000-0  14906-3 0  9992,2 41188  46.9996 136.9325 0003217 309.4792  50.5844 14.87001884  6837
1 41188U 15081K   16037.70691540 +.00001351 +00000-0 +17303-3 0  9993,2 41188 046.9994 133.9455 0003272 311.7685 048.2933 14.87004702006929
1 41188U 15081K   16038.11004957  .00001423  00000-0  18094-3 0  9997,2 41188  46.9993 131.9521 0003223 312.4017  47.6622 14.87006294  6985
1 41188U 15081K   16038.64756131 +.00001370 +00000-0 +17506-3 0  9991,2 41188 047.0011 129.2953 0003072 311.7087 048.3560 14.87007811007063
1 41188U 15081K   16039.25226100  .00001570  00000-0  19713-3 0  9991,2 41188  47.0009 126.3046 0003103 315.0932  44.9754 14.87010790  7159
1 41188U 15081K   16039.58820426 +.00001536 +00000-0 +19337-3 0  9992,2 41188 047.0011 124.6431 0003103 316.6267 043.4385 14.87011793007203
1 41188U 15081K   16040.32727968  .00001610  00000-0  20152-3 0  9993,2 41188  47.0008 120.9879 0003078 320.0069  40.0631 14.87014997  7312
1 41188U 15081K   16040.59603344 +.00001768 +00000-0 +21887-3 0  9993,2 41188 047.0008 119.6590 0003121 321.0338 039.0349 14.87016610007358
1 41188U 15081K   16041.40229444  .00001721  00000-0  21367-3 0  9991,2 41188  47.0013 115.6727 0003076 324.3620  35.7043 14.87019599  7477
1 41188U 15081K   16041.67104860 +.00001887 +00000-0 +23201-3 0  9996,2 41188 047.0024 114.3465 0003039 324.6473 035.4228 14.87021382007512
1 41188U 15081K   16042.00698993 +.00001875 +00000-0 +23065-3 0  9994,2 41188 047.0024 112.6852 0003080 326.7765 033.2931 14.87022746007563
1 41188U 15081K   16042.67865291  .00129748  00000-0  14096-1 0  9996,2 41188  46.9937 109.3584 0004833 306.1795  53.9143 14.87519107  7668
1 41188U 15081K   16044.76169815  .00002948  00000-0  34254-3 0  9999,2 41188  47.0018  99.0528 0001818 284.0613  82.5837 14.87781869  7974
1 41188U 15081K   16045.56631711 -.00001717  00000-0 -16211-3 0  9995,2 41188  47.0025  95.0680 0001986 286.7161  73.3491 14.87780678  8095
1 41188U 15081K   16046.90939883  .00006949  00000-0  77462-3 0  9990,2 41188  46.9999  88.4235 0001961 287.5850  72.5134 14.87791228  8292
1 41188U 15081K   16047.51377440  .00001617  00000-0  19854-3 0  9991,2 41188  46.9999  85.4305 0001961 290.4860  69.5807 14.87790481  8384
1 41188U 15081K   16048.45392356 +.00001463 +00000-0 +18188-3 0  9996,2 41188 046.9999 080.7748 0001960 295.0011 065.0680 14.87793051008523
1 41188U 15081K   16049.12545711  .00001476  00000-0  18332-3 0  9991,2 41188  46.9999  77.4493 0001960 298.2260  61.8473 14.87795678  8626
1 41188U 15081K   16049.25976203  .00001827  00000-0  22123-3 0  9992,2 41188  47.0001  76.7921 0002137 286.9874  73.0789 14.87798217  8641
1 41188U 15081K   16050.46851915  .00001710  00000-0  20864-3 0  9990,2 41188  47.0008  70.8032 0002019 293.7457  66.3226 14.87801557  8821
1 41188U 15081K   16050.87143712 +.00001765 +00000-0 +21457-3 0  9993,2 41188 047.0013 068.8092 0001999 294.3690 065.6999 14.87803390008884
1 41188U 15081K   16051.47581378  .00001676  00000-0  20487-3 0  9997,2 41188  47.0011  65.8173 0002012 298.8228  61.2464 14.87805197  8978
1 41188U 15081K   16051.87873078 +.00001677 +00000-0 +20501-3 0  9990,2 41188 047.0011 063.8222 0002007 300.5497 059.5202 14.87806722009037
1 41188U 15081K   16052.81887188  .00001106  00000-0  14333-3 0  9995,2 41188  47.0012  59.1686 0002032 306.8947  53.1736 14.87806704  9174
1 41188U 15081K   16053.82616495  .00000795  00000-0  10969-3 0  9992,2 41188  47.0011  54.1826 0002104 312.3769  47.6928 14.87807527  9320
1 41188U 15081K   16054.83345562  .00000747  00000-0  10453-3 0  9993,2 41188  47.0011  49.1946 0002078 315.1825  44.8912 14.87809504  9476
1 41188U 15081K   16055.77359266 +.00000838 +00000-0 +11435-3 0  9995,2 41188 047.0017 044.5424 0001895 319.6103 040.4635 14.87811697009612
1 41188U 15081K   16055.97505069  .00000834  00000-0  11392-3 0  9999,2 41188  47.0015  43.5447 0001902 320.7082  39.3681 14.87812138  9644
1 41188U 15081K   16056.84803437 +.00000738 +00000-0 +10350-3 0  9992,2 41188 047.0014 039.2223 0001979 326.1232 033.9548 14.87813312009779
1 41188U 15081K   16057.04949170  .00000677  00000-0  96918-4 0  9997,2 41188  47.0012  38.2248 0001973 327.5965  32.4801 14.87813427  9802
1 41188U 15081K   16057.78816878 +.00000839 +00000-0 +11436-3 0  9997,2 41188 047.0011 034.5676 0002001 331.5738 028.5064 14.87815596009919
1 41188U 15081K   16058.05677807  .00000734  00000-0  10301-3 0  9999,2 41188  47.0008  33.2379 0001920 331.5627  28.5149 14.87815620  9953
1 41188U 15081K   16058.72830186 +.00000918 +00000-0 +12291-3 0  9998,2 41188 047.0014 029.9132 0001823 334.7215 025.3611 14.87817871010051
1 41188U 15081K   16059.33267153  .00000919  00000-0  12303-3 0  9999,2 41188  47.0015  26.9224 0001893 336.6446  23.4331 14.87819212 10144
1 41188U 15081K   16059.73558545 +.00000902 +00000-0 +12124-3 0  9994,2 41188 047.0015 024.9275 0001942 339.0123 021.0689 14.87820089010203
1 41188U 15081K   16060.33995546  .00000779  00000-0  10786-3 0  9992,2 41188  47.0006  21.9366 0001879 339.1867  20.8956 14.87820561 10294
1 41188U 15081K   16060.74286834 +.00000804 +00000-0 +11055-3 0  9999,2 41188 047.0009 019.9416 0001901 341.5134 018.5692 14.87821649010356
1 41188U 15081K   16061.34723778  .00000762  00000-0  10611-3 0  9999,2 41188  47.0013  16.9516 0001802 340.8488  19.2337 14.87822381 10441
1 41188U 15081K   16061.75015030 +.00000786 +00000-0 +10860-3 0  9991,2 41188 047.0012 014.9565 0001828 343.0891 016.9951 14.87823340010502
1 41188U 15081K   16062.69028089  .00000116  00000-0  36258-4 0  9990,2 41188  47.0012  10.3008 0001828 347.6033  12.4771 14.87821118 10649
1 41188U 15081K   16063.69756862 -.00000733  00000-0 -55527-4 0  9995,2 41188  47.0014   5.3150 0001836 355.5100   4.5720 14.87816503 10799
1 41188U 15081K   16064.77201031 -.00001061  00000-0 -91010-4 0  9990,2 41188  47.0021 359.9969 0001693 358.9385   1.1552 14.87813543 10951
1 41188U 15081K   16065.64498899  .00000046  00000-0  28720-4 0  9995,2 41188  47.0024 355.6779 0001661  10.9836 349.1162 14.87818771 11082
1 41188U 15081K   16065.84644456 +.00000237 +00000-0 +49359-4 0  9992,2 41188 047.0026 354.6799 0001719 011.9699 348.1283 14.87820037011112
1 41188U 15081K   16066.65226562  .00001407  00000-0  17571-3 0  9996,2 41188  47.0023 350.6910 0001591   4.6933 355.4025 14.87826767 11232
1 41188U 15081K   16066.85372041 +.00001308 +00000-0 +16499-3 0  9990,2 41188 047.0021 349.6937 0001550 005.5504 354.5393 14.87826886011269
1 41188U 15081K   16067.86099795 +.00001395 +00000-0 +17436-3 0  9992,2 41188 047.0027 344.7076 0001359 007.6168 352.4799 14.87830690011413
1 41188U 15081K   16068.12960383  .00001660  00000-0  20298-3 0  9997,2 41188  47.0027 343.3783 0001363  10.8188 349.2781 14.87832942 11457
1 41188U 15081K   16068.66681531 +.00001752 +00000-0 +21292-3 0  9998,2 41188 047.0031 340.7189 0001276 012.6611 347.4338 14.87835591011537
1 41188U 15081K   16069.20402625  .00001971  00000-0  23660-3 0  9998,2 41188  47.0027 338.0593 0001358  13.3319 346.7624 14.87838702 11611
1 41188U 15081K   16069.80838772 +.00002045 +00000-0 +24458-3 0  9999,2 41188 047.0033 335.0663 0001122 016.5815 343.5155 14.87841714011709
1 41188U 15081K   16070.21129443  .00001998  00000-0  23946-3 0  9991,2 41188  47.0033 333.0710 0001122  18.5099 341.5835 14.87843102 11768
1 41188U 15081K   16070.81565435 +.00001821 +00000-0 +22039-3 0  9999,2 41188 047.0034 330.0807 0001024 021.5151 338.5743 14.87844874011858
1 41188U 15081K   16071.21856200  .00001686  00000-0  20574-3 0  9998,2 41188  47.0034 328.0854 0001024  23.4439 336.6507 14.87845720 11912
1 41188U 15081K   16071.82292083 +.00001430 +00000-0 +17813-3 0  9997,2 41188 047.0030 325.0936 0001211 028.8446 331.2438 14.87846856012007
1 41188U 15081K   16072.76303584  .00001273  00000-0  16111-3 0  9995,2 41188  47.0024 320.4407 0001116  36.5694 323.5260 14.87848951 12147
1 41188U 15081K   16073.70314711 +.00001326 +00000-0 +16685-3 0  9999,2 41188 047.0023 315.7870 0000926 044.5732 315.5249 14.87852190012280
1 41188U 15081K   16074.03890050  .00001305  00000-0  16464-3 0  9993,2 41188  47.0020 314.1250 0000943  46.6307 313.4657 14.87853111 12332
1 41188U 15081K   16074.77755763 +.00001310 +00000-0 +16507-3 0  9999,2 41188 047.0021 310.4676 0000975 052.2790 307.8182 14.87855432012448
1 41188U 15081K   16075.04616017  .00001189  00000-0  15206-3 0  9997,2 41188  47.0018 309.1378 0000977  55.9276 304.1676 14.87855485 12489
1 41188U 15081K   16075.78481694 +.00000990 +00000-0 +13054-3 0  9997,2 41188 047.0023 305.4816 0000857 067.3409 292.7526 14.87856355012598
1 41188U 15081K   16076.05342003  .00000942  00000-0  12543-3 0  9997,2 41188  47.0026 304.1536 0000864  71.7248 288.3723 14.87856763 12632
1 41188U 15081K   16076.72492532 +.00000795 +00000-0 +10956-3 0  9996,2 41188 047.0026 300.8280 0000827 073.9036 286.1938 14.87857651012731
1 41188U 15081K   16077.06067756  .00000912  00000-0  12211-3 0  9997,2 41188  47.0028 299.1664 0000893  73.3492 286.7503 14.87859115 12788
1 41188U 15081K   16077.73218144 +.00000889 +00000-0 +11968-3 0  9991,2 41188 047.0029 295.8410 0000907 075.8314 284.2674 14.87860503012883
1 41188U 15081K   16078.06793343  .00000974  00000-0  12878-3 0  9993,2 41188  47.0031 294.1795 0000911  81.3235 278.7773 14.87861617 12934
1 41188U 15081K   16078.73943599 +.00001017 +00000-0 +13343-3 0  9994,2 41188 047.0032 290.8543 0000921 086.7901 273.3107 14.87863435013033
1 41188U 15081K   16079.54523820  .00001003  00000-0  13193-3 0  9993,2 41188  47.0031 286.8651 0000907  90.5404 269.5599 14.87865401 13152
1 41188U 15081K   16079.74668854 +.00000993 +00000-0 +13085-3 0  9999,2 41188 047.0026 285.8689 0000929 089.9153 270.1834 14.87865799013186
1 41188U 15081K   16080.61964003  .00000886  00000-0  11929-3 0  9998,2 41188  47.0016 281.5462 0000896 101.8539 258.2452 14.87867149 13311
1 41188U 15081K   16081.62689019 +.00000897 +00000-0 +12053-3 0  9992,2 41188 047.0015 276.5586 0000881 110.5775 249.5223 14.87869404013465
1 41188U 15081K   16082.63414005  .00000597  00000-0  88094-4 0  9991,2 41188  47.0014 271.5710 0000875 118.0119 242.0845 14.87869680 13617
1 41188U 15081K   16082.90274013 +.00000617 +00000-0 +90236-4 0  9998,2 41188 047.0007 270.2422 0000837 118.9562 241.1416 14.87870168013655
1 41188U 15081K   16083.90998819  .00000838  00000-0  11406-3 0  9992,2 41188  47.0007 265.2537 0000837 123.7969 236.3106 14.87873524 13809
1 41188U 15081K   16084.58148639 +.00000365 +00000-0 +63108-4 0  9996,2 41188 046.9999 261.9303 0000828 147.7599 212.3345 14.87871511013900
1 41188U 15081K   16085.32013451  .00000461  00000-0  73434-4 0  9992,2 41188  46.9986 258.2798 0000598 157.8761 202.2132 14.87872681 14014
1 41188U 15081K   16085.58873415 +.00000384 +00000-0 +65117-4 0  9997,2 41188 046.9983 256.9492 0000586 152.5476 207.5443 14.87872799014056
1 41188U 15081K   16086.46168026  .00000424  00000-0  69420-4 0  9996,2 41188  46.9982 252.6265 0000645 162.1980 197.8922 14.87874129 14185
1 41188U 15081K   16086.79742910 +.00000268 +00000-0 +52599-4 0  9997,2 41188 046.9984 250.9635 0000700 163.0479 197.0389 14.87873622014236
1 41188U 15081K   16087.46892666  .00000418  00000-0  68770-4 0  9991,2 41188  46.9992 247.6396 0000805 162.6192 197.4743 14.87875513 14335
1 41188U 15081K   16087.80467469 +.00000442 +00000-0 +71361-4 0  9995,2 41188 046.9992 245.9767 0000805 164.2329 195.8600 14.87875889014383
1 41188U 15081K   16088.47617013  .00000618  00000-0  90338-4 0  9991,2 41188  46.9992 242.6509 0000805 167.4604 192.6310 14.87877596 14483
1 41188U 15081K   16088.74476839 +.00000508 +00000-0 +78508-4 0  9993,2 41188 046.9993 241.3231 0000821 163.0272 197.0599 14.87877579014527
1 41188U 15081K   16089.41626478 +.00000484 +00000-0 +75904-4 0  9994,2 41188 046.9994 237.9977 0000852 166.4855 193.6075 14.87878604014626
1 41188U 15081K   16090.42350682  .00000755  00000-0  10518-3 0  9998,2 41188  46.9994 233.0112 0001090 173.0548 187.0453 14.87881690 14774
1 41188U 15081K   16090.55780391 +.00000627 +00000-0 +91331-4 0  9997,2 41188 047.0002 232.3469 0001203 179.1481 180.9389 14.87881140014794
1 41188U 15081K   16091.43074568  .00000736  00000-0  10309-3 0  9993,2 41188  47.0003 228.0256 0001259 182.0858 178.0029 14.87883359 14921
1 41188U 15081K   16091.49789506 +.00000673 +00000-0 +96262-4 0  9997,2 41188 047.0005 227.6929 0001219 182.5684 177.5195 14.87883158014939
1 41188U 15081K   16092.43798384  .00000900  00000-0  12074-3 0  9997,2 41188  47.0000 223.0385 0001341 187.8313 172.2559 14.87886215 15072
1 41188U 15081K   16092.50513308 +.00000883 +00000-0 +11895-3 0  9996,2 41188 047.0002 222.7066 0001382 188.0601 172.0272 14.87886309015089
1 41188U 15081K   16093.78096863  .00000692  00000-0  98315-4 0  9990,2 41188  47.0022 216.3940 0001175 199.3909 160.6944 14.87887901 15276
1 41188U 15081K   16094.78820563  .00000508  00000-0  78442-4 0  9998,2 41188  47.0022 211.4066 0001228 200.1236 159.9629 14.87888762 15428
1 41188U 15081K   16095.72829089 +.00000779 +00000-0 +10766-3 0  9999,2 41188 047.0015 206.7511 0001243 198.2227 161.8634 14.87891579015569
1 41188U 15081K   16096.13118423  .00000795  00000-0  10941-3 0  9991,2 41188  47.0014 204.7555 0001233 200.4412 159.6440 14.87892480 15624
1 41188U 15081K   16096.60122612 +.00000839 +00000-0 +11418-3 0  9997,2 41188 047.0015 202.4279 0001262 207.5762 152.5057 14.87893394015699
1 41188U 15081K   16097.13841694  .00000886  00000-0  11928-3 0  9992,2 41188  47.0013 199.7673 0001235 210.5842 149.4994 14.87894801 15774
1 41188U 15081K   16097.74275536 +.00000818 +00000-0 +11187-3 0  9997,2 41188 047.0013 196.7741 0001235 213.4930 146.5886 14.87895955015866
1 41188U 15081K   16098.14564771  .00000950  00000-0  12618-3 0  9991,2 41188  47.0013 194.7787 0001235 215.4320 144.6535 14.87897620 15927
1 41188U 15081K   16098.54853969 +.00000856 +00000-0 +11605-3 0  9995,2 41188 047.0023 192.7851 0001296 216.1604 143.9188 14.87897804015984
1 41188U 15081K   16099.22002626  .00000800  00000-0  10994-3 0  9996,2 41188  47.0022 189.4591 0001295 221.5502 138.5293 14.87898985 16083
1 41188U 15081K   16099.55576973 +.00000825 +00000-0 +11267-3 0  9994,2 41188 047.0016 187.7997 0001354 223.5625 136.5165 14.87899610016139
1 41188U 15081K   16100.36155218  .00000766  00000-0  10624-3 0  9991,2 41188  47.0020 183.8113 0001462 226.5538 133.5228 14.87901019 16254
1 41188U 15081K   16100.69729470 +.00000827 +00000-0 +11291-3 0  9993,2 41188 047.0021 182.1487 0001441 231.9912 128.0847 14.87901933016301
1 41188U 15081K   16101.50307612  .00000822  00000-0  11229-3 0  9990,2 41188  47.0018 178.1594 0001463 237.2795 122.7959 14.87903553 16421
1 41188U 15081K   16102.44315360 +.00000785 +00000-0 +10832-3 0  9990,2 41188 047.0032 173.5085 0001592 237.1434 122.9308 14.87905345016569
1 41188U 15081K   16103.18178480  .00000777  00000-0  10748-3 0  9999,2 41188  47.0031 169.8516 0001711 238.6240 121.4502 14.87906846 16678
1 41188U 15081K   16103.51752665 +.00000558 +00000-0 +83882-4 0  9996,2 41188 047.0024 168.1887 0001728 239.6017 120.4707 14.87906231016724
1 41188U 15081K   16104.32330527  .00000615  00000-0  89962-4 0  9994,2 41188  47.0022 164.1991 0001746 242.5761 117.4954 14.87907861 16846
1 41188U 15081K   16104.52474996 +.00000565 +00000-0 +84577-4 0  9996,2 41188 047.0022 163.2020 0001777 240.9991 119.0720 14.87907919016876
1 41188U 15081K   16105.53197246  .00000647  00000-0  93494-4 0  9997,2 41188  47.0012 158.2148 0001798 245.2856 114.7863 14.87909899 17028
1 41188U 15081K   16106.53919303  .00000704  00000-0  99594-4 0  9995,2 41188  47.0010 153.2278 0001849 243.0269 117.0443 14.87911925 17175
1 41188U 15081K   16107.54641275  .00000719  00000-0  10118-3 0  9997,2 41188  47.0008 148.2406 0001815 248.9073 111.1630 14.87913867 17326
1 41188U 15081K   16108.55363193  .00000599  00000-0  88219-4 0  9993,2 41188  47.0003 143.2542 0001820 253.1310 106.9382 14.87914953 17474
1 41188U 15081K   16109.49370243 +.00000408 +00000-0 +67716-4 0  9999,2 41188 047.0004 138.6002 0001918 251.6809 108.3876 14.87915439017618
1 41188U 15081K   16110.09803306  .00000429  00000-0  69933-4 0  9994,2 41188  47.0003 135.6074 0001954 254.7491 105.3203 14.87916390 17702
1 41188U 15081K   16110.50091962 +.00000476 +00000-0 +75015-4 0  9997,2 41188 047.0004 133.6137 0001934 258.8455 101.2214 14.87917177017761
1 41188U 15081K   16111.10524967  .00000382  00000-0  64814-4 0  9991,2 41188  47.0004 130.6221 0001910 259.8258 100.2394 14.87917512 17859
1 41188U 15081K   16111.50813676 +.00000406 +00000-0 +67443-4 0  9991,2 41188 047.0004 128.6271 0001919 264.3487 095.7181 14.87918047017918
1 41188U 15081K   16112.24676190  .00000333  00000-0  59566-4 0  9997,2 41188  47.0008 124.9693 0001925 266.8509  93.2151 14.87918595 18029
1 41188U 15081K   16112.51535349 +.00000253 +00000-0 +50922-4 0  9995,2 41188 047.0006 123.6393 0001931 270.6164 089.4510 14.87918466018064
1 41188U 15081K   16113.45542110  .00000280  00000-0  53904-4 0  9996,2 41188  47.0002 118.9845 0001980 275.9939  84.0724 14.87919574 18206
1 41188U 15081K   16114.46263686  .00000224  00000-0  47808-4 0  9990,2 41188  47.0000 113.9980 0001951 278.8726  81.1950 14.87920103 18358
1 41188U 15081K   16115.46985173  .00000129  00000-0  37631-4 0  9990,2 41188  47.0003 109.0106 0001961 283.3162  76.7508 14.87920543 18507
1 41188U 15081K   16116.40991787 +.00000244 +00000-0 +49968-4 0  9997,2 41188 047.0000 104.3561 0002007 285.3615 074.7061 14.87921910018640
1 41188U 15081K   16117.01424594  .00000206  00000-0  45924-4 0  9998,2 41188  46.9999 101.3634 0001980 286.4773  73.5897 14.87922234 18733
1 41188U 15081K   16117.75286889 +.00000290 +00000-0 +54983-4 0  9990,2 41188 047.0006 097.7070 0001937 284.3208 075.7473 14.87923274018849
1 41188U 15081K   16118.29004878  .00000248  00000-0  50403-4 0  9992,2 41188  47.0007  95.0467 0001921 287.6712  72.3953 14.87923628 18928
1 41188U 15081K   16118.89437645 +.00000261 +00000-0 +51862-4 0  9995,2 41188 047.0006 092.0535 0001919 289.7844 070.2851 14.87924318019018
1 41188U 15081K   16119.29726140  .00000296  00000-0  55628-4 0  9993,2 41188  46.9999  90.0600 0001935 295.8078  64.2614 14.87924875 19077
1 41188U 15081K   16119.90158841 +.00000340 +00000-0 +60324-4 0  9997,2 41188 046.9999 087.0670 0001928 297.2960 062.7755 14.87925745019164
1 41188U 15081K   16120.30447314  .00000279  00000-0  53801-4 0  9992,2 41188  47.0004  85.0729 0001900 297.6547  62.4161 14.87925792 19228
1 41188U 15081K   16120.84165213 +.00000379 +00000-0 +64508-4 0  9993,2 41188 047.0010 082.4136 0001876 299.0051 061.0668 14.87926917019302
1 41188U 15081K   16121.31168328  .00000408  00000-0  67682-4 0  9995,2 41188  47.0013  80.0867 0001857 302.0292  58.0424 14.87927773 19375
1 41188U 15081K   16121.84886178 +.00000466 +00000-0 +73952-4 0  9994,2 41188 047.0015 077.4264 0001892 304.4198 055.6539 14.87928812019452
1 41188U 15081K   16122.31889241  .00000536  00000-0  81429-4 0  9997,2 41188  47.0005  75.1006 0001902 307.7694  52.3024 14.87929661 19523
1 41188U 15081K   16122.85607026 +.00000651 +00000-0 +93825-4 0  9996,2 41188 047.0006 072.4404 0001897 309.7329 050.3423 14.87931098019603
1 41188U 15081K   16123.32610051  .00000588  00000-0  87026-4 0  9996,2 41188  47.0016  70.1134 0001857 310.7613  49.3123 14.87931487 19677
1 41188U 15081K   16123.66183624 +.00000606 +00000-0 +89025-4 0  9996,2 41188 047.0019 068.4512 0001862 312.9341 047.1395 14.87932146019724
1 41188U 15081K   16124.66904154  .00000805  00000-0  11039-3 0  9996,2 41188  47.0022  63.4632 0001846 317.1796  42.8971 14.87935214 19876
1 41188U 15081K   16125.74339142  .00001154  00000-0  14800-3 0  9992,2 41188  47.0022  58.1428 0001881 321.7332  38.3458 14.87939349 20039
1 41188U 15081K   16126.75059345  .00001064  00000-0  13832-3 0  9992,2 41188  47.0030  53.1566 0001761 324.0538  36.0251 14.87941377 20183
1 41188U 15081K   16127.89208660 +.00000822 +00000-0 +11221-3 0  9995,2 41188 047.0029 047.5053 0001797 328.4286 031.6447 14.87942930020359
1 41188U 15081K   16128.16067420  .00000841  00000-0  11423-3 0  9998,2 41188  47.0014  46.1773 0001820 329.8596  30.2180 14.87943419 20399
1 41188U 15081K   16128.83214026 +.00000783 +00000-0 +10807-3 0  9998,2 41188 047.0020 042.8523 0001683 326.8258 033.2544 14.87944614020497
1 41188U 15081K   16129.16787285  .00000827  00000-0  11275-3 0  9996,2 41188  47.0020  41.1898 0001708 329.5788  30.5008 14.87945490 20544
1 41188U 15081K   16129.77219150 +.00000876 +00000-0 +11802-3 0  9994,2 41188 047.0022 038.1989 0001718 332.5755 027.5065 14.87947191020631
1 41188U 15081K   16130.17506993  .00000975  00000-0  12868-3 0  9997,2 41188  47.0024  36.2041 0001733 334.6534  25.4301 14.87948639 20690
1 41188U 15081K   16130.84653262 +.00001020 +00000-0 +13354-3 0  9996,2 41188 047.0023 032.8784 0001727 337.0181 023.0635 14.87950532020793
1 41188U 15081K   16131.92087144 +.00001246 +00000-0 +15783-3 0  9994,2 41188 047.0024 027.5573 0001696 340.6148 019.4698 14.87954525020951
1 41188U 15081K   16132.12230951  .00001192  00000-0  15208-3 0  9995,2 41188  47.0024  26.5595 0001696 341.5814  18.5010 14.87954823 20986
1 41188U 15081K   16132.86091667 +.00000991 +00000-0 +13043-3 0  9996,2 41188 047.0040 022.9053 0001597 344.5471 015.5333 14.87956026021090
1 41188U 15081K   16133.12950169  .00001188  00000-0  15161-3 0  9999,2 41188  47.0040  21.5750 0001597 345.8359  14.2549 14.87957848 21131
1 41188U 15081K   16134.06954412 +.00000987 +00000-0 +12991-3 0  9992,2 41188 047.0040 016.9189 0001597 350.3457 009.7392 14.87959350021275
1 41188U 15081K   16135.00958650  .00000727  00000-0  10190-3 0  9996,2 41188  47.0045  12.2665 0001438   1.3189 358.7588 14.87960089 21418
1 41188U 15081K   16135.74819223 +.00000534 +00000-0 +81175-4 0  9997,2 41188 047.0036 008.6097 0001178 355.5386 004.5486 14.87960638021525
1 41188U 15081K   16136.01677586  .00000552  00000-0  83054-4 0  9990,2 41188  47.0036   7.2799 0001242   1.3871 358.7010 14.87961163 21561
1 41188U 15081K   16136.75537990 +.00000543 +00000-0 +82127-4 0  9995,2 41188 047.0038 003.6218 0001288 005.7016 354.3891 14.87962390021672
1 41188U 15081K   16137.42683726  .00000706  00000-0  99716-4 0  9992,2 41188  47.0035   0.2980 0001144   6.4300 353.6641 14.87964224 21777
1 41188U 15081K   16137.56112806 +.00000809 +00000-0 +11078-3 0  9991,2 41188 047.0034 359.6331 0001072 006.7771 353.3182 14.87965160021791
1 41188U 15081K   16138.43402045  .00000776  00000-0  10717-3 0  9997,2 41188  47.0034 355.3095 0001072  10.9642 349.1288 14.87966650 21925
1 41188U 15081K   16138.63545698 +.00000862 +00000-0 +11643-3 0  9996,2 41188 047.0034 354.3118 0001072 011.9304 348.1641 14.87967554021955
1 41188U 15081K   16139.70978390  .00000809  00000-0  11079-3 0  9998,2 41188  47.0040 348.9926 0001059   8.3586 351.7246 14.87969263 22114
1 41188U 15081K   16140.58267617 +.00000789 +00000-0 +10860-3 0  9993,2 41188 047.0038 344.6740 0000498 001.2285 358.8712 14.87971212022249
1 41188U 15081K   16140.98554641  .00000981  00000-0  12927-3 0  9993,2 41188  47.0025 342.6809 0000459 344.4781  15.6145 14.87972829 22309
1 41188U 15081K   16141.92557999 +.00000803 +00000-0 +11009-3 0  9990,2 41188 047.0021 338.0254 0000437 352.6577 007.4318 14.87973859022448
1 41188U 15081K   16141.99272516  .00000826  00000-0  11252-3 0  9991,2 41188  47.0023 337.6931 0000342 346.6760  13.4133 14.87974180 22450
1 41188U 15081K   16142.66417789 +.00000499 +00000-0 +77297-4 0  9997,2 41188 047.0020 334.3678 0000365 359.2221 000.8656 14.87973795022558
1 41188U 15081K   16142.99990439  .00000739  00000-0  10316-3 0  9996,2 41188  47.0011 332.7062 0000223   4.6775 355.4138 14.87975294 22601
1 41188U 15081K   16143.87279195 +.00000317 +00000-0 +57776-4 0  9997,2 41188 046.9990 328.3872 0000101 002.8150 357.2731 14.87974809022731
1 41188U 15081K   16144.34280789  .00000460  00000-0  73082-4 0  9998,2 41188  46.9996 326.0585 0000222  31.6192 328.4710 14.87976245 22804
1 41188U 15081K   16144.87996920 +.00000510 +00000-0 +78564-4 0  9993,2 41188 046.9996 323.3986 0000304 035.5541 324.5385 14.87977233022882
1 41188U 15081K   16145.61856571  .00000430  00000-0  69902-4 0  9990,2 41188  46.9990 319.7443 0000232  51.0644 309.0274 14.87977556 22995
1 41188U 15081K   16146.82717697  .00000370  00000-0  63461-4 0  9996,2 41188  46.9997 313.7576 0000466  51.0158 309.0792 14.87979029 23175
1 41188U 15081K   16147.56577192 +.00000188 +00000-0 +43855-4 0  9994,2 41188 046.9995 310.0999 0000466 057.5911 302.5031 14.87979112023289
1 41188U 15081K   16148.30436664  .00000432  00000-0  70082-4 0  9999,2 41188  46.9998 306.4413 0000396  66.2039 293.8963 14.87981066 23391
1 41188U 15081K   16148.84152453 +.00000455 +00000-0 +72535-4 0  9999,2 41188 046.9999 303.7810 0000381 072.5884 287.5061 14.87981900023470
1 41188U 15081K   16149.51297191  .00000378  00000-0  64318-4 0  9997,2 41188  47.0008 300.4584 0000405  88.2991 271.7875 14.87982555 23571
1 41188U 15081K   16149.71440786 +.00000303 +00000-0 +56264-4 0  9998,2 41188 047.0004 299.4608 0000409 094.0351 266.0571 14.87982289023608
1 41188U 15081K   16150.52014513  .00000217  00000-0  46991-4 0  9994,2 41188  47.0004 295.4696 0000409  97.9081 262.1840 14.87983119 23725
1 41188U 15081K   16150.78872476 +.00000308 +00000-0 +56715-4 0  9998,2 41188 047.0004 294.1391 0000409 099.1991 260.8965 14.87983766023762
1 41188U 15081K   16151.79589489  .00000592  00000-0  87308-4 0  9996,2 41188  47.0004 289.1500 0000409 104.0404 256.0565 14.87986449 23914
1 41188U 15081K   16152.73591960 +.00000732 +00000-0 +10244-3 0  9998,2 41188 047.0022 284.5029 0000659 130.4841 229.6094 14.87988687024059
1 41188U 15081K   16153.47450955  .00000533  00000-0  80995-4 0  9998,2 41188  47.0021 280.8448 0000669 138.2677 221.8251 14.87989170 24165
1 41188U 15081K   16153.74308803 +.00000497 +00000-0 +77089-4 0  9991,2 41188 047.0008 279.5098 0000510 108.8610 251.2311 14.87989126024201
1 41188U 15081K   16154.61596554  .00000619  00000-0  90197-4 0  9991,2 41188  47.0013 275.1922 0000711 143.4284 216.6620 14.87991364 24339
1 41188U 15081K   16154.81739960 +.00000625 +00000-0 +90880-4 0  9999,2 41188 047.0010 274.1939 0000700 143.9099 216.1848 14.87991689024360
1 41188U 15081K   16155.69027641 +.00000670 +00000-0 +95703-4 0  9991,2 41188 047.0007 269.8712 0000602 149.6925 210.4003 14.87993318024493
1 41188U 15081K   16156.16028674  .00000693  00000-0  98229-4 0  9992,2 41188  47.0006 267.5430 0000647 154.5721 205.5218 14.87994275 24566
1 41188U 15081K   16156.69744253 +.00000418 +00000-0 +68588-4 0  9998,2 41188 047.0007 264.8834 0000707 152.7985 207.2947 14.87993561024648
1 41188U 15081K   16157.36888541  .00000388  00000-0  65395-4 0  9991,2 41188  47.0007 261.5583 0000756 159.0223 201.0697 14.87994369 24744
1 41188U 15081K   16157.70460695 +.00000344 +00000-0 +60642-4 0  9997,2 41188 047.0007 259.8952 0000756 160.6361 199.4582 14.87994596024795
1 41188U 15081K   16158.71177141  .00000444  00000-0  71400-4 0  9995,2 41188  47.0013 254.9116 0000650 168.9752 191.1163 14.87996184 24944
1 41188U 15081K   16159.65179023 +.00000472 +00000-0 +74372-4 0  9992,2 41188 047.0013 250.2584 0000691 176.7509 183.3401 14.87997558025084
1 41188U 15081K   16160.59180774  .00000560  00000-0  83897-4 0  9992,2 41188  47.0014 245.6036 0000638 176.1029 183.9877 14.87999440 25228
1 41188U 15081K   16160.65895175 +.00000576 +00000-0 +85570-4 0  9994,2 41188 047.0013 245.2708 0000636 175.6504 184.4404 14.87999627025239
1 41188U 15081K   16161.59896761  .00000659  00000-0  94502-4 0  9997,2 41188  47.0001 240.6172 0000710 189.6518 170.4366 14.88001411 25376
1 41188U 15081K   16162.60612769  .00000315  00000-0  57549-4 0  9993,2 41188  47.0002 235.6291 0000915 193.2062 166.8801 14.88001232 25526
1 41188U 15081K   16163.68043123  .00000223  00000-0  47584-4 0  9990,2 41188  47.0004 230.3094 0001012 200.1952 159.8904 14.88001986 25685
1 41188U 15081K   16164.62044590 +.00000231 +00000-0 +48529-4 0  9993,2 41188 046.9997 225.6540 0001118 206.5965 153.4874 14.88002811025828
1 41188U 15081K   16165.15759704  .00000282  00000-0  53915-4 0  9993,2 41188  46.9997 222.9932 0001144 208.7441 151.3411 14.88003623 25900
1 41188U 15081K   16165.62760421 +.00000231 +00000-0 +48446-4 0  9990,2 41188 047.0001 220.6674 0001283 208.3887 151.6941 14.88003686025977
1 41188U 15081K   16166.29904234  .00000216  00000-0  46872-4 0  9990,2 41188  47.0001 217.3428 0001436 211.2667 148.8134 14.88004226 26071
1 41188U 15081K   16166.97048065 +.00000241 +00000-0 +49564-4 0  9995,2 41188 047.0001 214.0172 0001439 214.7319 145.3489 14.88005024026179
1 41188U 15081K   16167.50763105  .00000260  00000-0  51581-4 0  9997,2 41188  47.0002 211.3575 0001537 217.6285 142.4524 14.88005610 26258
1 41188U 15081K   16168.51478716  .00000243  00000-0  49765-4 0  9992,2 41188  47.0001 206.3699 0001620 220.9740 139.1057 14.88006492 26404
1 41188U 15081K   16169.45479899 +.00000146 +00000-0 +39391-4 0  9995,2 41188 047.0001 201.7133 0001620 225.4947 134.5808 14.88006790026544
1 41188U 15081K   16169.99194890  .00000283  00000-0  54032-4 0  9990,2 41188  46.9992 199.0576 0001607 229.6439 130.4298 14.88007927 26628
1 41188U 15081K   16170.86481804 +.00000111 +00000-0 +35601-4 0  9993,2 41188 046.9992 194.7335 0001607 233.8411 126.2353 14.88007508026754
1 41188U 15081K   16171.13339250  .00000038  00000-0  27713-4 0  9994,2 41188  46.9992 193.4030 0001607 235.1326 124.9418 14.88007437 26794
1 41188U 15081K   16171.46911198 +.00000082 +00000-0 +32477-4 0  9999,2 41188 046.9979 191.7427 0001465 237.8869 122.1888 14.88007703026846
1 41188U 15081K   16172.47626695  .00000178  00000-0  42730-4 0  9995,2 41188  46.9985 186.7544 0001365 241.6400 118.4377 14.88009045 26998
1 41188U 15081K   16173.88628185 +.00000394 +00000-0 +66050-4 0  9998,2 41188 046.9981 179.7696 0001314 250.8910 109.1865 14.88011294027209
1 41188U 15081K   16174.15485553  .00000284  00000-0  54155-4 0  9990,2 41188  46.9980 178.4408 0001475 244.7724 115.3021 14.88011080 27248
1 41188U 15081K   16174.89343417 +.00000576 +00000-0 +85528-4 0  9995,2 41188 046.9984 174.7826 0001476 248.0855 111.9945 14.88013356027355
1 41188U 15081K   16175.36343794  .00000389  00000-0  65454-4 0  9994,2 41188  46.9981 172.4576 0001543 248.7139 111.3575 14.88012907 27428
1 41188U 15081K   16175.90058569 +.00000424 +00000-0 +69279-4 0  9996,2 41188 046.9982 169.7966 0001546 251.9089 108.1648 14.88013786027504
1 41188U 15081K   16176.37059022  .00000307  00000-0  56659-4 0  9991,2 41188  46.9978 167.4695 0001545 251.5821 108.4916 14.88013632 27570
1 41188U 15081K   16176.77345049 +.00000316 +00000-0 +57605-4 0  9994,2 41188 046.9982 165.4747 0001582 250.6388 109.4340 14.88014116027637
1 41188U 15081K   16177.44488368  .00000386  00000-0  65190-4 0  9996,2 41188  46.9987 162.1510 0001594 257.7933 102.2756 14.88015255 27739
1 41188U 15081K   16178.92203664 +.00000457 +00000-0 +72761-4 0  9995,2 41188 046.9994 154.8345 0001622 266.3396 093.7317 14.88017539027950
1 41188U 15081K   16179.12346633  .00000361  00000-0  62448-4 0  9997,2 41188  46.9990 153.8375 0001615 266.3089  93.7591 14.88017177 27984
1 41188U 15081K   16179.86204259 +.00000462 +00000-0 +73280-4 0  9993,2 41188 046.9997 150.1801 0001612 266.6214 093.4516 14.88018626028092
1 41188U 15081K   16180.33204479  .00000324  00000-0  58435-4 0  9993,2 41188  47.0004 147.8535 0001632 264.3630  95.7068 14.88018611 28168
1 41188U 15081K   16180.93633391 +.00000363 +00000-0 +62655-4 0  9990,2 41188 047.0005 144.8614 0001638 270.2201 089.8525 14.88019626028259
1 41188U 15081K   16181.40633617  .00000371  00000-0  63533-4 0  9999,2 41188  47.0006 142.5341 0001636 275.9006  84.1699 14.88020024 28327
1 41188U 15081K   16181.94348130 +.00000252 +00000-0 +50732-4 0  9996,2 41188 047.0003 139.8742 0001625 276.4950 083.5733 14.88019983028403
1 41188U 15081K   16182.68205728  .00000076  00000-0  31834-4 0  9999,2 41188  47.0016 136.2178 0001632 273.5735  86.4974 14.88019637 28515
1 41188U 15081K   16183.75634757  .00000022  00000-0  26050-4 0  9991,2 41188  47.0016 130.8971 0001643 280.0968  79.9741 14.88020196 28677
1 41188U 15081K   16184.83063763  .00000201  00000-0  45248-4 0  9993,2 41188  47.0006 125.5774 0001643 286.8263  73.2474 14.88021632 28834
1 41188U 15081K   16185.70349756 +.00000237 +00000-0 +49094-4 0  9991,2 41188 047.0013 121.2555 0001610 286.5536 073.5200 14.88022425028961
1 41188U 15081K   16185.97206941  .00000093  00000-0  33657-4 0  9996,2 41188  47.0016 119.9256 0001615 281.2552  78.8153 14.88021962 29007
1 41188U 15081K   16186.64349994 +.00000091 +00000-0 +33452-4 0  9998,2 41188 047.0020 116.6004 0001613 284.6173 075.4541 14.88022509029104
1 41188U 15081K   16186.97921519  .00000041  00000-0  28062-4 0  9999,2 41188  47.0018 114.9386 0001627 285.0182  75.0526 14.88022475 29151
1 41188U 15081K   16187.78493161 +.00000185 +00000-0 +43476-4 0  9991,2 41188 047.0010 110.9482 0001623 290.0023 070.0727 14.88023731029279
1 41188U 15081K   16188.25493272  .00000127  00000-0  37297-4 0  9997,2 41188  47.0018 108.6233 0001572 289.3497  70.7219 14.88023613 29344
1 41188U 15081K   16188.59064784 +.00000148 +00000-0 +39554-4 0  9997,2 41188 047.0022 106.9610 0001575 290.4669 069.6060 14.88023984029393
1 41188U 15081K   16189.26207722  .00000134  00000-0  38051-4 0  9999,2 41188  47.0021 103.6359 0001584 291.8928  68.1797 14.88024505 29491
1 41188U 15081K   16189.79922076 +.00000182 +00000-0 +43204-4 0  9992,2 41188 047.0018 100.9751 0001595 294.8455 065.2284 14.88025136029572
1 41188U 15081K   16190.80636398  .00000219  00000-0  47133-4 0  9991,2 41188  47.0015  95.9865 0001588 295.5137  64.5611 14.88026181 29729
1 41188U 15081K   16191.74636391 +.00000273 +00000-0 +52939-4 0  9998,2 41188 047.0020 091.3336 0001602 293.5343 066.5422 14.88027430029867
1 41188U 15081K   16192.01493448  .00000336  00000-0  59709-4 0  9995,2 41188  47.0008  90.0050 0001617 298.8285  61.2426 14.88027825 29900
1 41188U 15081K   16192.75350517 +.00000488 +00000-0 +76086-4 0  9990,2 41188 047.0008 086.3483 0001534 305.5400 054.5362 14.88029722030017
1 41188U 15081K   16193.02207586  .00000533  00000-0  80880-4 0  9996,2 41188  47.0005  85.0183 0001552 306.6039  53.4716 14.88030221 30058
1 41188U 15081K   16193.76064488 +.00000513 +00000-0 +78814-4 0  9991,2 41188 047.0005 081.3606 0001481 304.6590 055.4157 14.88031221030162
1 41188U 15081K   16194.09635824  .00000583  00000-0  86321-4 0  9995,2 41188  47.0005  79.6975 0001481 306.2720  53.8050 14.88032024 30216
1 41188U 15081K   16194.76778389 +.00000543 +00000-0 +82008-4 0  9997,2 41188 047.0009 076.3736 0001430 305.8927 054.1830 14.88032991030311
1 41188U 15081K   16195.10349680  .00000632  00000-0  91551-4 0  9996,2 41188  47.0014  74.7116 0001441 307.8109  52.2667 14.88033986 30364
1 41188U 15081K   16195.70777904 +.00000532 +00000-0 +80864-4 0  9990,2 41188 047.0012 071.7191 0001394 311.0804 048.9940 14.88034495030450
1 41188U 15081K   16196.71491651  .00000696  00000-0  98472-4 0  9999,2 41188  47.0006  66.7369 0001456 304.3947  55.6812 14.88037082 30601
1 41188U 15081K   16197.72205252  .00000645  00000-0  92914-4 0  9990,2 41188  47.0006  61.7498 0001416 306.8853  53.1914 14.88038363 30753
1 41188U 15081K   16198.79632949  .00000589  00000-0  86919-4 0  9990,2 41188  47.0006  56.4301 0001353 309.5822  50.4956 14.88039819 30914
1 41188U 15081K   16198.86347237 +.00000496 +00000-0 +76909-4 0  9996,2 41188 047.0006 056.0976 0001350 309.6810 050.3969 14.88039228030921
1 41188U 15081K   16199.87060656 +.00000477 +00000-0 +74912-4 0  9996,2 41188 047.0006 051.1105 0001287 311.6246 048.4541 14.88040565031073
1 41188U 15081K   16200.81059746  .00000450  00000-0  71970-4 0  9993,2 41188  47.0007  46.4557 0001239 313.7575  46.3220 14.88041776 31219
1 41188U 15081K   16200.87773958 +.00000306 +00000-0 +56519-4 0  9999,2 41188 047.0007 046.1233 0001231 313.9721 046.1074 14.88041137031221
1 41188U 15081K   16201.81772991  .00000312  00000-0  57110-4 0  9995,2 41188  47.0007  41.4686 0001170 315.7285  44.3519 14.88042391 31360
1 41188U 15081K   16201.88487207 +.00000307 +00000-0 +56657-4 0  9994,2 41188 047.0007 041.1362 0001169 316.0420 044.0384 14.88042448031372
1 41188U 15081K   16202.62343493 +.00000481 +00000-0 +75328-4 0  9994,2 41188 047.0007 037.4788 0001133 317.2667 042.8142 14.88044431031483
1 41188U 15081K   16202.95914536  .00000358  00000-0  62059-4 0  9992,2 41188  47.0007  35.8165 0001114 318.3638  41.7174 14.88044208 31534
1 41188U 15081K   16203.89913384 +.00000359 +00000-0 +62153-4 0  9992,2 41188 047.0007 031.1618 0001053 319.8767 040.2053 14.88045415031673
1 41188U 15081K   16203.96627585  .00000356  00000-0  61867-4 0  9993,2 41188  47.0007  30.8294 0001049 320.0290  40.0530 14.88045488 31688
1 41188U 15081K   16204.90626382 +.00000328 +00000-0 +58900-4 0  9995,2 41188 047.0007 026.1746 0001002 322.3286 037.7541 14.88046439031825
1 41188U 15081K   16204.97340578  .00000327  00000-0  58726-4 0  9997,2 41188  47.0007  25.8421 0000995 322.3299  37.7529 14.88046518 31830
1 41188U 15081K   16205.91339296 +.00000294 +00000-0 +55166-4 0  9995,2 41188 047.0007 021.1873 0000941 324.4658 035.6176 14.88047440031978
1 41188U 15081K   16205.98053485  .00000294  00000-0  55247-4 0  9995,2 41188  47.0007  20.8548 0000937 324.5863  35.4972 14.88047529 31988
1 41188U 15081K   16206.85337950 +.00000227 +00000-0 +48035-4 0  9997,2 41188 047.0007 016.5325 0000882 326.2333 033.8508 14.88048136032111
1 41188U 15081K   16207.52479756  .00000382  00000-0  64648-4 0  9993,2 41188  47.0008  13.2075 0000849 327.5156  32.5689 14.88049854 32213
1 41188U 15081K   16207.92764843 +.00000370 +00000-0 +63336-4 0  9991,2 41188 047.0008 011.2127 0000826 328.9614 031.1235 14.88050276032276
1 41188U 15081K   16208.80049253  .00000228  00000-0  48084-4 0  9995,2 41188  47.0009   6.8905 0000763 330.0186  30.0668 14.88050241 32404
1 41188U 15081K   16208.86763431 +.00000250 +00000-0 +50420-4 0  9994,2 41188 047.0009 006.5580 0000760 330.1081 029.9773 14.88050428032414
1 41188U 15081K   16209.80761909  .00000203  00000-0  45379-4 0  9992,2 41188  47.0010   1.9032 0000694 331.1295  28.9564 14.88051087 32555
1 41188U 15081K   16209.87476106 +.00000228 +00000-0 +48140-4 0  9997,2 41188 047.0010 001.5707 0000691 331.3099 028.7761 14.88051213032560
1 41188U 15081K   16210.61332023 +.00000191 +00000-0 +44097-4 0  9996,2 41188 047.0011 357.9133 0000640 331.8756 028.2107 14.88051681032671
1 41188U 15081K   16211.41902074  .00000168  00000-0  41609-4 0  9994,2 41188  47.0011 353.9236 0000589 332.7729  27.3138 14.88052291 32798
1 41188U 15081K   16211.82187082 +.00000172 +00000-0 +42065-4 0  9995,2 41188 047.0011 351.9289 0000559 333.1891 026.8978 14.88052690032852
1 41188U 15081K   16212.49328752  .00000141  00000-0  38711-4 0  9999,2 41188  47.0012 348.6040 0000517 332.5158  27.5712 14.88053080 32953
1 41188U 15081K   16212.82899584 +.00000141 +00000-0 +38685-4 0  9992,2 41188 047.0012 346.9418 0000498 333.8091 026.2782 14.88053352033003
1 41188U 15081K   16213.50041224  .00000132  00000-0  37766-4 0  9997,2 41188  47.0012 343.6169 0000455 333.0005  27.0869 14.88053843 33101
1 41188U 15081K   16213.83612034 +.00000143 +00000-0 +38911-4 0  9991,2 41188 047.0011 341.9547 0000433 333.4956 026.5920 14.88054173033150
1 41188U 15081K   16214.50753643  .00000158  00000-0  40527-4 0  9990,2 41188  47.0011 338.6298 0000392 332.2451  27.8426 14.88054756 33250
1 41188U 15081K   16214.77610281 +.00000165 +00000-0 +41284-4 0  9998,2 41188 047.0011 337.3000 0000374 333.4302 026.6577 14.88054988033290
1 41188U 15081K   16215.51466007  .00000149  00000-0  39626-4 0  9995,2 41188  47.0011 333.6426 0000328 329.2906  30.7972 14.88055460 33407
1 41188U 15081K   16215.78322630 +.00000153 +00000-0 +39992-4 0  9998,2 41188 047.0011 332.3128 0000314 329.9901 030.0979 14.88055677033443
1 41188U 15081K   16216.52178277  .00000221  00000-0  47296-4 0  9999,2 41188  47.0011 328.6555 0000270 325.9655  34.1225 14.88056739 33559
1 41188U 15081K   16216.79034873 +.00000234 +00000-0 +48718-4 0  9995,2 41188 047.0010 327.3256 0000256 327.7173 032.3708 14.88057057033595
1 41188U 15081K   16217.73032889  .00000298  00000-0  55562-4 0  9990,2 41188  47.0009 322.6709 0000207 320.7520  39.3363 14.88058334 33738
1 41188U 15081K   16218.73744961  .00000334  00000-0  59428-4 0  9998,2 41188  47.0009 317.6837 0000165 308.0469  52.0413 14.88059628 33889
1 41188U 15081K   16219.74456968  .00000369  00000-0  63270-4 0  9995,2 41188  47.0008 312.6965 0000137 289.1368  70.9514 14.88060958 34038
1 41188U 15081K   16220.68454750 +.00000356 +00000-0 +61869-4 0  9995,2 41188 047.0008 308.0418 0000143 264.4700 095.6181 14.88062029034173
1 41188U 15081K   16221.22167718  .00000378  00000-0  64140-4 0  9990,2 41188  47.0007 305.3819 0000162 254.8921 105.1959 14.88062855 34252
1 41188U 15081K   16221.69166573 +.00000350 +00000-0 +61172-4 0  9991,2 41188 047.0006 303.0547 0000176 246.7168 113.3711 14.88063277034326
1 41188U 15081K   16222.22879502  .00000349  00000-0  61058-4 0  9995,2 41188  47.0006 300.3947 0000202 241.0996 118.9881 14.88063985 34401
1 41188U 15081K   16222.63164214 +.00000356 +00000-0 +61829-4 0  9991,2 41188 047.0005 298.4000 0000210 237.0537 123.0340 14.88064477034462
1 41188U 15081K   16223.23591206  .00000402  00000-0  66786-4 0  9992,2 41188  47.0004 295.4076 0000247 233.1948 126.8927 14.88065497 34559
1 41188U 15081K   16223.63875873 +.00000421 +00000-0 +68757-4 0  9992,2 41188 047.0003 293.4128 0000263 230.0555 130.0319 14.88066039034614
1 41188U 15081K   16224.37731049  .00000385  00000-0  64970-4 0  9992,2 41188  47.0001 289.7553 0000302 225.5871 134.5002 14.88066713 34725
1 41188U 15081K   16224.64587485 +.00000373 +00000-0 +63665-4 0  9992,2 41188 047.0001 288.4255 0000312 226.1084 133.9788 14.88066901034761
1 41188U 15081K   16225.51870807  .00000412  00000-0  67787-4 0  9995,2 41188  46.9999 284.1032 0000358 223.4489 136.6380 14.88068087 34899
1 41188U 15081K   16225.65299005 +.00000407 +00000-0 +67246-4 0  9999,2 41188 046.9999 283.4382 0000367 223.4254 136.6614 14.88068214034914
1 41188U 15081K   16226.52582283  .00000396  00000-0  66094-4 0  9996,2 41188  46.9997 279.1158 0000414 222.0283 138.0582 14.88069038 35045
1 41188U 15081K   16226.59296379 +.00000389 +00000-0 +65353-4 0  9990,2 41188 046.9997 278.7833 0000418 222.1405 137.9461 14.88069071035053
1 41188U 15081K   16227.53293690  .00000310  00000-0  56909-4 0  9999,2 41188  46.9995 274.1284 0000467 221.7217 138.3645 14.88069624 35199
1 41188U 15081K   16227.60007781 +.00000308 +00000-0 +56639-4 0  9998,2 41188 046.9995 273.7959 0000469 222.4228 137.6633 14.88069681035209
1 41188U 15081K   16228.54005035  .00000285  00000-0  54236-4 0  9997,2 41188  46.9994 269.1410 0000520 223.0093 137.0764 14.88070486 35343
1 41188U 15081K   16228.60719122 +.00000283 +00000-0 +53988-4 0  9994,2 41188 046.9994 268.8085 0000523 223.2513 136.8343 14.88070541035352
1 41188U 15081K   16229.54716334  .00000230  00000-0  48280-4 0  9991,2 41188  46.9993 264.1536 0000570 223.9640 136.1212 14.88071082 35495
1 41188U 15081K   16230.55427568  .00000175  00000-0  42325-4 0  9994,2 41188  46.9993 259.1662 0000614 224.5501 135.5347 14.88071696 35641
1 41188U 15081K   16231.49424993 +.00000163 +00000-0 +41123-4 0  9999,2 41188 046.9991 254.5113 0000625 226.1656 133.9190 14.88065440035783
1 41188U 15081K   16232.09851962  .00000151  00000-0  39807-4 0  9999,2 41188  46.9991 251.5187 0000659 227.2981 132.7861 14.88065909 35873
1 41188U 15081K   16232.50136604 +.00000263 +00000-0 +51840-4 0  9999,2 41188 046.9991 249.5239 0000676 226.4951 133.5890 14.88066279035934
1 41188U 15081K   16233.17277642  .00000263  00000-0  51820-4 0  9999,2 41188  46.9990 246.1989 0000716 226.5980 133.4858 14.88066923 36037
1 41188U 15081K   16233.50848148 +.00000278 +00000-0 +53415-4 0  9999,2 41188 046.9990 244.5365 0000730 226.9671 133.1165 14.88067292036087
1 41188U 15081K   16234.17989154  .00000232  00000-0  48474-4 0  9995,2 41188  46.9989 241.2115 0000768 227.4805 132.6027 14.88067681 36182
1 41188U 15081K   16234.51559681 +.00000080 +00000-0 +32192-4 0  9992,2 41188 046.9989 239.5490 0000779 227.5988 132.4843 14.88067390036230
1 41188U 15081K   16235.18700669  .00000077  00000-0  31822-4 0  9995,2 41188  46.9989 236.2239 0000813 228.6170 131.4657 14.88067827 36337
1 41188U 15081K   16235.45557067 +.00000081 +00000-0 +32293-4 0  9995,2 41188 046.9988 234.8941 0000805 229.6353 130.4475 14.88067995036372
1 41188U 15081K   16236.46268511  .00000085  00000-0  32770-4 0  9994,2 41188  46.9988 229.9065 0000842 230.8464 129.2359 14.88068646 36520
1 41188U 15081K   16237.93978511  .00000111  00000-0  35535-4 0  9997,2 41188  46.9989 222.5914 0000888 233.5863 126.4953 14.88069784 36743
1 41188U 15081K   16238.94689815 +.00000117 +00000-0 +36186-4 0  9994,2 41188 046.9990 217.6039 0000920 235.0220 125.0591 14.88070545036895
1 41188U 15081K   16239.14832060  .00000117  00000-0  36151-4 0  9991,2 41188  46.9990 216.6064 0000948 234.5092 125.5717 14.88070718 36924
1 41188U 15081K   16239.95401054 +.00000127 +00000-0 +37224-4 0  9998,2 41188 046.9991 212.6164 0000956 236.2021 123.8785 14.88071392037041
1 41188U 15081K   16240.15543295  .00000157  00000-0  40439-4 0  9991,2 41188  46.9992 211.6190 0000973 236.1244 123.9561 14.88071711 37076
1 41188U 15081K   16240.96112239 +.00000153 +00000-0 +40071-4 0  9998,2 41188 046.9993 207.6290 0000989 237.5993 122.4809 14.88072350037198
1 41188U 15081K   16241.16254475  .00000192  00000-0  44259-4 0  9995,2 41188  46.9993 206.6316 0001002 237.6712 122.4088 14.88072704 37229
1 41188U 15081K   16241.90109279 +.00000204 +00000-0 +45460-4 0  9997,2 41188 046.9994 202.9742 0001029 239.0566 121.0231 14.88073465037336
1 41188U 15081K   16242.30393730  .00000288  00000-0  54569-4 0  9991,2 41188  46.9994 200.9794 0001026 239.5195 120.5601 14.88074225 37397
1 41188U 15081K   16242.90820318 +.00000329 +00000-0 +58946-4 0  9993,2 41188 046.9994 197.9868 0001052 240.1594 119.9199 14.88075113037485
1 41188U 15081K   16243.31104754  .00000295  00000-0  55275-4 0  9992,2 41188  46.9994 195.9920 0001038 240.6621 119.4173 14.88075213 37547
1 41188U 15081K   16243.91531320 +.00000319 +00000-0 +57818-4 0  9993,2 41188 046.9995 192.9995 0001057 241.6740 118.4051 14.88075961037635
1 41188U 15081K   16244.31815682  .00000378  00000-0  64163-4 0  9990,2 41188  46.9995 191.0046 0001070 242.2761 117.8028 14.88076704 37696
1 41188U 15081K   16244.85528157 +.00000389 +00000-0 +65391-4 0  9993,2 41188 046.9995 188.3446 0001087 243.0441 117.0346 14.88077308037776
1 41188U 15081K   16245.32526523  .00000493  00000-0  76578-4 0  9996,2 41188  46.9995 186.0173 0001092 243.5488 116.5297 14.88078461 37848
1 41188U 15081K   16246.26523147 +.00000718 +00000-0 +10072-3 0  9995,2 41188 046.9995 181.3624 0001111 245.1962 114.8820 14.88081029037986
1 41188U 15081K   16247.27233733  .00000744  00000-0  10346-3 0  9999,2 41188  46.9996 176.3749 0001128 246.2944 113.7835 14.88082695 38131
1 41188U 15081K   16247.87659996 +.00000743 +00000-0 +10341-3 0  9992,2 41188 046.9996 173.3825 0001147 246.9867 113.0909 14.88083787038223
1 41188U 15081K   16248.27944110  .00000885  00000-0  11865-3 0  9991,2 41188  46.9997 171.3876 0001146 247.7712 112.3064 14.88085409 38288
1 41188U 15081K   16248.81656289 +.00000792 +00000-0 +10862-3 0  9991,2 41188 046.9997 168.7275 0001163 248.3384 111.7390 14.88085886038365
1 41188U 15081K   16249.82366448  .00000777  00000-0  10698-3 0  9998,2 41188  46.9998 163.7401 0001185 249.9742 110.1028 14.88087960 38514
1 41188U 15081K   16249.89080441 +.00000791 +00000-0 +10855-3 0  9992,2 41188 046.9998 163.4076 0001189 249.9563 110.1206 14.88088228038521
1 41188U 15081K   16250.83076438 +.00000745 +00000-0 +10360-3 0  9999,2 41188 046.9999 158.7528 0001202 251.0793 108.9974 14.88090115038666
1 41188U 15081K   16251.09932419  .00000728  00000-0  10173-3 0  9991,2 41188  46.9999 157.4229 0001202 251.6656 108.4111 14.88090620 38708
1 41188U 15081K   16251.83786289 +.00000695 +00000-0 +98247-4 0  9997,2 41188 046.9999 153.7655 0001217 252.5604 107.5160 14.88092139038812
1 41188U 15081K   16252.17356234  .00000741  00000-0  10314-3 0  9998,2 41188  46.9999 152.1031 0001218 253.3005 106.7759 14.88093038 38867
1 41188U 15081K   16252.77782051 +.00000727 +00000-0 +10165-3 0  9992,2 41188 046.9998 149.1106 0001233 253.9841 106.0921 14.88094285038955
1 41188U 15081K   16253.71777698  .00000722  00000-0  10112-3 0  9995,2 41188  46.9998 144.4557 0001241 255.3113 104.7647 14.88096189 39091
1 41188U 15081K   16254.85915172  .00000618  00000-0  89913-4 0  9992,2 41188  46.9997 138.8034 0001246 257.0041 103.0718 14.88097693 39262
1 41188U 15081K   16255.86624569 +.00000632 +00000-0 +91382-4 0  9990,2 41188 046.9996 133.8158 0001256 258.0508 102.0249 14.88099526039415
1 41188U 15081K   16256.13480404  .00000637  00000-0  91931-4 0  9994,2 41188  46.9995 132.4859 0001259 258.7316 101.3440 14.88099966 39451
1 41188U 15081K   16257.67901273  .00000508  00000-0  78121-4 0  9999,2 41188  46.9994 124.8382 0001276 261.0531  99.0223 14.88101679 39683
1 41188U 15081K   16258.75324368  .00000458  00000-0  72693-4 0  9995,2 41188  46.9994 119.5181 0001284 262.3546  97.7206 14.88102972 39841
1 41188U 15081K   16259.62605538 +.00000487 +00000-0 +75822-4 0  9992,2 41188 046.9994 115.1955 0001287 263.6818 096.3933 14.88104397039970
1 41188U 15081K   16259.96175213  .00000471  00000-0  74127-4 0  9991,2 41188  46.9994 113.5331 0001287 264.4308  95.6443 14.88104762 40025
1 41188U 15081K   16260.70028449 +.00000450 +00000-0 +71849-4 0  9998,2 41188 046.9995 109.8755 0001291 265.2889 094.7861 14.88105658040133
1 41188U 15081K   16261.03598089  .00000450  00000-0  71842-4 0  9990,2 41188  46.9995 108.2130 0001289 265.8331  94.2419 14.88106104 40184
1 41188U 15081K   16261.90879125 +.00000404 +00000-0 +66962-4 0  9995,2 41188 046.9995 103.8904 0001296 265.5712 094.5037 14.88106954040319
1 41188U 15081K   16262.04306968  .00000399  00000-0  66393-4 0  9992,2 41188  46.9996 103.2254 0001301 266.0531  94.0218 14.88107102 40338
1 41188U 15081K   16262.91587926 +.00000374 +00000-0 +63746-4 0  9995,2 41188 046.9996 098.9027 0001307 266.8946 093.1802 14.88108054040460
1 41188U 15081K   16263.52013178  .00000371  00000-0  63426-4 0  9998,2 41188  46.9996  95.9101 0001316 267.7671  92.3076 14.88108730 40550
1 41188U 15081K   16263.92296634 +.00000468 +00000-0 +73824-4 0  9992,2 41188 046.9996 093.9151 0001315 268.4791 091.5956 14.88109804040611
1 41188U 15081K   16264.52721806  .00000502  00000-0  77445-4 0  9995,2 41188  46.9996  90.9224 0001318 269.9826  90.0921 14.88110791 40700
1 41188U 15081K   16264.93005252 +.00000410 +00000-0 +67590-4 0  9998,2 41188 046.9996 088.9274 0001312 269.9422 090.1325 14.88110810040765
1 41188U 15081K   16265.53430426  .00000416  00000-0  68193-4 0  9996,2 41188  46.9996  85.9347 0001319 271.0309  89.0437 14.88111438 40856
1 41188U 15081K   16265.86999948 +.00000365 +00000-0 +62766-4 0  9994,2 41188 046.9996 084.2722 0001313 271.7468 088.3279 14.88111545040903
1 41188U 15081K   16266.60852865  .00000383  00000-0  64679-4 0  9998,2 41188  46.9997  80.6145 0001317 272.8803  87.1944 14.88112422 41016
1 41188U 15081K   16266.87708458 +.00000359 +00000-0 +62073-4 0  9994,2 41188 046.9997 079.2845 0001311 273.4843 086.5905 14.88112598041050
1 41188U 15081K   16267.88416916  .00000309  00000-0  56779-4 0  9992,2 41188  46.9998  74.2967 0001304 275.6489  84.4260 14.88113371 41201
1 41188U 15081K   16268.89125291  .00000332  00000-0  59158-4 0  9997,2 41188  47.0000  69.3090 0001297 277.6586  82.4164 14.88114540 41356
1 41188U 15081K   16269.89833561  .00000324  00000-0  58327-4 0  9992,2 41188  47.0001  64.3214 0001299 278.1354  81.9396 14.88115669 41502
1 41188U 15081K   16270.50258461 +.00000396 +00000-0 +66071-4 0  9996,2 41188 047.0002 061.3287 0001299 278.7674 081.3077 14.88116839041590
1 41188U 15081K   16271.84535916  .00000526  00000-0  80061-4 0  9997,2 41188  47.0005  54.6788 0001291 280.6479  79.4273 14.88119254 41793
1 41188U 15081K   16272.85243869  .00000603  00000-0  88298-4 0  9998,2 41188  47.0006  49.6913 0001289 282.3414  77.7339 14.88121142 41943
1 41188U 15081K   16273.72524000 +.00000667 +00000-0 +95084-4 0  9995,2 41188 047.0008 045.3688 0001284 283.7615 076.3139 14.88122862042078
1 41188U 15081K   16274.46376333  .00000662  00000-0  94580-4 0  9996,2 41188  47.0009  41.7113 0001286 284.8329  75.2426 14.88124109 42183
1 41188U 15081K   16274.79945552 +.00000646 +00000-0 +92841-4 0  9997,2 41188 047.0009 040.0489 0001279 285.6103 074.4654 14.88124620042230
1 41188U 15081K   16275.47083959  .00000625  00000-0  90663-4 0  9994,2 41188  47.0010  36.7239 0001280 286.3446  73.7310 14.88125705 42334
1 41188U 15081K   16275.80653138 +.00000617 +00000-0 +89771-4 0  9992,2 41188 047.0010 035.0615 0001264 287.0985 072.9774 14.88126285042386
1 41188U 15081K   16276.47791459  .00000593  00000-0  87193-4 0  9994,2 41188  47.0011  31.7364 0001261 287.8153  72.2607 14.88127383 42482
1 41188U 15081K   16276.81360597 +.00000584 +00000-0 +86258-4 0  9998,2 41188 047.0011 030.0740 0001248 288.9811 071.0951 14.88127965042531
1 41188U 15081K   16277.48498831  .00000576  00000-0  85328-4 0  9993,2 41188  47.0012  26.7489 0001246 289.8048  70.2715 14.88129140 42631
1 41188U 15081K   16277.68640295 +.00000573 +00000-0 +85057-4 0  9994,2 41188 047.0012 025.7515 0001240 290.3814 069.6950 14.88129487042662
1 41188U 15081K   16278.69347475  .00000622  00000-0  90313-4 0  9996,2 41188  47.0013  20.7640 0001218 292.4311  67.6458 14.88131756 42817
1 41188U 15081K   16279.70054492  .00000699  00000-0  98494-4 0  9995,2 41188  47.0013  15.7765 0001202 293.8642  66.2130 14.88134242 42965
1 41188U 15081K   16280.70761427  .00000688  00000-0  97326-4 0  9991,2 41188  47.0014  10.7891 0001192 295.4135  64.6639 14.88136092 43113
1 41188U 15081K   16281.71468187  .00000804  00000-0  10975-3 0  9994,2 41188  47.0014   5.8016 0001171 296.9125  63.1653 14.88138791 43263
1 41188U 15081K   16282.65461029 +.00000841 +00000-0 +11373-3 0  9990,2 41188 047.0014 001.1467 0001150 298.4940 061.5842 14.88140978043409
1 41188U 15081K   16283.19171180  .00000837  00000-0  11336-3 0  9990,2 41188  47.0014 358.4866 0001145 299.4361  60.6422 14.88142048 43484
1 41188U 15081K   16283.66167519 +.00000826 +00000-0 +11217-3 0  9999,2 41188 047.0013 356.1593 0001127 300.1696 059.9090 14.88143007043552
1 41188U 15081K   16284.19877568  .00000830  00000-0  11256-3 0  9998,2 41188  47.0013 353.4991 0001118 300.9296  59.1492 14.88144210 43632
1 41188U 15081K   16284.66873832 +.00000887 +00000-0 +11871-3 0  9995,2 41188 047.0012 351.1717 0001103 301.8163 058.2627 14.88145551043706
1 41188U 15081K   16285.20583825  .00000880  00000-0  11788-3 0  9996,2 41188  47.0012 348.5116 0001089 302.5555  57.5237 14.88146614 43783
1 41188U 15081K   16285.60866306 +.00000849 +00000-0 +11462-3 0  9992,2 41188 047.0011 346.5167 0001076 303.4391 056.6404 14.88147242043841
1 41188U 15081K   16286.21289978  .00000842  00000-0  11379-3 0  9994,2 41188  47.0010 343.5240 0001062 304.2679  55.8118 14.88148381 43930
