1 41182U 15081D   15356.14760693 -.00000209  00000-0  00000+0 0  9998,2 41182  46.9981   2.3804 0030973  21.7637  90.4844 14.77811667    18
1 41182U 15081D   15356.32939164 -.00000209  00000-0  00000+0 0  9999,2 41182  46.9981   1.4991 0030662  19.7547 340.6535 14.78081472    41
1 41182U 15081D   15356.46454490 -.00000209  00000-0  00000+0 0  9998,2 41182  47.0053   0.8410 0030423  21.7451 338.4579 14.78075255    61
1 41182U 15081D   15356.59973926 -.00000209  00000-0  00000+0 0  9992,2 41182  47.0035   0.1872 0030349  22.4543 337.7566 14.78066937    80
1 41182U 15081D   15356.87012587 -.00000209  00000-0  00000+0 0  9990,2 41182  47.0035 358.8686 0030349  23.7336 336.5096 14.78073852   124
1 41182U 15081D   15356.93771897 -.00000209  00000-0  00000+0 0  9993,2 41182  47.0035 358.5390 0030349  24.0534 336.1769 14.78073827   133
1 41182U 15081D   15357.14050649 -.00009983  00000-0 -13286-2 0  9994,2 41182  47.0003 357.5488 0030573  24.3301 335.8845 14.78058281   160
1 41182U 15081D   15357.41089657 -.00001203  00000-0 -13486-3 0  9995,2 41182  47.0032 356.2293 0030720  26.0064 334.2504 14.78068028   201
1 41182U 15081D   15357.47849008  .00000527  00000-0  10000-3 0  9990,2 41182  47.0032 355.8997 0030720  26.3263 333.9220 14.78070821   217
1 41182U 15081D   15357.81646921 -.00000403 +00000-0 -26269-4 0  9997,2 41182 047.0034 354.2520 0030720 027.9594 332.2895 14.78069104000265
1 41182U 15081D   15358.89800158  .00001424  00000-0  22163-3 0  9990,2 41182  47.0031 348.9773 0030749  32.9714 327.3108 14.78076719   423
1 41182U 15081D   15359.57395855 +.00001207 +00000-0 +19214-3 0  9991,2 41182 047.0031 345.6814 0030811 036.1657 324.1305 14.78077780000529
1 41182U 15081D   15359.97953223  .00001221  00000-0  19410-3 0  9998,2 41182  47.0031 343.7036 0030820  38.0717 322.2348 14.78079009   580
1 41182U 15081D   15360.85827416 +.00001160 +00000-0 +18575-3 0  9994,2 41182 047.0031 339.4183 0030810 042.2384 318.0877 14.78081066000712
1 41182U 15081D   15360.99346501  .00001066  00000-0  17298-3 0  9996,2 41182  47.0030 338.7594 0030882  42.8662 317.4577 14.78080761   736
1 41182U 15081D   15361.53422939 +.00000945 +00000-0 +15664-3 0  9997,2 41182 047.0041 336.1224 0031072 045.2179 315.1190 14.78081622000814
1 41182U 15081D   15362.00739791  .00000722  00000-0  12641-3 0  9992,2 41182  47.0041 333.8156 0030959  47.5522 312.7956 14.78081538   888
1 41182U 15081D   15362.54816138 +.00000808 +00000-0 +13799-3 0  9992,2 41182 047.0010 331.1812 0030921 050.2806 310.0796 14.78082746000963
1 41182U 15081D   15363.35930728  .00000115  00000-0  44080-4 0  9993,2 41182  47.0014 327.2270 0030908  54.2060 306.1669 14.78080668  1082
1 41182U 15081D   15363.69728483 +.00000053 +00000-0 +35693-4 0  9994,2 41182 047.0013 325.5789 0030921 055.7904 304.5902 14.78080604001133
1 41182U 15081D   15364.84641267 -.00001160  00000-0 -12895-3 0  9996,2 41182  47.0017 319.9770 0030880  61.6771 298.7224 14.78074129  1301
1 41182U 15081D   15365.86034652 -.00000949  00000-0 -10025-3 0  9990,2 41182  47.0024 315.0346 0030893  66.3047 294.1088 14.78074012  1452
1 41182U 15081D   16001.87427657 -.00000158  00000-0  70591-5 0  9997,2 41182  47.0035 310.0898 0030908  71.1609 289.2648 14.78077789  1604
1 41182U 15081D   16002.82060674  .00000998  00000-0  16385-3 0  9995,2 41182  47.0046 305.4777 0030792  75.8268 284.6084 14.78084922  1748
1 41182U 15081D   16003.83453207  .00001037  00000-0  16904-3 0  9997,2 41182  47.0038 300.5357 0030877  80.5385 279.8997 14.78087388  1890
1 41182U 15081D   16004.84845571  .00000939  00000-0  15575-3 0  9991,2 41182  47.0041 295.5936 0030847  85.5649 274.8746 14.78089210  2046
1 41182U 15081D   16005.79478467 +.00000678 +00000-0 +12039-3 0  9994,2 41182 047.0038 290.9798 0030870 090.1450 270.3001 14.78089866002182
1 41182U 15081D   16006.06516332  .00000226  00000-0  59049-4 0  9991,2 41182  47.0024 289.6627 0030901  91.6695 268.7596 14.78087426  2220
1 41182U 15081D   16006.80870946 -.00000148 +00000-0 +83142-5 0  9993,2 41182 047.0032 286.0370 0030788 095.7093 264.7249 14.78085854002331
1 41182U 15081D   16007.01149540 -.00003561  00000-0 -45511-3 0  9995,2 41182  47.0041 285.0477 0030721  96.2027 264.1069 14.78062736  2369
1 41182U 15081D   16007.21430781 -.00005445  00000-0 -71174-3 0  9994,2 41182  47.0040 284.0681 0029792 100.9819 259.4260 14.78051298  2396
1 41182U 15081D   16007.75504508  .00000684  00000-0  92556-4 0  9998,2 41182  47.0012 281.4309 0030647  99.6943 260.7914 14.78090795  2471
1 41182U 15081D   16007.75508873 -.00007152  00000-0 -94455-3 0  9995,2 41182  47.0055 281.4301 0029121 101.1005 259.3121 14.78037186  2472
1 41182U 15081D   16008.02547841 -.00010539  00000-0 -14062-2 0  9992,2 41182  47.0013 280.1111 0030012  99.4916 260.8376 14.78014200  2518
1 41182U 15081D   16008.36351856 -.00019829  00000-0 -26770-2 0  9998,2 41182  47.0053 278.4679 0030785 105.0742 255.3440 14.77958687  2560
1 41182U 15081D   16008.76912715 -.00022247  00000-0 -30093-2 0  9990,2 41182  47.0056 276.4835 0031249 103.7868 256.5667 14.77927987  2625
1 41182U 15081D   16008.97194984 -.00025395  00000-0 -34396-2 0  9990,2 41182  47.0078 275.5008 0032953 107.1735 253.2084 14.77902356  2658
1 41182U 15081D   16009.30998096 -.00029398  00000-0 -39967-2 0  9990,2 41182  47.0050 273.8477 0030668 106.3374 254.0494 14.77868827  2704
1 41182U 15081D   16009.71562053 -.00029487 +00000-0 -40112-2 0  9998,2 41182 047.0048 271.8696 0030758 108.4888 251.9341 14.77844538002761
1 41182U 15081D   16010.18886771 -.00035136  00000-0 -47963-2 0  9996,2 41182  47.0045 269.5673 0030477 112.8952 247.4111 14.77786195  2833
1 41182U 15081D   16011.74387753 -.00024782  00000-0 -33880-2 0  9993,2 41182  46.9977 261.9954 0028344 120.5508 238.9442 14.77600528  3069
1 41182U 15081D   16011.74394096 -.00047283 +00000-0 -65057-2 0  9993,2 41182 047.0034 262.0005 0030626 122.9156 236.9458 14.77587785003069
1 41182U 15081D   16012.48785779 -.00050297  00000-0 -69447-2 0  9993,2 41182  47.0062 258.3528 0028945 117.8437 242.5499 14.77505844  3170
1 41182U 15081D   16013.02883677  .00000877  00000-0  14896-3 0  9996,2 41182  46.9986 255.7326 0028936 125.0350 235.8379 14.77629393  3252
1 41182U 15081D   16014.51638321 -.00019171  00000-0 -26176-2 0  9997,2 41182  46.9972 248.4860 0028755 133.2489 226.9392 14.77507641  3473
1 41182U 15081D   16014.65165245 -.00037343  00000-0 -51531-2 0  9996,2 41182  47.0052 247.8187 0027305 131.5895 228.6497 14.77425361  3496
1 41182U 15081D   16014.71929350 -.00145205  00000-0 -20515-1 0  9992,2 41182  47.0039 247.4885 0028481 134.0570 226.1875 14.77235381  3490
1 41182U 15081D   16016.54578622 -.00128305  00000-0 -18287-1 0  9992,2 41182  47.0045 238.6011 0030780 150.8190 209.4040 14.76702882  3772
1 41182U 15081D   16016.74877128 -.00150883  00000-0 -21692-1 0  9997,2 41182  47.0006 237.6136 0027023 149.7114 210.2912 14.76563492  3809
1 41182U 15081D   16017.01948247 -.00158040  00000-0 -22791-1 0  9993,2 41182  47.0031 236.3063 0028829 158.2894 201.8338 14.76442414  3849
1 41182U 15081D   16017.69625572 -.00160847  00000-0 -23371-1 0  9993,2 41182  47.0058 233.0227 0025594 156.4016 203.7299 14.76207436  3947
1 41182U 15081D   16018.71159662 -.00004583  00000-0 -62125-3 0  9995,2 41182  46.9981 228.0828 0023409 154.2534 207.1022 14.76352062  4090
1 41182U 15081D   16020.94464222 -.00080069  00000-0 -11522-1 0  9990,2 41182  46.9981 217.2216 0023416 164.7909 194.8796 14.76108220  4423
1 41182U 15081D   16021.55401573  .00000004  00000-0  52052-6 0  9995,2 41182  46.9995 214.2683 0021718 164.4184 195.7894 14.75916037  4520
1 41182U 15081D   16021.96007067 -.00320030  00000-0 -48548-1 0  9996,2 41182  47.0094 212.3140 0027895 193.8810 164.9321 14.75327323  4575
1 41182U 15081D   16022.90859647 -.00523915  00000-0 -82786-1 0  9999,2 41182  46.9970 207.6823 0014144 208.1078 150.8199 14.74192276  4719
1 41182U 15081D   16024.87566357 -.00299433  00000-0 -48397-1 0  9995,2 41182  47.0028 198.1737 0014993 204.4986 156.8285 14.72705824  5004
1 41182U 15081D   16025.89326618 -.00802697  00000-0 -13608+0 0  9999,2 41182  46.9912 193.2655 0007977 240.1769 118.7905 14.71488616  5157
1 41182U 15081D   16026.09714390  .00000081  00000-0  43367-4 0  9995,2 41182  46.9986 192.2818 0006644 248.8404 111.1777 14.71621991  5181
1 41182U 15081D   16027.45546430 -.00315870  00000-0 -53753-1 0  9998,2 41182  46.9970 185.7220 0005756 275.3374  84.8190 14.70669975  5382
1 41182U 15081D   16027.72720051 -.00318561 +00000-0 -54469-1 0  9996,2 41182 046.9946 184.4255 0006596 260.2596 099.7250 14.70475423005421
1 41182U 15081D   16027.93105105 -.00325206  00000-0 -55861-1 0  9997,2 41182  46.9965 183.4391 0007202 270.9530  89.0178 14.70315066  5453
1 41182U 15081D   16028.27084750 -.00326559  00000-0 -56418-1 0  9998,2 41182  46.9974 181.8033 0007206 272.6111  87.3686 14.70072176  5509
1 41182U 15081D   16028.54275007 -.00000016  00000-0  00000+0 0  9995,2 41182  46.9965 180.4895 0008719 246.5565 113.4911 14.69979722  5540
1 41182U 15081D   16028.67870955 -.00000016  00000-0  00000+0 0  9992,2 41182  46.9946 179.8393 0008506 244.7722 115.2787 14.69781276  5561
1 41182U 15081D   16028.74667967 -.00331704  00000-0 -57834-1 0  9998,2 41182  46.9974 179.5125 0007251 274.8375  85.1452 14.69706047  5574
1 41182U 15081D   16028.88265006 -.00335509  00000-0 -58682-1 0  9990,2 41182  46.9961 178.8607 0007310 269.9668  90.0251 14.69592897  5593
1 41182U 15081D   16029.97071157 -.00652160  00000-0 -11694+0 0  9998,2 41182  46.9961 173.6279 0007415 275.0334  86.1871 14.68932280  5750
1 41182U 15081D   16030.44670448 -.00293510  00000-0 -51986-1 0  9990,2 41182  46.9941 171.3509 0003309 277.5201  83.0636 14.68789294  5825
1 41182U 15081D   16031.87551617 -.00227003  00000-0 -40288-1 0  9991,2 41182  47.0012 164.4782 0001627 268.6794  92.5698 14.68259725  6039
1 41182U 15081D   16032.14749655 -.00243807  00000-0 -43569-1 0  9998,2 41182  46.9964 163.1754 0005276 261.6585  98.2653 14.68054960  6075
1 41182U 15081D   16032.41975851 -.00230634  00000-0 -41177-1 0  9994,2 41182  46.9956 161.8469 0006245 289.5878  70.7883 14.68001170  6115
1 41182U 15081D   16034.46185640  .00000112  00000-0  51783-4 0  9991,2 41182  46.9979 152.0753 0005177 265.9994  94.0303 14.67407555  6413
1 41182U 15081D   16034.87038077 -.00180559  00000-0 -32591-1 0  9996,2 41182  46.9988 150.1105 0003135 303.1268  56.7084 14.67192222  6473
1 41182U 15081D   16035.68778791  .00000003  00000-0  55096-6 0  9993,2 41182  47.0032 146.2075 0008407 257.7628 102.2803 14.66845656  5445
1 41182U 15081D   16035.89201616 -.00040618  00000-0 -72168-2 0  9996,2 41182  47.0033 145.2316 0008673 265.7172  93.6257 14.66774757  6621
1 41182U 15081D   16036.09649019 -.00128391  00000-0 -23275-1 0  9991,2 41182  46.9784 144.2229 0008086 272.3494  87.4511 14.66610740  6651
1 41182U 15081D   16036.36903131 -.00183568  00000-0 -33699-1 0  9997,2 41182  46.9860 142.9215 0006773 283.2482  76.6313 14.66447635  6690
1 41182U 15081D   16036.70972133 -.00138254  00000-0 -25229-1 0  9995,2 41182  46.9991 141.3079 0005439 265.4975  94.5636 14.66402896  6746
1 41182U 15081D   16037.11853552 -.00169078  00000-0 -31148-1 0  9999,2 41182  47.0005 139.3572 0005037 216.7283 143.1667 14.66201564  6805
1 41182U 15081D   16037.39114820 -.00178714  00000-0 -33067-1 0  9996,2 41182  47.0002 138.0543 0004803 210.7774 149.2034 14.66075614  6849
1 41182U 15081D   16037.66376980 -.00171648  00000-0 -31784-1 0  9996,2 41182  47.0002 136.7499 0004814 211.9649 148.1359 14.65992617  6882
1 41182U 15081D   16037.86822650 -.00170419 +00000-0 -31599-1 0  9997,2 41182 047.0043 135.7737 0004311 201.3972 158.6637 14.65926509006911
1 41182U 15081D   16038.14086226 -.00166854  00000-0 -30979-1 0  9999,2 41182  47.0043 134.4697 0004321 202.5731 157.5390 14.65842266  6954
1 41182U 15081D   16038.82250552 -.00161263 +00000-0 -30056-1 0  9994,2 41182 047.0043 131.2100 0004346 205.5215 154.5961 14.65632487007050
1 41182U 15081D   16039.09518417 -.00160769  00000-0 -30022-1 0  9994,2 41182  47.0043 129.9064 0004355 206.7048 153.3660 14.65543775  7098
1 41182U 15081D   16039.77697572 -.00160318 +00000-0 -30086-1 0  9999,2 41182 047.0036 126.6476 0004827 206.0249 154.0235 14.65318313007196
1 41182U 15081D   16040.11791465 -.00144984  00000-0 -27152-1 0  9996,2 41182  47.0036 125.0184 0004840 207.5150 152.9953 14.65301225  7241
1 41182U 15081D   16040.32239029 -.00136503  00000-0 -25531-1 0  9999,2 41182  47.0043 124.0482 0008100 206.9374 153.2822 14.65279940  7273
1 41182U 15081D   16040.79968346 -.00000678  00000-0 -90780-4 0  9995,2 41182  46.9989 121.7579 0003747 286.0508  74.5382 14.65508335  7348
1 41182U 15081D   16041.75404189 -.00002097  00000-0 -34995-3 0  9994,2 41182  46.9989 117.1953 0003747 290.4789  69.5565 14.65502222  7484
1 41182U 15081D   16042.64073032 -.00163688  00000-0  00000+0 0  9991,2 41182  46.9998 112.9242 0005411 300.1881  59.9104 14.64870026  6468
1 41182U 15081D   16043.32209675 -.00204805  00000-0 -39457-1 0  9999,2 41182  47.0042 109.6381 0014408 309.7036  45.1847 14.64380469  7717
1 41182U 15081D   16044.55178943 -.00289914  00000-0 -58037-1 0  9997,2 41182  46.9870 103.8050 0009078 300.0310  59.9591 14.63298641  7896
1 41182U 15081D   16044.55179105 -.00288405  00000-0 -57717-1 0  9996,2 41182  46.9934 103.8514 0008616 265.4768  94.5608 14.63305709  7898
1 41182U 15081D   16045.78110378 -.00020333  00000-0 -39261-2 0  9998,2 41182  46.9980  98.0112 0009000 252.3787 106.9492 14.62724734  8074
1 41182U 15081D   16046.60090606 -.00126374  00000-0 -25421-1 0  9995,2 41182  47.0000  94.1129 0008049 280.7835  77.2577 14.61942993  8190
1 41182U 15081D   16047.89992821 -.00245795  00000-0 -51451-1 0  9998,2 41182  46.9926  87.9501 0009936 257.4935 100.4115 14.60976866  8380
1 41182U 15081D   16048.17388458 -.00329487  00000-0 -69856-1 0  9994,2 41182  46.9991  86.6611 0006104 278.6547  80.9629 14.60665006  8426
1 41182U 15081D   16048.44758686 -.00332800  00000-0 -70893-1 0  9994,2 41182  46.9961  85.3535 0008770 312.9093  46.9921 14.60451674  8468
1 41182U 15081D   16049.47416677  .00000478  00000-0  13511-3 0  9996,2 41182  46.9988  80.4846 0000992 291.0193  69.0587 14.59680904  8613
1 41182U 15081D   16052.48588805  .00000237  00000-0  85003-4 0  9993,2 41182  46.9989  66.2251 0000961 297.2555  62.8233 14.59683083  9051
1 41182U 15081D   16053.44418368 +.00000357 +00000-0 +11000-3 0  9994,2 41182 046.9997 061.6849 0000730 283.7292 076.4705 14.59684708009199
1 41182U 15081D   16054.95001770 -.00495403  00000-0 -11210+0 0  9997,2 41182  47.0040  54.5735 0008372 277.4808  78.7428 14.58230669  9412
1 41182U 15081D   16055.63606738 -.00006934  00000-0 -14654-2 0  9993,2 41182  47.0007  51.3263 0008300 250.5026 109.3617 14.57787572  9512
1 41182U 15081D   16056.80202706 -.00000003  00000-0  00000+0 0  9997,2 41182  46.9873  45.8405 0007309 292.8589  67.2012 14.56677785  4618
1 41182U 15081D   16057.00684619 -.00559344  00000-0 -13299+0 0  9999,2 41182  47.0007  44.8534 0008303 256.7804  97.3756 14.55854893  9716
1 41182U 15081D   16057.21386168 -.00761749  00000-0 -18457+0 0  9995,2 41182  47.0019  43.8850 0007333 286.2570  73.5262 14.55377107  9748
1 41182U 15081D   16057.48846959  .00000111  00000-0  63369-4 0  9997,2 41182  47.0000  42.6057 0008343 257.9144 102.0806 14.55546099  9782
1 41182U 15081D   16059.06708335 -.00436170  00000-0 -10792+0 0  9995,2 41182  46.9845  35.1939 0014565 282.5008  70.5686 14.53746050 10019
1 41182U 15081D   16059.34332808 -.00444422  00000-0 -11079+0 0  9992,2 41182  46.9926  33.8988 0012007 276.6365  83.2574 14.53470228 10059
1 41182U 15081D   16059.41208166 -.00419961  00000-0 -10448+0 0  9998,2 41182  46.9938  33.5719 0011201 282.4121  77.5632 14.53444425 10063
1 41182U 15081D   16060.03087531 -.00346928  00000-0 -86827-1 0  9997,2 41182  46.9992  30.6541 0012384 295.0378  65.3146 14.53093825 10150
1 41182U 15081D   16060.30585493 -.00352450  00000-0 -88680-1 0  9993,2 41182  46.9990  29.3716 0012857 287.6640  72.2703 14.52874137 10193
1 41182U 15081D   16060.92487633 -.00349332 +00000-0 -88721-1 0  9999,2 41182 046.9987 026.4722 0012790 290.9291 069.0083 14.52419398010288
1 41182U 15081D   16060.99367109 -.00353510  00000-0 -89957-1 0  9996,2 41182  46.9985  26.1554 0013168 282.4433  77.4642 14.52349859 10299
1 41182U 15081D   16061.88820480 -.00246324  00000-0 -63440-1 0  9994,2 41182  46.9987  21.9961 0009169 279.9365  78.7954 14.51428455 10421
1 41182U 15081D   16062.02612348 -.00357235  00000-0 -93376-1 0  9998,2 41182  46.9996  21.3518 0009876 276.5163  83.1535 14.51147568 10447
1 41182U 15081D   16062.23274666 -.00485161  00000-0 -12846+0 0  9999,2 41182  46.9971  20.3637 0017852 290.9510  68.8715 14.50794871 10477
1 41182U 15081D   16063.19723935 -.00484897  00000-0 -13114+0 0  9997,2 41182  47.0008  15.8744 0018471 290.8788  68.9473 14.49785714 10614
1 41182U 15081D   16063.88658902 -.00459268  00000-0 -12582+0 0  9996,2 41182  47.0030  12.6613 0011143 317.7133  42.2010 14.49130347 10710
1 41182U 15081D   16063.95555471 -.00487015  00000-0 -13410+0 0  9993,2 41182  47.0095  12.3335 0015917 297.1187  62.8128 14.48985014 10729
1 41182U 15081D   16064.99024390 -.00503459  00000-0 -14116+0 0  9994,2 41182  47.0095   7.5211 0016142 301.9033  57.5913 14.47811061 10871
1 41182U 15081D   16065.26639607 -.00507853  00000-0 -14333+0 0  9991,2 41182  47.0108   6.2206 0017763 299.2815  60.6331 14.47495801 10917
1 41182U 15081D   16066.92400110 -.00015537  00000-0 -41537-2 0  9992,2 41182  47.0007 358.5934 0007840 269.8423  95.4596 14.47520023 11150
1 41182U 15081D   16066.99311093 -.00011621  00000-0 -30939-2 0  9994,2 41182  46.9962 358.2587 0007731 263.7780 101.9909 14.47520355 11167
1 41182U 15081D   16067.33715867 -.00128653  00000-0 -35467-1 0  9994,2 41182  46.9991 356.6670 0008328 216.7828 143.2626 14.47315589 11210
1 41182U 15081D   16067.95849362 -.00121147  00000-0 -33378-1 0  9990,2 41182  46.9878 353.7967 0019316 220.0544 140.2261 14.47191257 11309
1 41182U 15081D   16070.58534978 -.00558050  00000-0  00000+0 0  9997,2 41182  47.0127 341.5628 0011324 310.5167  49.5662 14.43881272  6617
1 41182U 15081D   16070.85898928 -.00489304  00000-0 -15035+0 0  9995,2 41182  47.0073 340.2891 0017772 319.2935  24.4356 14.43688626 11725
1 41182U 15081D   16071.96986738 -.00476363  00000-0 -14950+0 0  9991,2 41182  47.0073 335.1665 0018043 324.4739  35.6612 14.42580365 11885
1 41182U 15081D   16072.93981146 -.00045342  00000-0 -13442-1 0  9993,2 41182  46.9958 330.7233 0005394 331.5137  32.3802 14.43091546 12024
1 41182U 15081D   16075.08553692 -.00000483  00000-0 -96203-4 0  9999,2 41182  47.0029 320.8455 0002976 325.6777  35.5713 14.43142332 12338
1 41182U 15081D   16075.77764627 -.00000343 +00000-0 -54874-4 0  9990,2 41182 047.0032 317.6557 0002999 328.6082 031.4640 14.43142675012431
1 41182U 15081D   16076.26228037 -.00000153  00000-0  12506-5 0  9990,2 41182  47.0033 315.4218 0003053 332.1941  27.8777 14.43143694 12508
1 41182U 15081D   16076.74691528 -.00000187 +00000-0 -88102-5 0  9995,2 41182 047.0032 313.1868 0003032 333.7301 026.3419 14.43143472012575
1 41182U 15081D   16077.09308326 +.00000293 +00000-0 +13264-3 0  9996,2 41182 047.0043 311.5927 0002783 334.7269 025.3565 14.43146078012623
1 41182U 15081D   16077.99311609  .00000263  00000-0  12403-3 0  9994,2 41182  47.0041 307.4439 0002713 337.0775  22.9969 14.43146605 12755
1 41182U 15081D   16078.82391680 +.00000114 +00000-0 +79853-4 0  9992,2 41182 047.0040 303.6143 0002673 341.9592 018.1108 14.43146387012872
1 41182U 15081D   16079.03161871  .00000013  00000-0  50189-4 0  9992,2 41182  47.0046 302.6579 0002472 341.2857  18.7927 14.43146095 12909
1 41182U 15081D   16079.79318699 -.00000085 +00000-0 +21225-4 0  9996,2 41182 047.0039 299.1486 0002438 342.6023 017.4776 14.43145910013016
1 41182U 15081D   16080.07012073 -.00000050  00000-0  31476-4 0  9997,2 41182  47.0040 297.8714 0002496 344.7665  15.3136 14.43146116 13056
1 41182U 15081D   16080.97015551 -.00000031 +00000-0 +37033-4 0  9994,2 41182 047.0038 293.7212 0002505 348.9863 011.0960 14.43146394013188
1 41182U 15081D   16082.90868979  .00000126  00000-0  83598-4 0  9990,2 41182  47.0037 284.7818 0002546 356.9622   3.1236 14.43148060 13467
1 41182U 15081D   16084.01642375  .00000079  00000-0  69700-4 0  9990,2 41182  47.0026 279.6743 0002675   3.0984 356.9894 14.43148302 13625
1 41182U 15081D   16084.50105742 +.00000105 +00000-0 +77170-4 0  9996,2 41182 047.0029 277.4397 0002655 005.4021 354.6885 14.43148666013690
1 41182U 15081D   16085.47032377  .00000093  00000-0  73786-4 0  9991,2 41182  47.0042 272.9629 0002725  10.0704 350.0311 14.43149424 13834
1 41182U 15081D   16086.64728787 -.00000219  00000-0 -18387-4 0  9996,2 41182  47.0023 267.5405 0002571 349.8442  10.2335 14.43146803 14005
1 41182U 15081D   16086.92422246 -.00000060 +00000-0 +28644-4 0  9998,2 41182 047.0033 266.2669 0002098 008.2123 351.8773 14.43148526014048
1 41182U 15081D   16087.61655612 -.00000404 +00000-0 -73074-4 0  9990,2 41182 047.0013 263.0764 0002059 013.7858 346.3035 14.43147024014143
1 41182U 15081D   16087.89349049 -.00000212  00000-0 -16206-4 0  9995,2 41182  47.0023 261.7997 0002061  16.7489 343.3481 14.43148075 14186
1 41182U 15081D   16088.72429014 -.00000234 +00000-0 -22867-4 0  9993,2 41182 047.0025 257.9687 0002020 020.1004 339.9941 14.43147725014305
1 41182U 15081D   16089.48585733  .00000118  00000-0  81011-4 0  9993,2 41182  47.0024 254.4589 0001919  23.9864 336.1159 14.43149176 14412
1 41182U 15081D   16089.83202269 +.00000282 +00000-0 +12949-3 0  9997,2 41182 047.0025 252.8622 0002055 026.6728 333.4255 14.43150064014464
1 41182U 15081D   16090.80128738  .00000328  00000-0  14317-3 0  9996,2 41182  47.0017 248.3927 0002064  30.4236 329.6759 14.43151210 14606
1 41182U 15081D   16091.83978503  .00000226  00000-0  11294-3 0  9991,2 41182  47.0013 243.6040 0001965  33.5510 326.5470 14.43151403 14750
1 41182U 15081D   16092.60135322 -.00000148 +00000-0 +26415-5 0  9998,2 41182 047.0004 240.0978 0001672 035.0436 325.0541 14.43149118014865
1 41182U 15081D   16093.36291965 -.00000579  00000-0 -12464-3 0  9994,2 41182  47.0013 236.5862 0002076  41.1747 318.9224 14.43147587 14978
1 41182U 15081D   16093.77831916 +.00000112 +00000-0 +79419-4 0  9990,2 41182 047.0025 234.6737 0002003 042.0042 318.0999 14.43150772015037
1 41182U 15081D   16094.74758298  .00000191  00000-0  10275-3 0  9990,2 41182  47.0030 230.2037 0001822  50.6061 309.4989 14.43151829 15174
1 41182U 15081D   16095.71684617 +.00000246 +00000-0 +11900-3 0  9998,2 41182 047.0037 225.7358 0001680 062.6561 297.4475 14.43152733015313
1 41182U 15081D   16095.85531266  .00000218  00000-0  11067-3 0  9997,2 41182  47.0037 225.0974 0001673  62.7052 297.3994 14.43152737 15339
1 41182U 15081D   16096.68611124 -.00000095 +00000-0 +18381-4 0  9992,2 41182 047.0036 221.2659 0001654 064.1079 295.9966 14.43151605015459
1 41182U 15081D   16097.37844289 -.00000107  00000-0  14820-4 0  9997,2 41182  47.0037 218.0738 0001653  67.1194 292.9856 14.43151663 15552
1 41182U 15081D   16097.79384191 -.00000140 +00000-0 +49216-5 0  9999,2 41182 047.0038 216.1595 0001564 069.9526 290.1516 14.43151516015610
1 41182U 15081D   16098.55540625 -.00000071  00000-0  25301-4 0  9991,2 41182  47.0035 212.6477 0001406  77.1216 282.9838 14.43151976 15727
1 41182U 15081D   16099.52466910 +.00000112 +00000-0 +79236-4 0  9994,2 41182 047.0036 208.1777 0001416 075.7140 284.3893 14.43153204015860
1 41182U 15081D   16100.42469912  .00000145  00000-0  89169-4 0  9993,2 41182  47.0032 204.0286 0001405  63.2645 296.8357 14.43153890 15994
1 41182U 15081D   16100.70163170 +.00000229 +00000-0 +11393-3 0  9997,2 41182 047.0031 202.7504 0001518 063.4401 296.6635 14.43154413016033
1 41182U 15081D   16101.46319506  .00000011  00000-0  49513-4 0  9992,2 41182  47.0031 199.2401 0001482  76.3099 283.7930 14.43153915 16148
1 41182U 15081D   16101.53242840 -.00000062 +00000-0 +27931-4 0  9993,2 41182 047.0034 198.9210 0001544 082.7272 277.3784 14.43153629016157
1 41182U 15081D   16102.50169084  .00000042  00000-0  58736-4 0  9993,2 41182  47.0031 194.4535 0001483  86.5705 273.5347 14.43154471 16294
1 41182U 15081D   16103.54018540  .00000035  00000-0  56690-4 0  9997,2 41182  47.0022 189.6648 0001582  95.0503 265.0549 14.43154982 16440
1 41182U 15081D   16104.64791261  .00000149  00000-0  90245-4 0  9997,2 41182  47.0037 184.5607 0001723 116.5344 243.5720 14.43156048 16609
1 41182U 15081D   16105.61717384 +.00000101 +00000-0 +76099-4 0  9998,2 41182 047.0040 180.0916 0001641 118.7784 241.3254 14.43156301016743
1 41182U 15081D   16106.17103725  .00000121  00000-0  81874-4 0  9997,2 41182  47.0055 177.5405 0001412 118.3660 241.7342 14.43156855 16823
1 41182U 15081D   16106.65566868 +.00000019 +00000-0 +52048-4 0  9998,2 41182 047.0051 175.3064 0001408 119.9654 240.1367 14.43156458016897
1 41182U 15081D   16107.20953192  .00000081  00000-0  70106-4 0  9994,2 41182  47.0052 172.7527 0001382 122.4104 237.6923 14.43157049 16978
1 41182U 15081D   16107.62492883 +.00000163 +00000-0 +94376-4 0  9991,2 41182 047.0049 170.8383 0001499 128.0983 232.0046 14.43157670017032
1 41182U 15081D   16108.31725683  .00000061  00000-0  64160-4 0  9990,2 41182  47.0047 167.6465 0001541 136.1160 223.9810 14.43157403 17133
1 41182U 15081D   16108.66342124 +.00000092 +00000-0 +73537-4 0  9995,2 41182 047.0044 166.0494 0001525 138.8277 221.2714 14.43157778017189
1 41182U 15081D   16109.35574937  .00000119  00000-0  81400-4 0  9999,2 41182  47.0045 162.8568 0001577 142.0516 218.0455 14.43158153 17281
1 41182U 15081D   16109.56344823 +.00000115 +00000-0 +80213-4 0  9998,2 41182 047.0040 161.8984 0001556 141.0185 219.0805 14.43158262017310
1 41182U 15081D   16110.60194118 -.00000092  00000-0  19068-4 0  9990,2 41182  47.0040 157.1127 0001660 148.0150 212.0810 14.43157656 17463
1 41182U 15081D   16111.57120153 +.00000113 +00000-0 +79555-4 0  9995,2 41182 047.0038 152.6442 0001580 148.2323 211.8675 14.43158854017608
1 41182U 15081D   16112.12506332  .00000133  00000-0  85626-4 0  9992,2 41182  47.0037 150.0902 0001591 150.9521 209.1451 14.43159270 17685
1 41182U 15081D   16112.54046020 +.00000117 +00000-0 +80683-4 0  9991,2 41182 047.0037 148.1746 0001619 151.7182 208.3795 14.43159394017748
1 41182U 15081D   16113.16355479  .00000056  00000-0  62896-4 0  9999,2 41182  47.0036 145.3017 0001591 153.3816 206.7119 14.43159367 17830
1 41182U 15081D   16113.57895210 +.00000033 +00000-0 +55927-4 0  9998,2 41182 047.0033 143.3858 0001595 152.9242 207.1711 14.43159305017891
1 41182U 15081D   16114.47897842 -.00000077  00000-0  23504-4 0  9996,2 41182  47.0029 139.2347 0001652 155.6740 204.4214 14.43159078 18021
1 41182U 15081D   16114.54821126 -.00000116 +00000-0 +12028-4 0  9999,2 41182 047.0031 138.9160 0001650 156.6040 203.4910 14.43158951018037
1 41182U 15081D   16115.51747033 -.00000035  00000-0  36075-4 0  9999,2 41182  47.0020 134.4473 0001747 160.7767 199.3190 14.43159345 18178
1 41182U 15081D   16116.48672818 +.00000128 +00000-0 +84123-4 0  9993,2 41182 047.0016 129.9778 0001756 164.9543 195.1400 14.43160458018319
1 41182U 15081D   16117.04058948  .00000211  00000-0  10869-3 0  9996,2 41182  47.0013 127.4236 0001845 168.4975 191.5970 14.43161199 18398
1 41182U 15081D   16117.45598564 +.00000070 +00000-0 +67012-4 0  9990,2 41182 047.0017 125.5081 0001816 170.6963 189.3935 14.43160589018454
1 41182U 15081D   16118.07908008  .00000012  00000-0  49957-4 0  9991,2 41182  47.0015 122.6352 0001904 174.6041 185.4860 14.43160621 18541
1 41182U 15081D   16118.49447671 -.00000099 +00000-0 +17138-4 0  9993,2 41182 047.0020 120.7199 0001960 175.5341 184.5542 14.43160053018603
1 41182U 15081D   16119.25603726 -.00000272  00000-0 -34014-4 0  9999,2 41182  47.0016 117.2085 0002004 178.9185 181.1681 14.43159172 18715
1 41182U 15081D   16119.46373590 -.00000251 +00000-0 -27853-4 0  9995,2 41182 047.0014 116.2515 0002058 180.2820 179.8063 14.43159224018740
1 41182U 15081D   16120.29452851 -.00000153  00000-0  11033-5 0  9990,2 41182  47.0011 112.4214 0001922 184.0707 176.0152 14.43159710 18867
1 41182U 15081D   16120.43299408 -.00000117 +00000-0 +11835-4 0  9992,2 41182 047.0015 111.7833 0001912 183.8856 176.2012 14.43159975018883
1 41182U 15081D   16121.33301918  .00000022  00000-0  52800-4 0  9993,2 41182  47.0016 107.6327 0001949 187.5315 172.5557 14.43160810 19016
1 41182U 15081D   16121.40225143 +.00000051 +00000-0 +61448-4 0  9996,2 41182 047.0016 107.3134 0001946 187.7137 172.3719 14.43160993019021
1 41182U 15081D   16122.44074183  .00000126  00000-0  83568-4 0  9997,2 41182  47.0014 102.5243 0001841 191.4274 168.6562 14.43161459 19173
1 41182U 15081D   16122.92537035 +.00000143 +00000-0 +88545-4 0  9999,2 41182 047.0015 100.2903 0001857 194.0394 166.0456 14.43162075019248
1 41182U 15081D   16123.40999925 +.00000009 +00000-0 +48923-4 0  9990,2 41182 047.0015 098.0554 0001842 194.0290 166.0539 14.43161512019318
1 41182U 15081D   16124.17155842  .00000008  00000-0  48545-4 0  9996,2 41182  47.0012  94.5458 0001707 197.2399 162.8401 14.43161799 19425
1 41182U 15081D   16125.34851351  .00000045  00000-0  59561-4 0  9995,2 41182  47.0017  89.1195 0001895 203.0114 157.0696 14.43162363 19595
1 41182U 15081D   16125.41774582 +.00000031 +00000-0 +55302-4 0  9997,2 41182 047.0017 088.8001 0001893 203.5957 156.4833 14.43162308019602
1 41182U 15081D   16126.38700178  .00000154  00000-0  91688-4 0  9997,2 41182  47.0020  84.3308 0001953 207.9361 152.1414 14.43163324 19743
1 41182U 15081D   16126.94086221 +.00000103 +00000-0 +76624-4 0  9992,2 41182 047.0019 081.7770 0001966 210.1234 149.9520 14.43163402019822
1 41182U 15081D   16127.84088615  .00000073  00000-0  67969-4 0  9999,2 41182  47.0031  77.6278 0001965 215.7631 144.3123 14.43163737 19957
1 41182U 15081D   16128.87937537 -.00000074  00000-0  24322-4 0  9997,2 41182  47.0026  72.8413 0001998 219.3447 140.7277 14.43163135 20101
1 41182U 15081D   16129.22553907 -.00000137 +00000-0 +58292-5 0  9996,2 41182 047.0027 071.2453 0001998 220.1095 139.9655 14.43162901020153
1 41182U 15081D   16130.05632977 -.00000028  00000-0  37944-4 0  9993,2 41182  47.0029  67.4133 0002054 222.9003 137.1769 14.43163724 20273
1 41182U 15081D   16130.33325818 +.00000161 +00000-0 +93674-4 0  9996,2 41182 047.0032 066.1376 0002119 222.8234 137.2484 14.43164842020311
1 41182U 15081D   16131.23328057  .00000190  00000-0  10247-3 0  9990,2 41182  47.0033  61.9873 0002077 227.3115 132.7587 14.43165509 20447
1 41182U 15081D   16131.78714028 +.00000275 +00000-0 +12744-3 0  9995,2 41182 047.0036 059.4341 0002090 229.7966 130.2739 14.43166349020521
1 41182U 15081D   16132.82562723  .00000036  00000-0  57008-4 0  9992,2 41182  47.0041  54.6466 0002314 231.5261 128.5399 14.43165671 20675
1 41182U 15081D   16133.86411450 -.00000196  00000-0 -11454-4 0  9991,2 41182  47.0044  49.8583 0002367 234.6414 125.4219 14.43164974 20825
1 41182U 15081D   16134.76413538 +.00000239 +00000-0 +11670-3 0  9995,2 41182 047.0045 045.7090 0002492 235.5596 124.5099 14.43167725020951
1 41182U 15081D   16135.04106385  .00000167  00000-0  95569-4 0  9996,2 41182  47.0048  44.4311 0002354 238.1500 121.9108 14.43167500 20994
1 41182U 15081D   16135.87185271 +.00000169 +00000-0 +96220-4 0  9995,2 41182 047.0052 040.6010 0002194 242.6182 117.4418 14.43168068021110
1 41182U 15081D   16136.07955086  .00000096  00000-0  74465-4 0  9993,2 41182  47.0053  39.6434 0002087 243.2084 116.8538 14.43167754 21148
1 41182U 15081D   16136.91034000 -.00000139 +00000-0 +53134-5 0  9990,2 41182 047.0051 035.8136 0002200 243.7884 116.2724 14.43166870021265
1 41182U 15081D   16137.11803812 -.00000091  00000-0  19354-4 0  9990,2 41182  47.0053  34.8559 0002188 245.6464 114.4197 14.43167184 21291
1 41182U 15081D   16137.81036214 -.00000252 +00000-0 -27926-4 0  9995,2 41182 047.0048 031.6650 0002228 248.8618 111.1990 14.43166337021398
1 41182U 15081D   16138.15652528 -.00000219  00000-0 -18322-4 0  9998,2 41182  47.0046  30.0686 0002125 250.5814 109.4854 14.43166576 21442
1 41182U 15081D   16138.64115193 -.00000057 +00000-0 +29408-4 0  9990,2 41182 047.0047 027.8344 0002336 248.7153 111.3564 14.43167534021510
1 41182U 15081D   16139.67963269  .00000527  00000-0  20183-3 0  9990,2 41182  47.0056  23.0466 0002211 256.8461 103.2166 14.43171576 21662
1 41182U 15081D   16139.74886500 +.00000339 +00000-0 +14622-3 0  9992,2 41182 047.0051 022.7289 0002191 253.3384 106.7202 14.43170529021676
1 41182U 15081D   16140.09502718 +.00000269 +00000-0 +12577-3 0  9997,2 41182 047.0051 021.1324 0002191 254.8876 105.1753 14.43170526021728
1 41182U 15081D   16140.99504625  .00000080  00000-0  69855-4 0  9998,2 41182  47.0046  16.9873 0002685 246.9610 113.0991 14.43170033 21858
1 41182U 15081D   16141.82583486 -.00000195 +00000-0 -11266-4 0  9995,2 41182 047.0049 013.1561 0002471 254.6061 105.4543 14.43169060021972
1 41182U 15081D   16142.03353183 -.00000147  00000-0  28848-5 0  9999,2 41182  47.0049  12.1982 0002471 255.5355 104.5275 14.43169446 22009
1 41182U 15081D   16142.58738971 -.00000269 +00000-0 -33042-4 0  9998,2 41182 047.0051 009.6452 0002583 252.3447 107.7143 14.43168921022080
1 41182U 15081D   16143.07201525  .00000267  00000-0  12506-3 0  9990,2 41182  47.0056   7.4090 0002400 261.2261  98.8369 14.43171599 22153
1 41182U 15081D   16143.83356879 +.00000079 +00000-0 +69463-4 0  9993,2 41182 047.0053 003.8970 0002346 263.5648 096.4909 14.43171127022263
1 41182U 15081D   16144.66435563  .00000048  00000-0  60353-4 0  9998,2 41182  47.0049   0.0683 0002365 262.6563  97.4016 14.43171443 22389
1 41182U 15081D   16144.73358845 -.00000043 +00000-0 +33677-4 0  9998,2 41182 047.0045 359.7494 0002268 263.8745 096.1837 14.43170994022394
1 41182U 15081D   16145.91053572  .00000033  00000-0  56069-4 0  9996,2 41182  47.0046 354.3222 0002359 266.2295  93.8309 14.43171848 22569
1 41182U 15081D   16146.74132190 -.00000295 +00000-0 -40642-4 0  9994,2 41182 047.0046 350.4907 0002359 269.9471 090.1041 14.43170129022689
1 41182U 15081D   16146.94902056 -.00000120  00000-0  10905-4 0  9997,2 41182  47.0046 349.5328 0002359 270.8765  89.1910 14.43171254 22719
1 41182U 15081D   16147.77980467 -.00000025 +00000-0 +38945-4 0  9999,2 41182 047.0018 345.7046 0002462 269.9023 090.1561 14.43171805022833
1 41182U 15081D   16147.98750145  .00000101  00000-0  76102-4 0  9991,2 41182  47.0018 344.7467 0002462 270.8319  89.2316 14.43172597 22867
1 41182U 15081D   16148.88751836 +.00000127 +00000-0 +83823-4 0  9995,2 41182 047.0018 340.5956 0002462 274.8600 085.1982 14.43173047022990
1 41182U 15081D   16149.02598291  .00000263  00000-0  12377-3 0  9992,2 41182  47.0018 339.9612 0002527 267.6175  92.4424 14.43173709 23011
1 41182U 15081D   16149.71830409 -.00000056 +00000-0 +29800-4 0  9999,2 41182 047.0038 336.7660 0002129 278.3606 081.6894 14.43172397023111
1 41182U 15081D   16150.54909250 -.00000197  00000-0 -11824-4 0  9997,2 41182  47.0038 332.9387 0002081 284.8824  75.1785 14.43172343 23237
1 41182U 15081D   16150.75678977 -.00000220 +00000-0 -18489-4 0  9990,2 41182 047.0039 331.9808 0002074 286.5677 073.4968 14.43172225023268
1 41182U 15081D   16151.65680760 -.00000123  00000-0  10091-4 0  9995,2 41182  47.0038 327.8306 0001998 292.1312  67.9356 14.43172912 23393
1 41182U 15081D   16151.86450400 +.00000060 +00000-0 +63916-4 0  9997,2 41182 047.0041 326.8725 0002043 297.5257 062.5419 14.43173649023423
1 41182U 15081D   16152.69528857 -.00000007  00000-0  44353-4 0  9997,2 41182  47.0043 323.0414 0002009 297.4117  62.6533 14.43173734 23541
1 41182U 15081D   16153.52607338 +.00000046 +00000-0 +59777-4 0  9990,2 41182 047.0047 319.2117 0002012 296.3783 063.6868 14.43174287023662
1 41182U 15081D   16153.94146625  .00000035  00000-0  56502-4 0  9994,2 41182  47.0051 317.2972 0002017 297.2401  62.8268 14.43174433 23721
1 41182U 15081D   16154.84148404 -.00000039 +00000-0 +34825-4 0  9990,2 41182 047.0039 313.1478 0001952 299.0142 061.0547 14.43174125023855
1 41182U 15081D   16155.39534051 -.00000094  00000-0  18659-4 0  9996,2 41182  47.0040 310.5935 0001968 300.7860  59.2819 14.43173994 23933
1 41182U 15081D   16155.87996552 -.00000034 +00000-0 +36381-4 0  9993,2 41182 047.0039 308.3594 0001965 303.8248 056.2458 14.43174355024005
1 41182U 15081D   16156.43382182 -.00000046  00000-0  32672-4 0  9996,2 41182  47.0039 305.8054 0001969 306.0769  53.9926 14.43174448 24080
1 41182U 15081D   16156.84921441 +.00000053 +00000-0 +62047-4 0  9994,2 41182 047.0041 303.8899 0002012 311.3132 048.7585 14.43175076024149
1 41182U 15081D   16157.61076644 -.00000043  00000-0  33597-4 0  9994,2 41182  47.0042 300.3781 0001921 313.4154  46.6544 14.43174961 24253
1 41182U 15081D   16157.88769503 +.00000172 +00000-0 +97081-4 0  9996,2 41182 047.0052 299.1028 0001851 314.5942 045.4792 14.43175933024298
1 41182U 15081D   16158.78771166 -.00000030  00000-0  37568-4 0  9992,2 41182  47.0056 294.9531 0001781 317.3571  42.7162 14.43175416 24427
1 41182U 15081D   16159.82619276 -.00000081  00000-0  22475-4 0  9998,2 41182  47.0050 290.1654 0001817 326.3043  33.7720 14.43175494 24571
1 41182U 15081D   16160.79544106 -.00000020 +00000-0 +40315-4 0  9991,2 41182 047.0050 285.6962 0001769 328.4637 031.6150 14.43175969024717
1 41182U 15081D   16161.48776052  .00000080  00000-0  69744-4 0  9997,2 41182  47.0051 282.5042 0001665 326.5354  33.5448 14.43176753 24817
1 41182U 15081D   16161.69545586 +.00000058 +00000-0 +63464-4 0  9994,2 41182 047.0047 281.5463 0001702 327.0289 033.0475 14.43176637024842
1 41182U 15081D   16162.52623881  .00000062  00000-0  64576-4 0  9992,2 41182  47.0048 277.7155 0001647 330.6041  29.4701 14.43177004 24965
1 41182U 15081D   16162.73393553 +.00000014 +00000-0 +50425-4 0  9990,2 41182 047.0047 276.7584 0001618 329.5339 030.5436 14.43176790024996
1 41182U 15081D   16163.70318378 -.00000096  00000-0  17865-4 0  9992,2 41182  47.0042 272.2905 0001610 332.7489  27.3308 14.43176507 25138
1 41182U 15081D   16164.74166294  .00000020  00000-0  52147-4 0  9993,2 41182  47.0036 267.5022 0001701 339.6948  20.3869 14.43177399 25286
1 41182U 15081D   16165.71091002 +.00000091 +00000-0 +73163-4 0  9994,2 41182 047.0029 263.0329 0001738 341.4823 018.6011 14.43177927025424
1 41182U 15081D   16166.33399603  .00000165  00000-0  94955-4 0  9995,2 41182  47.0027 260.1600 0001730 342.9910  17.0893 14.43178639 25519
1 41182U 15081D   16167.23401114 +.00000119 +00000-0 +81480-4 0  9994,2 41182 047.0028 256.0103 0001708 345.8008 014.2836 14.43178913025642
1 41182U 15081D   16167.51093830  .00000010  00000-0  49170-4 0  9997,2 41182  47.0029 254.7329 0001714 348.9307  11.1494 14.43178409 25681
1 41182U 15081D   16167.64940285 -.00000065 +00000-0 +27156-4 0  9997,2 41182 047.0030 254.0956 0001660 348.6877 011.3936 14.43177955025702
1 41182U 15081D   16168.61865043 -.00000162  00000-0 -13784-5 0  9995,2 41182  47.0019 249.6280 0001498 349.0292  11.0546 14.43177361 25844
1 41182U 15081D   16169.65712819 +.00000030 +00000-0 +55226-4 0  9990,2 41182 047.0008 244.8403 0001268 348.5000 011.5870 14.43178556025990
1 41182U 15081D   16170.21098265  .00000155  00000-0  92083-4 0  9996,2 41182  47.0005 242.2861 0001303 350.5343   9.5538 14.43179438 26078
1 41182U 15081D   16170.62637394 +.00000131 +00000-0 +85030-4 0  9991,2 41182 047.0014 240.3720 0001220 353.2796 006.8073 14.43179366026132
1 41182U 15081D   16171.38792301  .00000073  00000-0  67799-4 0  9992,2 41182  47.0012 236.8615 0000940 354.3212   5.7605 14.43179349 26248
1 41182U 15081D   16171.59561947 +.00000087 +00000-0 +71885-4 0  9991,2 41182 047.0015 235.9038 0000897 354.9033 005.1843 14.43179559026272
1 41182U 15081D   16172.63409807 -.00000137  00000-0  58980-5 0  9992,2 41182  47.0014 231.1168 0000850   5.2166 354.8721 14.43178691 26427
1 41182U 15081D   16173.60334348 +.00000043 +00000-0 +58964-4 0  9993,2 41182 047.0010 226.6498 0000971 009.4399 350.6487 14.43179798026563
1 41182U 15081D   16174.15719803  .00000195  00000-0  10376-3 0  9999,2 41182  47.0009 224.0954 0000976  11.9618 348.1301 14.43180661 26644
1 41182U 15081D   16174.57258895 +.00000128 +00000-0 +84109-4 0  9996,2 41182 047.0003 222.1796 0001013 014.5971 345.4949 14.43180488026707
1 41182U 15081D   16175.19567461 -.00000012  00000-0  42802-4 0  9994,2 41182  47.0003 219.3070 0000994  20.3237 339.7628 14.43179917 26791
1 41182U 15081D   16175.54183457 -.00000015 +00000-0 +41849-4 0  9995,2 41182 047.0008 217.7110 0000998 023.8937 336.1986 14.43180099026849
1 41182U 15081D   16176.51107984 -.00000118  00000-0  11575-4 0  9991,2 41182  47.0006 213.2414 0001010  31.0452 329.0474 14.43179829 26981
1 41182U 15081D   16177.61878873  .00000109  00000-0  78406-4 0  9990,2 41182  47.0005 208.1342 0001126  35.0164 325.0800 14.43181005 27142
1 41182U 15081D   16178.58803346 -.00000014 +00000-0 +42042-4 0  9993,2 41182 047.0006 203.6645 0001190 040.2123 319.8842 14.43180849027280
1 41182U 15081D   16179.07265570  .00000010  00000-0  49245-4 0  9996,2 41182  47.0004 201.4293 0001135  44.0573 316.0412 14.43181156 27355
1 41182U 15081D   16179.41881494 -.00000121 +00000-0 +10507-4 0  9996,2 41182 047.0015 199.8344 0001044 051.1055 308.9925 14.43180520027406
1 41182U 15081D   16180.11113240 -.00000157  00000-0  12219-6 0  9995,2 41182  47.0017 196.6421 0001010  54.2500 305.8471 14.43180467 27504
1 41182U 15081D   16180.52652302 -.00000048 +00000-0 +32099-4 0  9992,2 41182 047.0021 194.7271 0001066 054.2418 305.8572 14.43181097027568
1 41182U 15081D   16181.49576743 -.00000028  00000-0  38159-4 0  9994,2 41182  47.0021 190.2596 0001066  59.7038 300.3945 14.43181349 27707
1 41182U 15081D   16182.46501090 +.00000137 +00000-0 +86615-4 0  9995,2 41182 047.0012 185.7899 0001038 068.3266 291.7742 14.43182543027840
1 41182U 15081D   16183.01886378  .00000230  00000-0  11408-3 0  9993,2 41182  47.0009 183.2350 0001086  68.6303 291.4712 14.43183406 27921
1 41182U 15081D   16183.43425339 +.00000260 +00000-0 +12298-3 0  9996,2 41182 047.0015 181.3201 0000963 076.5030 283.5976 14.43183781027986
1 41182U 15081D   16184.33426312  .00000215  00000-0  10980-3 0  9994,2 41182  47.0021 177.1705 0000941  90.4278 269.6661 14.43184127 28117
1 41182U 15081D   16184.47272720 +.00000223 +00000-0 +11191-3 0  9995,2 41182 047.0021 176.5323 0000942 091.9815 268.1175 14.43184302028131
1 41182U 15081D   16185.44197009  .00000050  00000-0  61157-4 0  9995,2 41182  47.0027 172.0639 0000965  99.3805 260.7188 14.43184086 28270
1 41182U 15081D   16185.92659107 +.00000009 +00000-0 +48923-4 0  9990,2 41182 047.0027 169.8285 0000940 099.7602 260.3379 14.43184087028340
1 41182U 15081D   16186.89583276 +.00000189 +00000-0 +10196-3 0  9999,2 41182 047.0023 165.3597 0001064 112.6573 247.4440 14.43185477028487
1 41182U 15081D   16187.10352690  .00000209  00000-0  10779-3 0  9998,2 41182  47.0023 164.4017 0001064 113.5870 246.5140 14.43185807 28512
1 41182U 15081D   16187.38045252 +.00000273 +00000-0 +12680-3 0  9995,2 41182 047.0018 163.1256 0001095 116.3214 243.7776 14.43186305028556
1 41182U 15081D   16188.28046211  .00000137  00000-0  86722-4 0  9999,2 41182  47.0021 158.9754 0001089 113.4709 246.6244 14.43186138 28685
1 41182U 15081D   16188.41892584 +.00000188 +00000-0 +10164-3 0  9998,2 41182 047.0022 158.3372 0001069 110.4495 249.6501 14.43186499028705
1 41182U 15081D   16189.38816874 -.00000141  00000-0  46634-5 0  9996,2 41182  47.0031 153.8683 0001272 111.9525 248.1489 14.43185174 28849
1 41182U 15081D   16190.35741084 -.00000220 +00000-0 -18466-4 0  9995,2 41182 047.0025 149.3986 0001280 111.7894 248.3130 14.43184797028984
1 41182U 15081D   16190.98049462 -.00000240  00000-0 -24440-4 0  9996,2 41182  47.0025 146.5249 0001277 116.5397 243.5611 14.43184585 29079
1 41182U 15081D   16191.88050387 +.00000103 +00000-0 +76640-4 0  9999,2 41182 047.0022 142.3752 0001278 114.7632 245.3401 14.43186483029203
1 41182U 15081D   16192.08819786  .00000008  00000-0  48766-4 0  9990,2 41182  47.0021 141.4175 0001316 114.0163 246.0831 14.43186149 29233
1 41182U 15081D   16192.84974474 +.00000172 +00000-0 +96894-4 0  9997,2 41182 047.0027 137.9074 0001248 117.9849 242.1188 14.43187280029345
1 41182U 15081D   16193.33436469  .00000029  00000-0  54752-4 0  9997,2 41182  47.0033 135.6751 0001309 124.3519 235.7458 14.43186666 29416
1 41182U 15081D   16193.81898538 -.00000030 +00000-0 +37347-4 0  9993,2 41182 047.0035 133.4404 0001280 126.8269 233.2721 14.43186616029484
1 41182U 15081D   16194.78822634 -.00000096  00000-0  18058-4 0  9994,2 41182  47.0027 128.9728 0001291 131.8298 228.2686 14.43186471 29622
1 41182U 15081D   16195.82669856  .00000001  00000-0  46652-4 0  9991,2 41182  47.0031 124.1837 0001347 138.5643 221.5380 14.43187215 29776
1 41182U 15081D   16196.86516915 +.00000005 +00000-0 +47610-4 0  9992,2 41182 047.0018 119.4008 0001233 150.2469 209.8481 14.43187675029815
1 41182U 15081D   16197.21132625  .00000007  00000-0  48268-4 0  9996,2 41182  47.0019 117.8049 0001252 151.9463 208.1484 14.43187796 29972
1 41182U 15081D   16197.90364018 -.00000015 +00000-0 +41999-4 0  9999,2 41182 047.0019 114.6129 0001303 155.7532 204.3409 14.43187941029968
1 41182U 15081D   16198.87287972 -.00000002 +00000-0 +45763-4 0  9998,2 41182 047.0020 110.1442 0001361 160.6560 199.4372 14.43188306030106
1 41182U 15081D   16199.91135035 +.00000003 +00000-0 +47105-4 0  9998,2 41182 047.0020 105.3564 0001418 165.8350 194.2569 14.43188679030254
1 41182U 15081D   16200.11904447  .00000003  00000-0  47122-4 0  9993,2 41182  47.0020 104.3989 0001424 166.8074 193.2843 14.43188740 30393
1 41182U 15081D   16200.88058932 -.00000027 +00000-0 +38391-4 0  9991,2 41182 047.0020 100.8876 0001470 170.4377 189.6530 14.43188854030395
1 41182U 15081D   16201.15751476 -.00000016  00000-0  41530-4 0  9992,2 41182  47.0021  99.6109 0001483 171.5400 188.5505 14.43188981 30541
1 41182U 15081D   16201.84982813 -.00000019 +00000-0 +40617-4 0  9997,2 41182 047.0021 096.4189 0001528 174.9577 185.1318 14.43189177030538
1 41182U 15081D   16202.81906664  .00000027  00000-0  54275-4 0  9998,2 41182  47.0022  91.9502 0001592 179.0812 181.0070 14.43189732 30781
1 41182U 15081D   16202.88829798 +.00000004 +00000-0 +47533-4 0  9991,2 41182 047.0022 091.6310 0001597 179.3455 180.7426 14.43189627030689
1 41182U 15081D   16203.85753622  .00000014  00000-0  50397-4 0  9994,2 41182  47.0023  87.1623 0001665 183.2257 176.8612 14.43190026 30933
1 41182U 15081D   16204.89600554 +.00000006 +00000-0 +48121-4 0  9997,2 41182 047.0023 082.3744 0001728 187.3015 172.7839 14.43190361030973
1 41182U 15081D   16205.03446814  .00000005  00000-0  47738-4 0  9993,2 41182  47.0023  81.7361 0001734 187.7789 172.3064 14.43190392 31106
1 41182U 15081D   16205.86524338 -.00000007 +00000-0 +44185-4 0  9998,2 41182 047.0024 077.9057 0001788 190.9741 169.1099 14.43190619031114
1 41182U 15081D   16206.07293720 -.00000007  00000-0  44075-4 0  9998,2 41182  47.0023  76.9482 0001797 191.6104 168.4734 14.43190681 31257
1 41182U 15081D   16206.90371228 -.00000023 +00000-0 +39517-4 0  9993,2 41182 047.0023 073.1178 0001860 194.7767 165.3058 14.43190851031263
1 41182U 15081D   16207.11140606 -.00000025  00000-0  38797-4 0  9992,2 41182  47.0023  72.1603 0001867 195.6356 164.4467 14.43190897 31406
1 41182U 15081D   16207.94218090 -.00000004 +00000-0 +44965-4 0  9997,2 41182 047.0023 068.3299 0001922 198.7484 161.3325 14.43191284031413
1 41182U 15081D   16208.56526216 -.00000034  00000-0  36149-4 0  9996,2 41182  47.0023  65.4571 0001961 201.0926 158.9872 14.43191270 31612
1 41182U 15081D   16208.91141841 -.00000042 +00000-0 +33920-4 0  9995,2 41182 047.0023 063.8612 0001978 202.0391 158.0403 14.43191320031555
1 41182U 15081D   16209.81142435 -.00000057  00000-0  29515-4 0  9996,2 41182  47.0023  59.7116 0002038 205.1019 154.9761 14.43191477 31798
1 41182U 15081D   16210.57296784 -.00000057 +00000-0 +29469-4 0  9996,2 41182 047.0024 056.2003 0002081 207.8417 152.2352 14.43191604031794
1 41182U 15081D   16211.54220490 -.00000055  00000-0  29959-4 0  9997,2 41182  47.0024  51.7314 0002135 211.3383 148.7370 14.43191773 32047
1 41182U 15081D   16211.88836103 -.00000062 +00000-0 +27937-4 0  9990,2 41182 047.0024 050.1355 0002147 212.5028 147.5719 14.43191786031987
1 41182U 15081D   16212.85759796 -.00000066  00000-0  26737-4 0  9991,2 41182  47.0025  45.6666 0002199 215.8425 144.2307 14.43191937 32230
1 41182U 15081D   16212.92682917 -.00000066 +00000-0 +26905-4 0  9996,2 41182 047.0025 045.3474 0002200 216.0951 143.9780 14.43191952032131
1 41182U 15081D   16213.89606602 -.00000074 +00000-0 +24496-4 0  9992,2 41182 047.0026 040.8787 0002241 219.5664 140.5052 14.43192079032274
1 41182U 15081D   16213.96529722 -.00000075  00000-0  24079-4 0  9995,2 41182  47.0026  40.5595 0002243 219.7769 140.2946 14.43192085 32397
1 41182U 15081D   16214.86530277 -.00000079 +00000-0 +23064-4 0  9999,2 41182 047.0027 036.4100 0002289 222.8503 137.2199 14.43192201032414
1 41182U 15081D   16215.55761469 -.00000085  00000-0  21288-4 0  9998,2 41182  47.0028  33.2179 0002327 225.2862 134.7828 14.43192260 32623
1 41182U 15081D   16215.90377066 -.00000072 +00000-0 +25126-4 0  9994,2 41182 047.0028 031.6220 0002347 226.3090 133.7595 14.43192375032569
1 41182U 15081D   16216.87300719 -.00000068  00000-0  26249-4 0  9994,2 41182  47.0028  27.1533 0002396 229.5573 130.5098 14.43192559 32816
1 41182U 15081D   16218.81147993 -.00000081  00000-0  22519-4 0  9994,2 41182  47.0029  18.2158 0002488 235.8452 124.2191 14.43192855 33093
1 41182U 15081D   16218.88071108 -.00000079 +00000-0 +22823-4 0  9990,2 41182 047.0029 017.8966 0002487 236.0977 123.9666 14.43192876032993
1 41182U 15081D   16219.84994733 -.00000073 +00000-0 +24668-4 0  9998,2 41182 047.0029 013.4279 0002524 239.3902 120.6729 14.43193054033138
1 41182U 15081D   16219.91917849 -.00000073  00000-0  24663-4 0  9994,2 41182  47.0029  13.1087 0002526 239.6195 120.4435 14.43193069 33252
1 41182U 15081D   16220.88841462 -.00000061 +00000-0 +28344-4 0  9996,2 41182 047.0030 008.6400 0002556 242.7885 117.2735 14.43193293033285
1 41182U 15081D   16221.44226374 -.00000055  00000-0  29984-4 0  9992,2 41182  47.0030   6.0863 0002582 244.6419 115.4193 14.43193435 33470
1 41182U 15081D   16221.85765061 -.00000054 +00000-0 +30247-4 0  9991,2 41182 047.0031 004.1712 0002586 245.9850 114.0759 14.43193528033421
1 41182U 15081D   16222.82688640 -.00000050  00000-0  31650-4 0  9991,2 41182  47.0031 359.7025 0002618 249.0799 110.9800 14.43193781 33670
1 41182U 15081D   16223.79612209 -.00000034 +00000-0 +36298-4 0  9991,2 41182 047.0032 355.2339 0002641 252.3563 107.7028 14.43194082033707
1 41182U 15081D   16224.41920207 -.00000033  00000-0  36605-4 0  9992,2 41182  47.0033 352.3612 0002664 254.4125 105.6460 14.43194227 33902
1 41182U 15081D   16224.83458866 -.00000021 +00000-0 +40091-4 0  9996,2 41182 047.0032 350.4461 0002673 255.7720 104.2863 14.43194399033853
1 41182U 15081D   16225.45766853 -.00000011  00000-0  43109-4 0  9995,2 41182  47.0033 347.5733 0002691 257.7790 102.2789 14.43194619 34055
1 41182U 15081D   16225.80382404 -.00000011 +00000-0 +43066-4 0  9992,2 41182 047.0033 345.9775 0002695 258.9067 101.1509 14.43194705033993
1 41182U 15081D   16226.49613486 -.00000012  00000-0  42630-4 0  9992,2 41182  47.0032 342.7856 0002716 261.0063  99.0509 14.43194902 34201
1 41182U 15081D   16226.77305919 -.00000010 +00000-0 +43363-4 0  9994,2 41182 047.0032 341.5089 0002715 261.9654 098.0917 14.43194993034134
1 41182U 15081D   16227.74229420 -.00000025 +00000-0 +39005-4 0  9998,2 41182 047.0031 337.0403 0002734 265.1277 094.9290 14.43195184034380
1 41182U 15081D   16228.71152908 -.00000021 +00000-0 +40189-4 0  9993,2 41182 047.0030 332.5717 0002754 268.2857 091.7707 14.43195444034418
1 41182U 15081D   16229.47307069 -.00000022  00000-0  39670-4 0  9991,2 41182  47.0030 329.0605 0002768 270.6805  89.3757 14.43195612 34639
1 41182U 15081D   16229.74999490 -.00000017 +00000-0 +41296-4 0  9997,2 41182 047.0029 327.7838 0002766 271.6378 088.4184 14.43195707034565
1 41182U 15081D   16230.51153638 -.00000024  00000-0  39058-4 0  9991,2 41182  47.0028 324.2726 0002768 274.0782  85.9781 14.43195865 34784
1 41182U 15081D   16230.64999848 -.00000023 +00000-0 +39561-4 0  9994,2 41182 047.0028 323.6343 0002765 274.5929 085.4635 14.43195907034697
1 41182U 15081D   16231.68846387 -.00000021  00000-0  40011-4 0  9998,2 41182  47.0027 318.8464 0002769 277.9398  82.1167 14.43196210 34958
1 41182U 15081D   16232.65769818 -.00000025 +00000-0 +38803-4 0  9999,2 41182 047.0026 314.3777 0002769 281.1570 078.8998 14.43196420034984
1 41182U 15081D   16233.21154626 -.00000022  00000-0  39656-4 0  9991,2 41182  47.0026 311.8241 0002771 282.9957  77.0613 14.43196558 35172
1 41182U 15081D   16233.69616332 -.00000021 +00000-0 +39925-4 0  9998,2 41182 047.0025 309.5898 0002762 284.5761 075.4812 14.43196692035132
1 41182U 15081D   16234.52693531 -.00000028  00000-0  38119-4 0  9998,2 41182  47.0024 305.7594 0002759 287.2291  72.8286 14.43196871 35366
1 41182U 15081D   16234.66539731 -.00000028 +00000-0 +37984-4 0  9993,2 41182 047.0024 305.1211 0002761 287.7953 072.2625 14.43196908035271
1 41182U 15081D   16235.63463109 -.00000036  00000-0  35603-4 0  9991,2 41182  47.0022 300.6524 0002755 291.0223  69.0362 14.43197144 35520
1 41182U 15081D   16236.60386478 -.00000043 +00000-0 +33510-4 0  9995,2 41182 047.0020 296.1837 0002748 294.3009 065.7583 14.43197355035559
1 41182U 15081D   16237.22694345 -.00000040  00000-0  34355-4 0  9994,2 41182  47.0019 293.3108 0002744 296.2869  63.7728 14.43197523 35756
1 41182U 15081D   16237.64232928 -.00000041 +00000-0 +34069-4 0  9998,2 41182 047.0018 291.3957 0002731 297.7903 062.2700 14.43197605035706
1 41182U 15081D   16238.40386983 -.00000037  00000-0  35326-4 0  9996,2 41182  47.0017 287.8844 0002718 300.3121  59.7490 14.43197793 35927
1 41182U 15081D   16238.61156270 -.00000034 +00000-0 +36185-4 0  9994,2 41182 047.0016 286.9268 0002715 301.1467 058.9146 14.43197859035848
1 41182U 15081D   16239.51156507 -.00000037  00000-0  35302-4 0  9990,2 41182  47.0014 282.7772 0002691 304.3763  55.6862 14.43198051 36088
1 41182U 15081D   16239.58079602 -.00000039 +00000-0 +34867-4 0  9994,2 41182 047.0014 282.4580 0002694 304.6531 055.4094 14.43198058035981
1 41182U 15081D   16240.55002919 -.00000039  00000-0  34663-4 0  9994,2 41182  47.0012 277.9890 0002667 308.0904  51.9735 14.43198270 36232
1 41182U 15081D   16241.58849318 -.00000034  00000-0  36097-4 0  9998,2 41182  47.0011 273.2009 0002641 311.9755  48.0899 14.43198506 36387
1 41182U 15081D   16242.55772612 -.00000021 +00000-0 +39938-4 0  9991,2 41182 047.0011 268.7319 0002616 315.5672 044.4998 14.43198763036419
1 41182U 15081D   16243.18080422 -.00000021  00000-0  39961-4 0  9998,2 41182  47.0010 265.8589 0002595 317.6693  42.3986 14.43198939 36618
1 41182U 15081D   16243.52695887 -.00000031 +00000-0 +37207-4 0  9995,2 41182 047.0010 264.2630 0002585 319.1178 040.9507 14.43198939036558
1 41182U 15081D   16244.49619147 -.00000033  00000-0  36660-4 0  9991,2 41182  47.0010 259.7941 0002552 322.8889  37.1814 14.43199185 36807
1 41182U 15081D   16245.46542393 -.00000034 +00000-0 +36120-4 0  9999,2 41182 047.0009 255.3252 0002513 326.6338 033.4382 14.43199418036831
1 41182U 15081D   16246.15773264 -.00000025  00000-0  38977-4 0  9991,2 41182  47.0008 252.1331 0002479 328.9249  31.1483 14.43199651 37040
1 41182U 15081D   16246.50388708 -.00000033 +00000-0 +36404-4 0  9997,2 41182 047.0008 250.5371 0002463 330.3157 029.7583 14.43199666036986
1 41182U 15081D   16247.47311923 -.00000031  00000-0  37015-4 0  9996,2 41182  47.0008 246.0682 0002414 334.0336  26.0422 14.43199912 37232
1 41182U 15081D   16248.44235121 -.00000024 +00000-0 +39222-4 0  9993,2 41182 047.0007 241.5993 0002379 338.0818 021.9959 14.43200203037263
1 41182U 15081D   16249.13465968 -.00000039  00000-0  34779-4 0  9992,2 41182  47.0006 238.4072 0002348 340.8649  19.2142 14.43200304 37473
1 41182U 15081D   16249.96542977 -.00000037 +00000-0 +35398-4 0  9995,2 41182 047.0006 234.5767 0002319 344.4756 015.6052 14.43200497037482
1 41182U 15081D   16250.17312228 -.00000038  00000-0  35123-4 0  9991,2 41182  47.0007 233.6190 0002302 345.3080  14.7732 14.43200544 37629
1 41182U 15081D   16250.93466142 -.00000036 +00000-0 +35650-4 0  9993,2 41182 047.0007 230.1077 0002275 348.6988 011.3840 14.43200702037626
1 41182U 15081D   16251.41927719 -.00000030  00000-0  37301-4 0  9998,2 41182  47.0007 227.8733 0002251 351.0368   9.0470 14.43200852 37801
1 41182U 15081D   16252.94235490 -.00000023 +00000-0 +39502-4 0  9992,2 41182 047.0008 220.8507 0002179 357.9344 002.1526 14.43201302037911
1 41182U 15081D   16253.08081641 -.00000021  00000-0  39993-4 0  9997,2 41182  47.0009 220.2123 0002160 358.4339   1.6533 14.43201375 38047
1 41182U 15081D   16253.35773958 -.00000014 +00000-0 +42002-4 0  9993,2 41182 047.0009 218.9355 0002151 359.8615 000.2264 14.43201492037977
1 41182U 15081D   16254.39620119 -.00000009  00000-0  43569-4 0  9991,2 41182  47.0010 214.1474 0002102   4.7372 355.3527 14.43201848 38232
1 41182U 15081D   16254.95004726 -.00000017 +00000-0 +41186-4 0  9995,2 41182 047.0011 211.5938 0002067 007.1392 352.9517 14.43201972038205
1 41182U 15081D   16255.85004712 -.00000010  00000-0  43395-4 0  9997,2 41182  47.0012 207.4442 0002030  11.6908 348.4018 14.43202264 38440
1 41182U 15081D   16255.91927785 -.00000010 +00000-0 +43342-4 0  9990,2 41182 047.0012 207.1250 0002024 012.0792 348.0135 14.43202295038342
1 41182U 15081D   16256.88850819 -.00000011  00000-0  43166-4 0  9995,2 41182  47.0012 202.6562 0001980  17.1766 342.9180 14.43202609 38594
1 41182U 15081D   16257.85773827 -.00000021 +00000-0 +40063-4 0  9990,2 41182 047.0013 198.1874 0001938 022.2821 337.8142 14.43202886038624
1 41182U 15081D   16258.13466110 -.00000018  00000-0  40898-4 0  9998,2 41182  47.0013 196.9107 0001926  23.8479 336.2490 14.43203002 38778
1 41182U 15081D   16258.82696813 -.00000018 +00000-0 +40976-4 0  9996,2 41182 047.0013 193.7186 0001901 027.6200 332.4781 14.43203217038765
1 41182U 15081D   16259.17312157 -.00000009  00000-0  43756-4 0  9990,2 41182  47.0013 192.1227 0001884  29.5504 330.5482 14.43203383 38921
1 41182U 15081D   16259.86542840 +.00000004 +00000-0 +47318-4 0  9992,2 41182 047.0013 188.9306 0001858 033.3879 326.7118 14.43203656038916
1 41182U 15081D   16260.21158180  .00000009  00000-0  48891-4 0  9995,2 41182  47.0013 187.3347 0001849  35.5036 324.5966 14.43203793 39070
1 41182U 15081D   16260.83465775 +.00000017 +00000-0 +51329-4 0  9993,2 41182 047.0013 184.4618 0001823 038.9685 321.1326 14.43204042039057
1 41182U 15081D   16261.25004171  .00000026  00000-0  53820-4 0  9997,2 41182  47.0013 182.5466 0001811  41.4504 318.6513 14.43204226 39225
1 41182U 15081D   16261.87311752 +.00000021 +00000-0 +52531-4 0  9994,2 41182 047.0014 179.6737 0001788 045.2223 314.8802 14.43204421039201
1 41182U 15081D   16262.91157688 +.00000026 +00000-0 +53809-4 0  9990,2 41182 047.0014 174.8857 0001758 051.3512 308.7525 14.43204831039352
1 41182U 15081D   16263.11926875  .00000028  00000-0  54415-4 0  9991,2 41182  47.0014 173.9282 0001755  52.6278 307.4761 14.43204904 39498
1 41182U 15081D   16263.81157480 +.00000038 +00000-0 +57478-4 0  9999,2 41182 047.0015 170.7361 0001735 056.7877 303.3168 14.43205199039482
1 41182U 15081D   16264.15772771  .00000068  00000-0  66406-4 0  9997,2 41182  47.0015 169.1402 0001726  58.8969 301.2079 14.43205502 39649
1 41182U 15081D   16264.78080291 +.00000067 +00000-0 +65978-4 0  9997,2 41182 047.0015 166.2673 0001708 062.7321 297.3732 14.43205741039627
1 41182U 15081D   16265.19618639  .00000057  00000-0  62954-4 0  9996,2 41182  47.0015 164.3522 0001704  65.3787 294.7269 14.43205844 39798
1 41182U 15081D   16265.75003087 +.00000051 +00000-0 +61218-4 0  9999,2 41182 047.0015 161.7986 0001694 068.9009 291.2052 14.43206038039762
1 41182U 15081D   16266.71925852  .00000036  00000-0  56888-4 0  9999,2 41182  47.0015 157.3298 0001688  75.0436 285.0630 14.43206362 40018
1 41182U 15081D   16267.89617747 +.00000009 +00000-0 +49011-4 0  9990,2 41182 047.0014 151.9034 0001685 082.8933 277.2138 14.43206667040070
1 41182U 15081D   16267.96540801  .00000009  00000-0  48782-4 0  9998,2 41182  47.0014 151.5842 0001685  83.3552 276.7519 14.43206678 40198
1 41182U 15081D   16268.86540467 +.00000006 +00000-0 +48053-4 0  9994,2 41182 047.0013 147.4346 0001690 089.5517 270.5556 14.43206950040214
1 41182U 15081D   16269.14232665  .00000020  00000-0  52251-4 0  9995,2 41182  47.0012 146.1578 0001695  91.2777 268.8297 14.43207122 40369
1 41182U 15081D   16269.90386207 +.00000001 +00000-0 +46639-4 0  9993,2 41182 047.0012 142.6464 0001707 096.5802 263.5271 14.43207255040366
1 41182U 15081D   16270.11155355 -.00000001 +00000-0 +46060-4 0  9995,2 41182 047.0011 141.6888 0001712 097.7538 262.3536 14.43207306040390
1 41182U 15081D   16270.73462780 -.00000000  00000-0  46219-4 0  9991,2 41182  47.0011 138.8159 0001724 101.5883 258.5190 14.43207521 40593
1 41182U 15081D   16272.05000654  .00000018  00000-0  51572-4 0  9992,2 41182  47.0010 132.7510 0001766 110.0313 250.0757 14.43207991 40783
1 41182U 15081D   16272.88077186 +.00000022 +00000-0 +52638-4 0  9996,2 41182 047.0010 128.9204 0001795 115.4268 244.6797 14.43208230040791
1 41182U 15081D   16273.08846317  .00000022  00000-0  52735-4 0  9997,2 41182  47.0010 127.9628 0001800 116.5216 243.5848 14.43208289 40937
1 41182U 15081D   16273.84999783 +.00000025 +00000-0 +53662-4 0  9990,2 41182 047.0010 124.4514 0001830 121.3666 238.7392 14.43208535040933
1 41182U 15081D   16274.81922357  .00000011  00000-0  49444-4 0  9999,2 41182  47.0010 119.9825 0001867 127.0984 233.0066 14.43208780 41189
1 41182U 15081D   16274.88845397 +.00000011 +00000-0 +49485-4 0  9999,2 41182 047.0010 119.6633 0001870 127.4537 232.6513 14.43208802041081
1 41182U 15081D   16275.92690987 -.00000012 +00000-0 +42725-4 0  9990,2 41182 047.0010 114.8752 0001904 133.3547 226.7491 14.43209016041239
1 41182U 15081D   16275.99614026 -.00000013  00000-0  42453-4 0  9996,2 41182  47.0010 114.5560 0001906 133.6542 226.4495 14.43209034 41357
1 41182U 15081D   16276.89613519 -.00000036 +00000-0 +35687-4 0  9998,2 41182 047.0010 110.4063 0001952 139.1523 220.9503 14.43209157041378
1 41182U 15081D   16277.51920845 -.00000036  00000-0  35750-4 0  9992,2 41182  47.0011 107.5334 0001985 142.8426 217.2591 14.43209332 41579
1 41182U 15081D   16277.93459063 -.00000042 +00000-0 +33924-4 0  9995,2 41182 047.0011 105.6182 0002024 145.3832 214.7179 14.43209413041522
1 41182U 15081D   16278.90381558 -.00000052 +00000-0 +30987-4 0  9993,2 41182 047.0011 101.1492 0002071 150.5463 209.5534 14.43209612041660
1 41182U 15081D   16278.97304592 -.00000053  00000-0  30560-4 0  9991,2 41182  47.0011 100.8301 0002080 150.9352 209.1644 14.43209630 41787
1 41182U 15081D   16279.87304045 -.00000061 +00000-0 +28417-4 0  9991,2 41182 047.0011 096.6803 0002126 155.5442 204.5538 14.43209792041801
1 41182U 15081D   16280.70380444 -.00000067  00000-0  26422-4 0  9992,2 41182  47.0012  92.8497 0002180 160.0383 200.0582 14.43209931 42035
1 41182U 15081D   16280.91149545 -.00000066 +00000-0 +26713-4 0  9992,2 41182 047.0012 091.8921 0002190 160.9874 199.1088 14.43209973041956
1 41182U 15081D   16281.74225938 -.00000055  00000-0  30064-4 0  9997,2 41182  47.0013  88.0615 0002235 165.2180 194.8765 14.43210162 42185
1 41182U 15081D   16281.88072003 -.00000055 +00000-0 +30120-4 0  9998,2 41182 047.0013 087.4231 0002240 165.7725 194.3218 14.43210186042092
1 41182U 15081D   16282.84994448 -.00000047  00000-0  32412-4 0  9998,2 41182  47.0014  82.9541 0002299 170.4906 189.6017 14.43210386 42349
1 41182U 15081D   16283.88839898 -.00000045  00000-0  32842-4 0  9995,2 41182  47.0016  78.1658 0002361 175.2951 184.7951 14.43210626 42496
1 41182U 15081D   16284.85762303 -.00000042 +00000-0 +33981-4 0  9991,2 41182 047.0017 073.6969 0002412 179.6708 180.4173 14.43210872042523
1 41182U 15081D   16285.48069549 -.00000039  00000-0  34885-4 0  9993,2 41182  47.0019  70.8240 0002449 182.5639 177.5228 14.43211040 42720
1 41182U 15081D   16285.89607705 -.00000033 +00000-0 +36410-4 0  9990,2 41182 047.0019 068.9089 0002481 184.5881 175.4976 14.43211185042677
1 41182U 15081D   16286.51914938 -.00000030  00000-0  37280-4 0  9992,2 41182  47.0021  66.0360 0002528 187.6303 172.4538 14.43211356 42879
