1 41189U 15081L   15356.15133464 -.00000210  00000-0  00000+0 0  9998,2 41189  46.9998   2.3584 0028938  17.3459 114.9268 14.78489429    19
1 41189U 15081L   15356.39684769 -.00000209  00000-0  00000+0 0  9991,2 41189  46.9998   1.1602 0028938  18.5086 341.4099 14.78188155    51
1 41189U 15081L   15356.46448998 -.00000210  00000-0  00000+0 0  9993,2 41189  47.0039   0.8350 0028840  17.0889 343.6555 14.78665030    66
1 41189U 15081L   15356.73466049 -.00000210  00000-0  00000+0 0  9990,2 41189  47.0031 359.5187 0029005  17.9083 342.2776 14.78662932   102
1 41189U 15081L   15356.86979917  .00000537  00000-0  10000-3 0  9993,2 41189  47.0024 358.8602 0029322  18.9316 341.2560 14.78661675   125
1 41189U 15081L   15356.93737000  .00000537  00000-0  10000-3 0  9996,2 41189  47.0024 358.5303 0029322  19.2516 340.9475 14.78661890   137
1 41189U 15081L   15357.14007680 -.00013350  00000-0 -17636-2 0  9994,2 41189  47.0015 357.5392 0029206  19.9361 340.2550 14.78644612   163
1 41189U 15081L   15357.41035847 -.00003010  00000-0 -37510-3 0  9996,2 41189  47.0019 356.2216 0029341  21.6011 338.6273 14.78654543   202
1 41189U 15081L   15357.54549400  .00000537  00000-0  10000-3 0  9999,2 41189  47.0013 355.5632 0029234  22.2704 337.9486 14.78658666   227
1 41189U 15081L   15357.81576955 -.00001991 +00000-0 -23861-3 0  9990,2 41189 047.0022 354.2427 0029378 023.5646 336.6530 14.78654570000263
1 41189U 15081L   15358.69416552  .00000676  00000-0  11868-3 0  9994,2 41189  47.0018 349.9564 0029329  27.6726 332.5732 14.78661716   394
1 41189U 15081L   15359.97797221  .00000915  00000-0  15068-3 0  9993,2 41189  47.0020 343.6903 0029337  33.7621 326.5143 14.78665440   584
1 41189U 15081L   15361.05907030  .00000887  00000-0  14684-3 0  9997,2 41189  47.0017 338.4138 0029261  38.9300 321.3667 14.78667579   746
1 41189U 15081L   15362.41044018  .00001212  00000-0  19032-3 0  9991,2 41189  47.0015 331.8225 0029255  45.6470 314.6835 14.78672708   948
1 41189U 15081L   15363.35639108  .00002179  00000-0  31966-3 0  9998,2 41189  47.0015 327.2057 0029281  50.2304 310.1168 14.78681105  1084
1 41189U 15081L   15364.91044851  .00002413  00000-0  35098-3 0  9997,2 41189  47.0028 319.6220 0029206  57.9066 302.4642 14.78689617  1314
1 41189U 15081L   15365.85639568 +.00001798 +00000-0 +26875-3 0  9994,2 41189 047.0030 315.0066 0029251 062.1890 298.1916 14.78690603001455
1 41189U 15081L   16001.05909883  .00001301  00000-0  20221-3 0  9993,2 41189  47.0024 314.0185 0029309  63.4850 296.8944 14.78688934  1486
1 41189U 15081L   16002.27531720  .00000986  00000-0  16007-3 0  9994,2 41189  47.0037 308.0843 0029210  69.3356 291.0707 14.78690503  1660
1 41189U 15081L   16003.28882661  .00001054  00000-0  16911-3 0  9990,2 41189  47.0031 303.1395 0029230  74.1714 286.2404 14.78693252  1817
1 41189U 15081L   16004.30233443  .00001075  00000-0  17196-3 0  9991,2 41189  47.0034 298.1942 0029160  79.1989 281.2184 14.78695786  1962
1 41189U 15081L   16004.84287099 +.00000996 +00000-0 +16139-3 0  9993,2 41189 047.0027 295.5567 0029258 081.5807 278.8349 14.78696623002048
1 41189U 15081L   16005.78881039  .00000757  00000-0  12946-3 0  9998,2 41189  47.0025 290.9400 0029229  86.1265 274.2954 14.78697635  2189
1 41189U 15081L   16007.00501626  .00000559  00000-0  10296-3 0  9992,2 41189  47.0019 285.0029 0029415  91.2072 269.2142 14.78698647  2361
1 41189U 15081L   16008.01852014  .00000145  00000-0  47488-4 0  9999,2 41189  47.0029 280.0579 0029234  96.1446 264.2727 14.78698030  2512
1 41189U 15081L   16009.16715596  .00000398  00000-0  81400-4 0  9991,2 41189  47.0028 274.4528 0029274 101.9371 258.4819 14.78700722  2685
1 41189U 15081L   16010.18065511  .00001210  00000-0  18998-3 0  9995,2 41189  47.0022 269.5093 0029378 107.4827 252.9344 14.78705482  2830
1 41189U 15081L   16011.19415194 -.00000652  00000-0 -59088-4 0  9990,2 41189  47.0020 264.5635 0028939 113.2791 247.0841 14.78697536  2985
1 41189U 15081L   16012.14010964 -.00005368  00000-0 -69113-3 0  9990,2 41189  47.0016 259.9443 0029201 115.7934 244.5640 14.78671037  3128
1 41189U 15081L   16013.15364364 -.00006928  00000-0 -90057-3 0  9992,2 41189  47.0009 254.9994 0029409 120.4899 239.8902 14.78653833  3277
1 41189U 15081L   16013.82933399 -.00005569  00000-0 -71822-3 0  9995,2 41189  47.0008 251.7048 0029436 125.4592 234.9617 14.78653573  3377
1 41189U 15081L   16014.77528137  .00000532  00000-0  99329-4 0  9996,2 41189  47.0002 247.0909 0029312 129.5027 230.9013 14.78672123  3510
1 41189U 15081L   16015.11311086 +.00000525 +00000-0 +98363-4 0  9997,2 41189 047.0004 245.4416 0029229 130.9551 229.3879 14.78672435003565
1 41189U 15081L   16015.85635684  .00000459  00000-0  89577-4 0  9994,2 41189  47.0001 241.8139 0029288 134.6247 225.7016 14.78673065  3677
1 41189U 15081L   16017.00501398 -.00003112  00000-0 -38869-3 0  9995,2 41189  47.0022 236.2096 0029921 140.8420 219.3646 14.78649824  3849
1 41189U 15081L   16018.15382465 -.00024236  00000-0 -32410-2 0  9999,2 41189  46.9996 230.6039 0028723 146.1778 214.0343 14.78510348  4010
1 41189U 15081L   16018.96475117 -.00031257  00000-0 -41977-2 0  9994,2 41189  47.0034 226.6477 0029545 150.5293 209.6446 14.78439116  4130
1 41189U 15081L   16020.58670539 -.00013557  00000-0 -17982-2 0  9992,2 41189  47.0034 218.7339 0029586 158.1950 202.9168 14.78481732  4372
1 41189U 15081L   16020.99200755 -.00009670  00000-0 -12758-2 0  9993,2 41189  46.9998 216.7482 0026688 158.9722 201.2359 14.78478207  4435
1 41189U 15081L   16021.53263850 -.00017922  00000-0  00000+0 0  9991,2 41189  47.0016 214.1326 0028616 160.4278 199.8243 14.78441132  4514
1 41189U 15081L   16021.60020199 -.00016308  00000-0  00000+0 0  9993,2 41189  46.9943 213.7885 0029514 160.7708 199.4822 14.78451686  4520
1 41189U 15081L   16021.66779154 -.00014726  00000-0  00000+0 0  9993,2 41189  47.0003 213.4451 0028573 162.1697 198.0726 14.78443309  4534
1 41189U 15081L   16021.73534457 -.00032122  00000-0  00000+0 0  9996,2 41189  47.0028 213.1497 0027881 164.5947 195.6326 14.78450661  4542
1 41189U 15081L   16021.80291028 -.00031279  00000-0  00000+0 0  9990,2 41189  47.0005 212.8267 0028601 165.5156 194.7086 14.78454889  4552
1 41189U 15081L   16022.95166883  .00000891  00000-0  14780-3 0  9996,2 41189  46.9986 207.1978 0028975 168.7666 191.3881 14.78518841  4723
1 41189U 15081L   16024.30316216  .00001147  00000-0  18219-3 0  9990,2 41189  46.9991 200.6052 0029111 175.1612 184.9578 14.78523261  4921
1 41189U 15081L   16025.45193063  .00000891  00000-0  14782-3 0  9996,2 41189  46.9990 195.0004 0029087 180.6501 179.4362 14.78524591  5090
1 41189U 15081L   16025.85737940 +.00000536 +00000-0 +10017-3 0  9991,2 41189 046.9992 193.0228 0029232 182.5393 177.5350 14.78523261005156
1 41189U 15081L   16026.80355382  .00000614  00000-0  11100-3 0  9994,2 41189  46.9990 188.4139 0028355 187.8751 172.1700 14.78357249  5290
1 41189U 15081L   16027.88486802 -.00000356  00000-0 -19881-4 0  9995,2 41189  46.9990 183.1378 0028354 192.9955 167.0182 14.78356750  5450
1 41189U 15081L   16028.22277959 -.00029692  00000-0 -40063-2 0  9993,2 41189  47.0014 181.4803 0026232 195.2581 164.6220 14.78286366  5504
1 41189U 15081L   16028.69586399  .00000467  00000-0  62808-4 0  9995,2 41189  46.9980 179.1845 0028566 196.7049 163.3408 14.78358898  5583
1 41189U 15081L   16028.76346646 -.00021551  00000-0 -28963-2 0  9993,2 41189  47.0012 178.8443 0025571 193.3548 166.7151 14.78303793  5587
1 41189U 15081L   16028.89862707 -.00020167  00000-0 -27038-2 0  9992,2 41189  47.0044 178.1946 0028645 193.2528 166.8082 14.78306941  5600
1 41189U 15081L   16029.84475103  .00000112  00000-0  43223-4 0  9990,2 41189  46.9996 173.5780 0028588 201.8376 158.1302 14.78358931  5742
1 41189U 15081L   16029.91233313 -.00016972  00000-0 -22706-2 0  9997,2 41189  46.9996 173.2482 0028588 202.1576 157.6534 14.78294741  5754
1 41189U 15081L   16030.79103190 -.00023690  00000-0 -31893-2 0  9996,2 41189  46.9991 168.9599 0029216 203.9494 155.8908 14.78207909  5885
1 41189U 15081L   16030.99382092 -.00026095  00000-0 -35194-2 0  9998,2 41189  47.0011 167.9685 0028950 205.0074 154.9040 14.78186642  5917
1 41189U 15081L   16031.39937101 -.00029879  00000-0 -40466-2 0  9991,2 41189  46.9997 165.9847 0025649 204.6059 155.2171 14.78142943  5977
1 41189U 15081L   16031.66976772 -.00033374  00000-0 -45238-2 0  9995,2 41189  47.0016 164.6683 0028242 203.9656 155.9312 14.78107830  6018
1 41189U 15081L   16031.80496690 -.00039889  00000-0 -54222-2 0  9997,2 41189  46.9993 164.0131 0028252 211.6970 148.1867 14.78071428  6032
1 41189U 15081L   16032.75129914 -.00035399  00000-0 -48106-2 0  9990,2 41189  46.9986 159.3919 0028240 213.7741 146.1471 14.78027977  6175
1 41189U 15081L   16033.69762180 -.00000408  00000-0 -27179-4 0  9994,2 41189  47.0032 154.7916 0027197 219.7181 140.4565 14.78129171  6315
1 41189U 15081L   16034.37361439  .00000676  00000-0  12073-3 0  9993,2 41189  46.9993 151.5025 0026478 224.3600 135.5172 14.77839430  6419
1 41189U 15081L   16035.38770384 -.00033903  00000-0 -46257-2 0  9999,2 41189  46.9883 146.5281 0026363 219.9609 140.0006 14.77877038  6566
1 41189U 15081L   16035.65813831 -.00047117  00000-0  00000+0 0  9998,2 41189  46.9858 145.2334 0025758 231.6452 128.2658 14.77803526  6671
1 41189U 15081L   16035.72572938 -.00048937  00000-0 -67245-2 0  9995,2 41189  46.9901 144.8859 0024230 233.5271 126.2679 14.77787670  6617
1 41189U 15081L   16036.26661952 -.00047076  00000-0 -64752-2 0  9993,2 41189  46.9937 142.2444 0023177 238.3561 121.5403 14.77746030  6698
1 41189U 15081L   16036.67227542 -.00031274  00000-0 -42668-2 0  9996,2 41189  47.0049 140.2857 0028334 230.1768 129.9879 14.77802268  6751
1 41189U 15081L   16037.34830057 -.00027732  00000-0 -37807-2 0  9995,2 41189  46.9931 136.9796 0028376 228.0175 131.9026 14.77774326  6858
1 41189U 15081L   16037.68631138 -.00013107  00000-0 -17673-2 0  9991,2 41189  46.9973 135.3555 0027747 237.4250 122.3934 14.77810038  6908
1 41189U 15081L   16038.09195769 -.00001448  00000-0 -16979-3 0  9996,2 41189  46.9991 133.3783 0026575 241.2858 118.5911 14.77836835  6965
1 41189U 15081L   16039.03842943  .00001089  00000-0  17708-3 0  9994,2 41189  46.9999 128.7675 0026362 246.2884 113.5393 14.77847394  7107
1 41189U 15081L   16040.05251188  .00001157  00000-0  18643-3 0  9998,2 41189  46.9995 123.8243 0026408 250.9712 108.8345 14.77850427  7254
1 41189U 15081L   16041.20180561  .00001343  00000-0  21181-3 0  9990,2 41189  47.0006 118.2247 0026423 256.3987 103.3977 14.77854742  7426
1 41189U 15081L   16042.21588707  .00001355  00000-0  21337-3 0  9992,2 41189  47.0009 113.2824 0026442 261.1142  98.6793 14.77857959  7574
1 41189U 15081L   16043.50038793  .00001228  00000-0  19606-3 0  9995,2 41189  47.0010 107.0233 0026543 267.2900  92.4949 14.77860857  7769
1 41189U 15081L   16044.51446537  .00001470  00000-0  22910-3 0  9997,2 41189  47.0011 102.0800 0026564 272.2038  87.5857 14.77865096  7916
1 41189U 15081L   16045.52854149  .00001299  00000-0  20568-3 0  9997,2 41189  46.9998  97.1381 0026569 277.1130  82.6745 14.77867193  8067
1 41189U 15081L   16046.54261604  .00001165  00000-0  18741-3 0  9990,2 41189  46.9997  92.1951 0026631 282.0861  77.7053 14.77869508  8216
1 41189U 15081L   16047.21866403 -.00010899  00000-0 -14655-2 0  9998,2 41189  46.9917  88.8936 0026889 280.7202  78.6734 14.77792123  8317
1 41189U 15081L   16049.58678203  .00001132  00000-0  19033-3 0  9993,2 41189  47.0020  77.3852 0019459 287.3796  72.4969 14.76148067  8661
1 41189U 15081L   16052.42950208  .00000828  00000-0  14697-3 0  9990,2 41189  47.0030  63.5670 0019367 300.7005  59.1987 14.76152881  9086
1 41189U 15081L   16052.83560398 +.00000847 +00000-0 +14965-3 0  9991,2 41189 047.0030 061.5926 0019379 302.6777 057.2246 14.76153814009149
1 41189U 15081L   16053.85085896  .00000789  00000-0  14134-3 0  9992,2 41189  47.0029  56.6568 0019414 307.8866  52.0273 14.76155563  9292
1 41189U 15081L   16055.00148155  .00000508  00000-0  10131-3 0  9991,2 41189  47.0030  51.0654 0019202 312.8659  47.0635 14.76155948  9462
1 41189U 15081L   16056.01673552  .00000371  00000-0  81710-4 0  9997,2 41189  47.0035  46.1312 0019142 317.4981  42.4421 14.76156559  9613
1 41189U 15081L   16057.09967276  .00000345  00000-0  78084-4 0  9996,2 41189  47.0039  40.8672 0019179 322.6814  37.2748 14.76157761  9777
1 41189U 15081L   16058.31797545  .00000470  00000-0  95858-4 0  9999,2 41189  47.0040  34.9453 0019183 328.4872  31.4872 14.76159863  9952
1 41189U 15081L   16059.33322653  .00000491  00000-0  98866-4 0  9991,2 41189  47.0042  30.0110 0019142 333.0668  26.9214 14.76161295 10101
1 41189U 15081L   16060.34847782  .00000456  00000-0  93849-4 0  9996,2 41189  47.0045  25.0777 0019168 337.9720  22.0340 14.76162524 10256
1 41189U 15081L   16060.88994481 +.00000472 +00000-0 +96234-4 0  9993,2 41189 047.0045 022.4452 0019154 340.4170 019.6011 14.76163405010335
1 41189U 15081L   16061.36372774  .00000501  00000-0  10028-3 0  9991,2 41189  47.0045  20.1418 0019154 342.6517  17.3724 14.76163897 10400
1 41189U 15081L   16061.83751059 +.00000381 +00000-0 +83273-4 0  9999,2 41189 047.0051 017.8397 0019003 344.7274 015.3025 14.76164081010477
1 41189U 15081L   16062.78507608  .00000541  00000-0  10599-3 0  9991,2 41189  47.0055  13.2348 0018959 349.0326  11.0170 14.76166228 10617
1 41189U 15081L   16063.93568858  .00000650  00000-0  12163-3 0  9993,2 41189  47.0054   7.6429 0018751 353.9858   6.0833 14.76168711 10784
1 41189U 15081L   16064.95093396  .00000626  00000-0  11809-3 0  9995,2 41189  47.0053   2.7084 0018593 358.4415   1.6423 14.76170117 10935
1 41189U 15081L   16066.03385949  .00000675  00000-0  12521-3 0  9990,2 41189  47.0045 357.4445 0018463   3.4747 356.6225 14.76172441 11091
1 41189U 15081L   16067.18447016  .00000756  00000-0  13663-3 0  9999,2 41189  47.0040 351.8542 0018580   9.3410 350.7841 14.76174726 11260
1 41189U 15081L   16068.19971091  .00000974  00000-0  16772-3 0  9992,2 41189  47.0046 346.9198 0018627  14.5311 345.6125 14.76177913 11414
1 41189U 15081L   16069.21494819  .00001178  00000-0  19685-3 0  9997,2 41189  47.0052 341.9851 0018470  19.4926 340.6668 14.76181677 11569
1 41189U 15081L   16070.23018460  .00001236  00000-0  20506-3 0  9994,2 41189  47.0059 337.0509 0018510  24.3472 335.8285 14.76184676 11718
1 41189U 15081L   16070.90700750 +.00001119 +00000-0 +18836-3 0  9991,2 41189 047.0062 333.7604 0018420 027.6520 332.5334 14.76186038011815
1 41189U 15081L   16071.71919488  .00000871  00000-0  15304-3 0  9992,2 41189  47.0052 329.8136 0018376  31.6117 328.5858 14.76186936 11933
1 41189U 15081L   16072.80211130  .00000532  00000-0  10468-3 0  9992,2 41189  47.0052 324.5491 0018388  36.7919 323.4192 14.76187007 12091
1 41189U 15081L   16074.08807423  .00000296  00000-0  71094-4 0  9990,2 41189  47.0043 318.3003 0018414  42.8464 317.3841 14.76187388 12280
1 41189U 15081L   16075.10330678  .00000361  00000-0  80349-4 0  9993,2 41189  47.0034 313.3675 0018332  48.0096 312.2370 14.76188630 12437
1 41189U 15081L   16076.11853734  .00000410  00000-0  87324-4 0  9993,2 41189  47.0043 308.4327 0018395  52.8688 307.3883 14.76190114 12585
1 41189U 15081L   16077.13376651  .00000544  00000-0  10645-3 0  9993,2 41189  47.0047 303.4990 0018418  57.8775 302.3902 14.76192188 12735
1 41189U 15081L   16077.74290330 +.00000562 +00000-0 +10894-3 0  9995,2 41189 047.0048 300.5374 0018393 060.8412 299.4324 14.76193180012821
1 41189U 15081L   16078.82581156  .00000521  00000-0  10315-3 0  9997,2 41189  47.0055 295.2724 0018375  66.0879 294.1914 14.76194672 12984
1 41189U 15081L   16079.84103823  .00000480  00000-0  97288-4 0  9990,2 41189  47.0041 290.3413 0018392  70.9167 289.3697 14.76195764 13138
1 41189U 15081L   16080.99162669  .00000469  00000-0  95695-4 0  9998,2 41189  47.0048 284.7470 0018402  76.0764 284.2186 14.76197335 13309
1 41189U 15081L   16081.66844197 +.00000450 +00000-0 +93058-4 0  9997,2 41189 047.0050 281.4563 0018373 079.4079 280.8878 14.76198172013403
1 41189U 15081L   16082.61598373  .00000327  00000-0  75506-4 0  9996,2 41189  47.0051 276.8513 0018417  83.6528 276.6430 14.76198642 13546
1 41189U 15081L   16082.88671032 +.00000426 +00000-0 +89654-4 0  9998,2 41189 047.0037 275.5369 0018413 084.9137 275.3883 14.76199512013580
1 41189U 15081L   16083.90193105  .00000473  00000-0  96276-4 0  9992,2 41189  47.0050 270.5951 0018386  89.6046 270.6995 14.76201153 13731
1 41189U 15081L   16085.32324231  .00000407  00000-0  86818-4 0  9994,2 41189  46.9998 263.6945 0017886  97.5104 262.7956 14.76201170 13944
1 41189U 15081L   16085.72932685 +.00000243 +00000-0 +63477-4 0  9990,2 41189 047.0000 261.7208 0017772 100.4464 259.8421 14.76200796014003
1 41189U 15081L   16086.47382135  .00000168  00000-0  52788-4 0  9991,2 41189  46.9990 258.1026 0017576 104.1373 256.1452 14.76200771 14118
1 41189U 15081L   16086.67686567 -.00000130 +00000-0 +10379-4 0  9999,2 41189 047.0002 257.1123 0017719 104.9264 255.3537 14.76199645014142
1 41189U 15081L   16087.62440457  .00000142  00000-0  49067-4 0  9999,2 41189  47.0002 252.5079 0017808 108.7658 251.5152 14.76201489 14285
1 41189U 15081L   16088.63962162  .00000152  00000-0  50585-4 0  9991,2 41189  47.0011 247.5720 0017818 113.9189 246.3506 14.76202488 14432
1 41189U 15081L   16088.91034765 +.00000214 +00000-0 +59303-4 0  9997,2 41189 047.0011 246.2555 0017855 115.3696 244.9069 14.76203005014472
1 41189U 15081L   16090.39933060  .00000553  00000-0  10759-3 0  9995,2 41189  47.0011 239.0180 0017868 123.0981 237.1691 14.76206582 14695
1 41189U 15081L   16091.54990730  .00000207  00000-0  58357-4 0  9993,2 41189  47.0019 233.4292 0018242 129.4830 230.7656 14.76205994 14860
1 41189U 15081L   16091.75295069 +.00000483 +00000-0 +97620-4 0  9991,2 41189 047.0014 232.4448 0018290 131.2702 228.9798 14.76207405014897
1 41189U 15081L   16092.76816411  .00000658  00000-0  12257-3 0  9999,2 41189  47.0029 227.5146 0018176 135.4736 224.7631 14.76209760 15043
1 41189U 15081L   16093.78337720  .00000632  00000-0  11896-3 0  9993,2 41189  47.0031 222.5795 0018562 139.9970 220.2335 14.76210905 15190
1 41189U 15081L   16094.79858859  .00000345  00000-0  78058-4 0  9991,2 41189  47.0030 217.6453 0018458 144.2315 215.9810 14.76211057 15346
1 41189U 15081L   16095.81379911  .00000310  00000-0  73074-4 0  9997,2 41189  47.0026 212.7093 0018491 148.8639 211.3354 14.76212125 15499
1 41189U 15081L   16097.09973084  .00000449  00000-0  92749-4 0  9993,2 41189  47.0024 206.4570 0018479 154.5386 205.6421 14.76214134 15680
1 41189U 15081L   16098.11493903  .00000346  00000-0  78090-4 0  9993,2 41189  47.0033 201.5220 0018621 159.8703 200.2937 14.76214880 15836
1 41189U 15081L   16099.46854790  .00000431  00000-0  90249-4 0  9992,2 41189  47.0037 194.9430 0018535 166.3720 193.7672 14.76217068 16030
1 41189U 15081L   16099.53622839 +.00000456 +00000-0 +93824-4 0  9996,2 41189 047.0037 194.6137 0018510 166.7940 193.3443 14.76217207016040
1 41189U 15081L   16100.61911388  .00000546  00000-0  10658-3 0  9991,2 41189  47.0035 189.3508 0018590 172.0385 188.0805 14.76219141 16202
1 41189U 15081L   16102.10808035  .00000530  00000-0  10438-3 0  9990,2 41189  47.0037 182.1124 0018602 178.9677 181.1277 14.76221256 16423
1 41189U 15081L   16103.19096414  .00000482  00000-0  97428-4 0  9991,2 41189  47.0045 176.8497 0018789 183.7696 176.3087 14.76222415 16586
1 41189U 15081L   16104.47688779  .00000368  00000-0  81169-4 0  9992,2 41189  47.0034 170.6009 0018680 190.0998 169.9514 14.76223060 16772
1 41189U 15081L   16104.54456806 +.00000379 +00000-0 +82774-4 0  9999,2 41189 047.0032 170.2714 0018676 190.4756 169.5752 14.76223141016781
1 41189U 15081L   16105.55976974  .00000424  00000-0  89213-4 0  9990,2 41189  47.0023 165.3377 0018702 195.1163 164.9177 14.76224496 16936
1 41189U 15081L   16106.98104982  .00000568  00000-0  10976-3 0  9998,2 41189  47.0019 158.4281 0018714 201.8277 158.1825 14.76227041 17140
1 41189U 15081L   16108.06392997  .00000369  00000-0  81399-4 0  9991,2 41189  47.0018 153.1644 0018786 206.8233 153.1699 14.76227422 17305
1 41189U 15081L   16109.07912900  .00000399  00000-0  85619-4 0  9997,2 41189  47.0029 148.2315 0018907 211.7149 148.2611 14.76228718 17457
1 41189U 15081L   16110.50040728  .00000254  00000-0  64937-4 0  9997,2 41189  47.0033 141.3257 0018918 218.5175 141.4336 14.76229375 17669
1 41189U 15081L   16110.56808778 +.00000284 +00000-0 +69181-4 0  9999,2 41189 047.0033 140.9970 0018903 218.8243 141.1290 14.76229550017671
1 41189U 15081L   16111.51560617  .00000228  00000-0  61252-4 0  9991,2 41189  47.0031 136.3907 0018897 223.4322 136.5080 14.76230139 17816
1 41189U 15081L   16112.53080460  .00000130  00000-0  47363-4 0  9996,2 41189  47.0032 131.4547 0018867 228.2337 131.6944 14.76230444 17969
1 41189U 15081L   16114.01976076  .00000157  00000-0  51143-4 0  9998,2 41189  47.0028 124.2162 0019011 234.9205 124.9911 14.76231694 18189
1 41189U 15081L   16115.23799793  .00000075  00000-0  39432-4 0  9998,2 41189  47.0025 118.2936 0019069 240.5631 119.3354 14.76231910 18367
1 41189U 15081L   16116.45623506  .00000065  00000-0  38024-4 0  9996,2 41189  47.0024 112.3723 0019106 245.9721 113.9174 14.76232543 18549
1 41189U 15081L   16118.01287091  .00000043  00000-0  34945-4 0  9999,2 41189  47.0020 104.8055 0019094 253.2288 106.6490 14.76233179 18776
1 41189U 15081L   16119.29878818  .00000022  00000-0  31923-4 0  9993,2 41189  47.0021  98.5551 0019052 259.4423 100.4319 14.76233722 18967
1 41189U 15081L   16120.31398498  .00000103  00000-0  43384-4 0  9993,2 41189  47.0022  93.6211 0019029 263.7798  96.0926 14.76234776 19116
1 41189U 15081L   16121.32918130  .00000090  00000-0  41650-4 0  9995,2 41189  47.0031  88.6872 0019032 268.5026  91.3645 14.76235392 19261
1 41189U 15081L   16121.73526068 +.00000116 +00000-0 +45323-4 0  9995,2 41189 047.0032 086.7128 0019034 270.4405 089.4310 14.76235803019321
1 41189U 15081L   16122.68277700  .00000197  00000-0  56795-4 0  9990,2 41189  47.0029  82.1076 0019040 274.8938  84.9784 14.76236955 19464
1 41189U 15081L   16123.76565197  .00000340  00000-0  77254-4 0  9993,2 41189  47.0031  76.8436 0019067 279.7274  80.1474 14.76238650 19629
1 41189U 15081L   16124.78084616  .00000556  00000-0  10795-3 0  9993,2 41189  47.0038  71.9086 0019069 284.5070  75.3734 14.76241119 19778
1 41189U 15081L   16125.79603998  .00000658  00000-0  12241-3 0  9996,2 41189  47.0037  66.9735 0019056 289.5240  70.3646 14.76243151 19924
1 41189U 15081L   16126.81123301  .00000555  00000-0  10782-3 0  9999,2 41189  47.0034  62.0400 0019058 294.0223  65.8692 14.76243933 20077
1 41189U 15081L   16128.16482369  .00000383  00000-0  83321-4 0  9990,2 41189  47.0031  55.4623 0019068 300.5021  59.3982 14.76244657 20273
1 41189U 15081L   16129.18001621  .00000285  00000-0  69309-4 0  9992,2 41189  47.0027  50.5290 0019028 305.0716  54.8387 14.76245275 20424
1 41189U 15081L   16129.78913137 +.00000340 +00000-0 +77162-4 0  9990,2 41189 047.0022 047.5670 0019045 308.0899 051.8302 14.76246342020511
1 41189U 15081L   16130.19520703  .00000547  00000-0  10660-3 0  9998,2 41189  47.0024  45.5927 0019037 309.9181  50.0065 14.76247867 20577
1 41189U 15081L   16130.80431993 +.00000601 +00000-0 +11439-3 0  9994,2 41189 047.0029 042.6314 0018991 312.4808 047.4474 14.76249193020661
1 41189U 15081L   16131.75182976 +.00000746 +00000-0 +13499-3 0  9991,2 41189 047.0035 038.0248 0018955 316.7516 043.1912 14.76251520020809
1 41189U 15081L   16132.76701742 +.00000467 +00000-0 +95320-4 0  9995,2 41189 047.0043 033.0899 0018776 321.1656 038.7847 14.76251894020958
1 41189U 15081L   16133.71452659 +.00000417 +00000-0 +88169-4 0  9999,2 41189 047.0043 028.4850 0018748 325.1309 034.8372 14.76253167021092
1 41189U 15081L   16135.06810874  .00000582  00000-0  11165-3 0  9990,2 41189  47.0027  21.9068 0018733 332.0935  27.8946 14.76255797 21291
1 41189U 15081L   16136.15097434  .00000281  00000-0  68837-4 0  9995,2 41189  47.0027  16.6418 0018607 337.1994  22.8062 14.76255721 21451
1 41189U 15081L   16136.76008528 +.00000277 +00000-0 +68315-4 0  9994,2 41189 047.0039 013.6798 0018595 340.3428 019.6735 14.76256773021545
1 41189U 15081L   16137.84294924  .00000231  00000-0  61770-4 0  9999,2 41189  47.0045   8.4162 0018797 345.4420  14.5882 14.76257541 21700
1 41189U 15081L   16138.99349038  .00000477  00000-0  96764-4 0  9996,2 41189  47.0051   2.8231 0018544 350.4311   9.6240 14.76260361 21872
1 41189U 15081L   16140.07635236  .00000413  00000-0  87595-4 0  9998,2 41189  47.0051 357.5576 0018544 355.5392   4.5384 14.76261604 22032
1 41189U 15081L   16141.42992556  .00000559  00000-0  10832-3 0  9999,2 41189  47.0029 350.9888 0017869   0.1220 359.9677 14.76263674 22235
1 41189U 15081L   16141.63296159 +.00000370 +00000-0 +81480-4 0  9997,2 41189 047.0029 350.0015 0017869 001.0798 359.0110 14.76263140022262
1 41189U 15081L   16142.58046470  .00000160  00000-0  51662-4 0  9997,2 41189  47.0029 345.3940 0017868   5.5501 354.5585 14.76263066 22405
1 41189U 15081L   16142.64814346 +.00000055 +00000-0 +36658-4 0  9990,2 41189 047.0029 345.0649 0017868 005.8694 354.2390 14.76262628022419
1 41189U 15081L   16143.59564559  .00000164  00000-0  52236-4 0  9994,2 41189  47.0024 340.4593 0017843  11.1263 349.0021 14.76264177 22555
1 41189U 15081L   16143.66332427 +.00000031 +00000-0 +33207-4 0  9999,2 41189 047.0024 340.1302 0017843 011.4456 348.6813 14.76263538022562
1 41189U 15081L   16144.61082549  .00000163  00000-0  52056-4 0  9991,2 41189  47.0019 335.5254 0017778  15.8841 344.2612 14.76264961 22709
1 41189U 15081L   16144.88153988 +.00000238 +00000-0 +62742-4 0  9992,2 41189 047.0020 334.2086 0017814 017.2152 342.9352 14.76265557022744
1 41189U 15081L   16145.62600377  .00000334  00000-0  76342-4 0  9992,2 41189  47.0018 330.5883 0017894  20.7386 339.4230 14.76266814 22856
1 41189U 15081L   16146.84421695  .00000174  00000-0  53520-4 0  9996,2 41189  47.0022 324.6677 0017431  26.6064 333.5700 14.76266977 23039
1 41189U 15081L   16148.46850121 -.00000003  00000-0  28408-4 0  9995,2 41189  47.0016 316.7711 0017643  34.3074 325.8886 14.76267233 23276
1 41189U 15081L   16149.48367967 -.00000034  00000-0  23973-4 0  9995,2 41189  47.0015 311.8369 0017780  39.1783 321.0343 14.76267449 23424
1 41189U 15081L   16149.68671602 -.00000081 +00000-0 +17289-4 0  9996,2 41189 047.0012 310.8503 0017801 040.0052 320.2124 14.76267147023450
1 41189U 15081L   16150.49885756 -.00000003  00000-0  28388-4 0  9990,2 41189  47.0028 306.9053 0017948  44.8803 315.3519 14.76268478 23575
1 41189U 15081L   16150.70189314 +.00000080 +00000-0 +40162-4 0  9999,2 41189 047.0025 305.9183 0017951 045.8053 314.4322 14.76268929023604
1 41189U 15081L   16151.64938918  .00000322  00000-0  74677-4 0  9992,2 41189  47.0029 301.3121 0017994  50.4909 309.7576 14.76271008 23744
1 41189U 15081L   16151.85242395 +.00000301 +00000-0 +71617-4 0  9990,2 41189 047.0029 300.3248 0017993 051.4488 308.8015 14.76271020023770
1 41189U 15081L   16152.79991891  .00000422  00000-0  88914-4 0  9998,2 41189  47.0031 295.7195 0017845  56.6651 303.5945 14.76272650 23916
1 41189U 15081L   16154.22116046  .00000378  00000-0  82574-4 0  9995,2 41189  47.0034 288.8085 0017897  63.1446 297.1294 14.76274307 24122
1 41189U 15081L   16155.50704485  .00000233  00000-0  61998-4 0  9994,2 41189  47.0035 282.5585 0017841  69.1269 291.1521 14.76274573 24310
1 41189U 15081L   16156.52221551  .00000206  00000-0  58175-4 0  9998,2 41189  47.0035 277.6232 0017836  73.8713 286.4127 14.76275346 24468
1 41189U 15081L   16156.72524980 +.00000224 +00000-0 +60713-4 0  9993,2 41189 047.0032 276.6362 0017832 074.7350 285.5506 14.76275494024499
1 41189U 15081L   16157.74041971  .00000164  00000-0  52234-4 0  9992,2 41189  47.0044 271.7032 0017744  80.0818 280.2064 14.76276048 24647
1 41189U 15081L   16158.75558897  .00000147  00000-0  49826-4 0  9998,2 41189  47.0043 266.7678 0017741  84.8768 275.4150 14.76276815 24799
1 41189U 15081L   16159.77075592  .00000373  00000-0  81935-4 0  9995,2 41189  47.0042 261.8323 0017635  89.9576 270.3336 14.76278728 24948
1 41189U 15081L   16161.05663376  .00000339  00000-0  77080-4 0  9990,2 41189  47.0038 255.5814 0017585  96.0230 264.2665 14.76279888 25135
1 41189U 15081L   16162.13947743  .00000285  00000-0  69344-4 0  9997,2 41189  47.0031 250.3177 0017582 101.5382 258.7515 14.76280741 25299
1 41189U 15081L   16162.68089891 +.00000265 +00000-0 +66568-4 0  9991,2 41189 047.0025 247.6877 0017540 103.6929 256.5911 14.76280969025379
1 41189U 15081L   16163.35767530  .00000157  00000-0  51136-4 0  9994,2 41189  47.0021 244.3987 0017504 106.8706 253.4072 14.76280941 25474
1 41189U 15081L   16164.44051770  .00000063  00000-0  37794-4 0  9997,2 41189  47.0025 239.1340 0017540 112.5298 247.7443 14.76281201 25639
1 41189U 15081L   16164.64355069 +.00000129 +00000-0 +47215-4 0  9999,2 41189 047.0024 238.1469 0017562 113.4341 246.8408 14.76281660025665
1 41189U 15081L   16165.59103683  .00000020  00000-0  31707-4 0  9996,2 41189  47.0015 233.5428 0017599 118.0965 242.1699 14.76281652 25800
1 41189U 15081L   16166.60619941  .00000187  00000-0  55454-4 0  9997,2 41189  47.0017 228.6074 0017554 122.9538 237.3055 14.76282978 25955
1 41189U 15081L   16167.14761896 +.00000296 +00000-0 +70865-4 0  9998,2 41189 047.0024 225.9758 0017576 125.7355 234.5191 14.76284106026039
1 41189U 15081L   16167.62136169  .00000113  00000-0  44868-4 0  9992,2 41189  47.0026 223.6737 0017644 128.0009 232.2470 14.76283439 26102
1 41189U 15081L   16168.97491080  .00000112  00000-0  44726-4 0  9999,2 41189  47.0025 217.0921 0017731 135.1186 225.1205 14.76284200 26301
1 41189U 15081L   16169.99007121  .00000155  00000-0  50848-4 0  9990,2 41189  47.0029 212.1567 0017778 140.1748 220.0519 14.76285090 26454
1 41189U 15081L   16171.07290716  .00000322  00000-0  74584-4 0  9995,2 41189  47.0029 206.8936 0017698 146.0394 214.1653 14.76286520 26617
1 41189U 15081L   16172.15574464 -.00000044  00000-0  22459-4 0  9996,2 41189  47.0023 201.6299 0017755 151.1241 209.0638 14.76285310 26777
1 41189U 15081L   16172.56180870 -.00000027 +00000-0 +24948-4 0  9991,2 41189 047.0023 199.6552 0017755 153.0401 207.1418 14.76285360026831
1 41189U 15081L   16173.44161435  .00000135  00000-0  48041-4 0  9994,2 41189  47.0016 195.3801 0017479 156.3919 203.7791 14.76286614 26969
1 41189U 15081L   16173.84767749 +.00000145 +00000-0 +49416-4 0  9996,2 41189 047.0018 193.4060 0017484 158.3264 201.8372 14.76286965027029
1 41189U 15081L   16174.86283639  .00000118  00000-0  45558-4 0  9993,2 41189  47.0016 188.4697 0017402 162.8515 197.2968 14.76287244 27172
1 41189U 15081L   16176.08102546 -.00000004  00000-0  28263-4 0  9995,2 41189  47.0010 182.5470 0017552 168.7866 191.3401 14.76287412 27354
1 41189U 15081L   16177.36689063  .00000199  00000-0  57048-4 0  9998,2 41189  47.0003 176.2954 0017599 175.0862 185.0201 14.76289167 27549
1 41189U 15081L   16177.43456782 +.00000220 +00000-0 +60102-4 0  9996,2 41189 047.0014 175.9681 0017648 175.3923 184.7126 14.76289375027554
1 41189U 15081L   16178.78811006  .00000180  00000-0  54332-4 0  9992,2 41189  47.0013 169.3882 0017676 181.7602 178.3239 14.76290186 27757
1 41189U 15081L   16180.14164886  .00000180  00000-0  54410-4 0  9999,2 41189  47.0018 162.8098 0018067 188.1113 171.9453 14.76291581 27951
1 41189U 15081L   16180.75074219 +.00000254 +00000-0 +64922-4 0  9997,2 41189 047.0019 159.8483 0018063 190.9510 169.0991 14.76292416028048
1 41189U 15081L   16181.42751127  .00000331  00000-0  75884-4 0  9997,2 41189  47.0022 156.5590 0018135 194.1947 165.8433 14.76293420 28147
1 41189U 15081L   16181.90124964 +.00000341 +00000-0 +77270-4 0  9995,2 41189 047.0022 154.2552 0018143 196.4390 163.5920 14.76293984028215
1 41189U 15081L   16182.71337321  .00000140  00000-0  48603-4 0  9993,2 41189  47.0016 150.3082 0018188 200.1780 159.8390 14.76293608 28333
1 41189U 15081L   16183.72852722  .00000128  00000-0  46912-4 0  9999,2 41189  47.0024 145.3740 0018322 205.0378 154.9644 14.76294197 28482
1 41189U 15081L   16184.87903488  .00000035  00000-0  33703-4 0  9993,2 41189  47.0021 139.7814 0018300 210.3449 149.6401 14.76294415 28656
1 41189U 15081L   16185.89418830  .00000036  00000-0  33816-4 0  9994,2 41189  47.0015 134.8460 0018314 215.1432 144.8257 14.76294694 28804
1 41189U 15081L   16186.97701809 -.00000060  00000-0  20175-4 0  9997,2 41189  47.0020 129.5817 0018294 220.1774 139.7727 14.76294726 28967
1 41189U 15081L   16188.05984864 -.00000050  00000-0  21683-4 0  9996,2 41189  47.0021 124.3172 0018324 225.2206 134.7182 14.76295204 29126
1 41189U 15081L   16189.21035620 -.00000055  00000-0  20940-4 0  9992,2 41189  47.0033 118.7235 0018243 230.6327 129.2946 14.76295613 29299
1 41189U 15081L   16189.75177148 -.00000047 +00000-0 +22042-4 0  9999,2 41189 047.0038 116.0915 0018199 233.4606 126.4621 14.76295962029376
1 41189U 15081L   16190.22551011 -.00000049  00000-0  21759-4 0  9994,2 41189  47.0044 113.7907 0018199 235.5415 124.3767 14.76296084 29441
1 41189U 15081L   16191.24066289  .00000059  00000-0  37062-4 0  9999,2 41189  47.0044 108.8572 0018204 240.2557 119.6518 14.76297007 29594
1 41189U 15081L   16191.78207784 +.00000100 +00000-0 +42902-4 0  9991,2 41189 047.0043 106.2245 0018397 242.3602 117.5476 14.76297619029677
1 41189U 15081L   16192.72955229  .00000296  00000-0  70820-4 0  9996,2 41189  47.0045 101.6191 0018318 246.7505 113.1462 14.76299216 29819
1 41189U 15081L   16193.74470410  .00000265  00000-0  66364-4 0  9997,2 41189  47.0043  96.6857 0018396 251.1489 108.7416 14.76299984 29963
1 41189U 15081L   16194.75985480  .00000283  00000-0  69053-4 0  9995,2 41189  47.0036  91.7513 0018452 255.6673 104.2157 14.76300977 30114
1 41189U 15081L   16195.70732868 +.00000362 +00000-0 +80163-4 0  9994,2 41189 047.0038 087.1443 0018473 259.9702 099.9108 14.76302322030257
1 41189U 15081L   16196.72247854  .00000284  00000-0  69093-4 0  9995,2 41189  47.0038  82.2076 0018472 264.7600  95.1155 14.76302891 30403
1 41189U 15081L   16197.80530558  .00000239  00000-0  62707-4 0  9996,2 41189  47.0041  76.9457 0018550 269.3908  90.4843 14.76303745 30567
1 41189U 15081L   16198.82045545  .00000238  00000-0  62655-4 0  9997,2 41189  47.0041  72.0091 0018550 274.1805  85.6953 14.76304474 30713
1 41189U 15081L   16199.83560507  .00000145  00000-0  49377-4 0  9992,2 41189  47.0052  67.0757 0018525 279.4302  80.4441 14.76304997 30861
1 41189U 15081L   16201.05378431  .00000131  00000-0  47433-4 0  9999,2 41189  47.0025  61.1604 0018609 283.9264  75.9559 14.76306094 31047
1 41189U 15081L   16202.47499243  .00000168  00000-0  52643-4 0  9990,2 41189  47.0026  54.2518 0018575 290.2852  69.6044 14.76307476 31258
1 41189U 15081L   16202.88105183 +.00000161 +00000-0 +51674-4 0  9998,2 41189 047.0026 052.2779 0018558 292.1257 067.7666 14.76307760031318
1 41189U 15081L   16203.62549388  .00000179  00000-0  54257-4 0  9999,2 41189  47.0026  48.6590 0018538 295.4721  64.4254 14.76308446 31429
1 41189U 15081L   16203.89620010 +.00000148 +00000-0 +49736-4 0  9992,2 41189 047.0026 047.3431 0018520 296.6902 063.2095 14.76308480031466
1 41189U 15081L   16204.84367172  .00000117  00000-0  45425-4 0  9992,2 41189  47.0026  42.7373 0018490 300.9590  58.9486 14.76308963 31605
1 41189U 15081L   16204.91134827 +.00000117 +00000-0 +45434-4 0  9999,2 41189 047.0026 042.4083 0018490 301.2787 058.6294 14.76309004031614
1 41189U 15081L   16205.99417271  .00000090  00000-0  41494-4 0  9997,2 41189  47.0026  37.1446 0018445 306.1792  53.7394 14.76309587 31778
1 41189U 15081L   16207.55073227  .00000109  00000-0  44254-4 0  9998,2 41189  47.0026  29.5778 0018377 313.2399  46.6960 14.76310720 32005
1 41189U 15081L   16207.88911468 +.00000121 +00000-0 +45949-4 0  9998,2 41189 047.0026 027.9329 0018362 314.8171 045.1229 14.76311018032056
1 41189U 15081L   16208.83658585  .00000044  00000-0  35087-4 0  9998,2 41189  47.0026  23.3271 0018305 319.1093  40.8426 14.76311068 32191
1 41189U 15081L   16208.90426234 +.00000056 +00000-0 +36749-4 0  9999,2 41189 047.0026 022.9981 0018304 319.4262 040.5266 14.76311164032202
1 41189U 15081L   16209.85173322  .00000050  00000-0  35932-4 0  9998,2 41189  47.0027  18.3922 0018254 323.7667  36.1988 14.76311592 32340
1 41189U 15081L   16210.59617439 +.00000029 +00000-0 +32946-4 0  9991,2 41189 047.0028 014.7733 0018207 327.1457 032.8302 14.76311882032451
1 41189U 15081L   16211.47596849  .00000016  00000-0  30998-4 0  9991,2 41189  47.0029  10.4965 0018156 331.1982  28.7907 14.76312213 32581
1 41189U 15081L   16211.88202728 +.00000015 +00000-0 +30967-4 0  9991,2 41189 047.0029 008.5226 0018133 333.1090 026.8862 14.76312403032643
1 41189U 15081L   16212.49111532  .00000002  00000-0  29019-4 0  9993,2 41189  47.0030   5.5617 0018094 335.8935  24.1110 14.76312630 32738
1 41189U 15081L   16212.89717409 -.00000007 +00000-0 +27834-4 0  9991,2 41189 047.0030 003.5879 0018068 337.8024 022.2085 14.76312749032795
1 41189U 15081L   16213.84464430 -.00000006  00000-0  27935-4 0  9991,2 41189  47.0030 358.9821 0018003 342.1756  17.8504 14.76313142 32939
1 41189U 15081L   16214.85979079 -.00000000  00000-0  28717-4 0  9996,2 41189  47.0031 354.0474 0017937 346.9023  13.1402 14.76313573 33086
1 41189U 15081L   16215.80726060 +.00000036 +00000-0 +33848-4 0  9991,2 41189 047.0031 349.4417 0017858 351.2728 008.7852 14.76314133033222
1 41189U 15081L   16216.48402443  .00000032  00000-0  33267-4 0  9993,2 41189  47.0030 346.1518 0017810 354.4179   5.6513 14.76314446 33328
1 41189U 15081L   16216.82240621 +.00000087 +00000-0 +41133-4 0  9990,2 41189 047.0030 344.5070 0017788 356.0007 004.0741 14.76314926033379
1 41189U 15081L   16217.76987532  .00000062  00000-0  37540-4 0  9993,2 41189  47.0030 339.9012 0017725   0.4373 359.6532 14.76315228 33519
1 41189U 15081L   16218.78501991  .00000097  00000-0  42640-4 0  9992,2 41189  47.0029 334.9664 0017648   5.1845 354.9228 14.76316052 33667
1 41189U 15081L   16219.80016412  .00000138  00000-0  48347-4 0  9991,2 41189  47.0029 330.0317 0017581   9.9528 350.1710 14.76316916 33815
1 41189U 15081L   16221.22136477  .00000159  00000-0  51429-4 0  9992,2 41189  47.0029 323.1230 0017476  16.6439 343.5024 14.76318109 34025
1 41189U 15081L   16222.23650743  .00000160  00000-0  51611-4 0  9996,2 41189  47.0029 318.1884 0017415  21.4862 338.6759 14.76318913 34170
1 41189U 15081L   16223.52235368  .00000225  00000-0  60833-4 0  9999,2 41189  47.0027 311.9378 0017335  27.6439 332.5372 14.76320327 34363
1 41189U 15081L   16223.72538192 +.00000233 +00000-0 +61990-4 0  9996,2 41189 047.0027 310.9509 0017327 028.6436 331.5405 14.76320543034396
1 41189U 15081L   16224.67284688 +.00000214 +00000-0 +59176-4 0  9991,2 41189 047.0025 306.3452 0017271 033.2083 326.9890 14.76321156034531
1 41189U 15081L   16225.68798712 +.00000240 +00000-0 +62984-4 0  9991,2 41189 047.0023 301.4105 0017218 038.1155 322.0952 14.76322111034689
1 41189U 15081L   16226.63545081 +.00000236 +00000-0 +62281-4 0  9991,2 41189 047.0022 296.8047 0017162 042.6811 317.5412 14.76322780034825
1 41189U 15081L   16227.65058982 +.00000172 +00000-0 +53244-4 0  9991,2 41189 047.0020 291.8698 0017108 047.5920 312.6417 14.76323179034975
1 41189U 15081L   16228.19199698  .00000169  00000-0  52836-4 0  9993,2 41189  47.0019 289.2378 0017080  50.2191 310.0203 14.76323550 35057
1 41189U 15081L   16228.59805237 +.00000159 +00000-0 +51421-4 0  9998,2 41189 047.0018 287.2639 0017063 052.1745 308.0689 14.76323743035117
1 41189U 15081L   16229.54551439  .00000129  00000-0  47133-4 0  9998,2 41189  47.0017 282.6579 0017025  56.8103 303.4420 14.76324186 35254
1 41189U 15081L   16229.61319022 +.00000126 +00000-0 +46671-4 0  9999,2 41189 047.0016 282.3290 0017022 057.1185 303.1344 14.76324213035265
1 41189U 15081L   16230.56065161  .00000089  00000-0  41402-4 0  9992,2 41189  47.0015 277.7230 0016982  61.7352 298.5252 14.76324597 35403
1 41189U 15081L   16231.57578830  .00000065  00000-0  38045-4 0  9999,2 41189  47.0014 272.7881 0016946  66.6864 293.5810 14.76325046 35552
1 41189U 15081L   16232.59092446  .00000040  00000-0  34472-4 0  9999,2 41189  47.0013 267.8532 0016918  71.6608 288.6123 14.76325441 35708
1 41189U 15081L   16234.14746527  .00000025  00000-0  32321-4 0  9992,2 41189  47.0010 260.2861 0016879  79.2911 280.9882 14.76326181 35938
1 41189U 15081L   16235.50097819 -.00000002  00000-0  28474-4 0  9996,2 41189  47.0008 253.7062 0016868  85.9603 274.3217 14.76326617 36131
1 41189U 15081L   16236.51611217  .00000002  00000-0  29036-4 0  9996,2 41189  47.0007 248.7711 0016868  90.9515 269.3311 14.76327081 36284
1 41189U 15081L   16238.07264970  .00000005  00000-0  29445-4 0  9996,2 41189  47.0006 241.2039 0016873  98.6500 261.6305 14.76327776 36514
1 41189U 15081L   16238.47870288 +.00000004 +00000-0 +29309-4 0  9993,2 41189 047.0006 239.2299 0016884 100.6061 259.6735 14.76327914036571
1 41189U 15081L   16239.42615976  .00000005  00000-0  29507-4 0  9991,2 41189  47.0007 234.6238 0016898 105.2724 255.0038 14.76328303 36711
1 41189U 15081L   16239.96756347 -.00000002 +00000-0 +28457-4 0  9999,2 41189 047.0007 231.9917 0016902 107.9190 252.3547 14.76328488036794
1 41189U 15081L   16240.44129167  .00000010  00000-0  30168-4 0  9998,2 41189  47.0008 229.6887 0016922 110.1944 250.0771 14.76328749 36862
1 41189U 15081L   16242.06550139  .00000018  00000-0  31374-4 0  9993,2 41189  47.0009 221.7926 0016968 118.1281 242.1328 14.76329539 37108
1 41189U 15081L   16243.14830671  .00000086  00000-0  40927-4 0  9994,2 41189  47.0010 216.5287 0017005 123.4953 236.7567 14.76330523 37266
1 41189U 15081L   16244.16343634  .00000102  00000-0  43269-4 0  9996,2 41189  47.0011 211.5938 0017041 128.4762 231.7663 14.76331113 37413
1 41189U 15081L   16244.90786422 +.00000112 +00000-0 +44669-4 0  9990,2 41189 047.0011 207.9748 0017066 132.0891 228.1456 14.76331592037525
1 41189U 15081L   16245.17856514  .00000142  00000-0  49009-4 0  9996,2 41189  47.0011 206.6589 0017083 133.4148 226.8170 14.76331928 37568
1 41189U 15081L   16246.32904312  .00000292  00000-0  70333-4 0  9994,2 41189  47.0011 201.0660 0017138 138.9088 221.3098 14.76333610 37739
1 41189U 15081L   16247.34417003  .00000305  00000-0  72055-4 0  9991,2 41189  47.0012 196.1310 0017194 143.7889 216.4171 14.76334495 37886
1 41189U 15081L   16247.88557063 +.00000297 +00000-0 +70968-4 0  9992,2 41189 047.0012 193.4990 0017222 146.4160 213.7828 14.76334931037967
1 41189U 15081L   16248.90069583  .00000331  00000-0  75825-4 0  9997,2 41189  47.0013 188.5640 0017290 151.2231 208.9619 14.76336180 38113
1 41189U 15081L   16250.18651972  .00000353  00000-0  78916-4 0  9997,2 41189  47.0014 182.3132 0017372 157.3423 202.8240 14.76337740 38300
1 41189U 15081L   16251.26931769  .00000305  00000-0  72084-4 0  9999,2 41189  47.0016 177.0494 0017435 162.4977 197.6520 14.76338759 38465
1 41189U 15081L   16251.87839097 +.00000286 +00000-0 +69401-4 0  9994,2 41189 047.0016 174.0884 0017483 165.4225 194.7175 14.76339404038559
1 41189U 15081L   16252.82583789  .00000309  00000-0  72631-4 0  9999,2 41189  47.0017 169.4825 0017545 169.9317 190.1930 14.76340605 38692
1 41189U 15081L   16252.89351266 +.00000292 +00000-0 +70200-4 0  9990,2 41189 047.0017 169.1536 0017552 170.2524 189.8712 14.76340592038701
1 41189U 15081L   16253.77328408 +.00000312 +00000-0 +73035-4 0  9992,2 41189 047.0017 164.8767 0017608 174.3919 185.7174 14.76341688038832
1 41189U 15081L   16254.17933211  .00000346  00000-0  77942-4 0  9999,2 41189  47.0017 162.9028 0017638 176.2901 183.8126 14.76342358 38893
1 41189U 15081L   16254.85607878 +.00000289 +00000-0 +69746-4 0  9990,2 41189 047.0017 159.6129 0017690 179.5190 180.5723 14.76342768038995
1 41189U 15081L   16255.19445200  .00000321  00000-0  74395-4 0  9990,2 41189  47.0016 157.9680 0017708 181.0705 179.0152 14.76343305 39041
1 41189U 15081L   16255.87119803 +.00000317 +00000-0 +73776-4 0  9999,2 41189 047.0016 154.6780 0017758 184.2603 175.8141 14.76344038039140
1 41189U 15081L   16256.20957106  .00000332  00000-0  75899-4 0  9998,2 41189  47.0016 153.0331 0017772 185.8253 174.2436 14.76344447 39198
1 41189U 15081L   16256.75096753 +.00000328 +00000-0 +75292-4 0  9992,2 41189 047.0015 150.4010 0017810 188.3638 171.6960 14.76345009039277
1 41189U 15081L   16257.76608566  .00000275  00000-0  67828-4 0  9992,2 41189  47.0014 145.4661 0017884 193.0628 166.9803 14.76345761 39420
1 41189U 15081L   16258.78120310  .00000267  00000-0  66723-4 0  9995,2 41189  47.0014 140.5310 0017949 197.7573 162.2695 14.76346734 39574
1 41189U 15081L   16258.91655203 +.00000281 +00000-0 +68598-4 0  9992,2 41189 047.0014 139.8730 0017958 198.3970 161.6275 14.76346933039599
1 41189U 15081L   16259.79631972  .00000296  00000-0  70779-4 0  9996,2 41189  47.0014 135.5960 0018015 202.4785 157.5320 14.76347950 39723
1 41189U 15081L   16261.08213373  .00000277  00000-0  68067-4 0  9998,2 41189  47.0014 129.3451 0018080 208.3403 151.6508 14.76349048 39917
1 41189U 15081L   16262.09724955  .00000248  00000-0  63924-4 0  9998,2 41189  47.0014 124.4101 0018140 212.9883 146.9879 14.76349801 40068
1 41189U 15081L   16263.45073655  .00000224  00000-0  60514-4 0  9999,2 41189  47.0015 117.8299 0018231 219.1416 140.8159 14.76350842 40268
1 41189U 15081L   16264.46585103  .00000299  00000-0  71234-4 0  9990,2 41189  47.0014 112.8949 0018299 223.7036 136.2409 14.76352179 40416
1 41189U 15081L   16264.93957120 +.00000222 +00000-0 +60182-4 0  9990,2 41189 047.0014 110.5919 0018327 225.8014 134.1373 14.76352140040481
1 41189U 15081L   16265.54863999  .00000217  00000-0  59584-4 0  9996,2 41189  47.0014 107.6308 0018358 228.5923 131.3393 14.76352522 40578
1 41189U 15081L   16265.68398861 +.00000206 +00000-0 +57975-4 0  9992,2 41189 047.0013 106.9727 0018367 229.2140 130.7160 14.76352550040591
1 41189U 15081L   16266.63142862  .00000176  00000-0  53746-4 0  9994,2 41189  47.0013 102.3665 0018405 233.5218 126.3979 14.76353038 40736
1 41189U 15081L   16266.90212571 +.00000158 +00000-0 +51133-4 0  9997,2 41189 047.0013 101.0505 0018409 234.7627 125.1543 14.76353123040779
1 41189U 15081L   16267.98491405  .00000123  00000-0  46176-4 0  9994,2 41189  47.0013  95.7864 0018444 239.7145 120.1923 14.76353620 40932
1 41189U 15081L   16268.93235363 +.00000132 +00000-0 +47526-4 0  9999,2 41189 047.0014 091.1802 0018475 244.0066 115.8924 14.76354258041076
1 41189U 15081L   16269.87979289  .00000126  00000-0  46559-4 0  9993,2 41189  47.0015  86.5740 0018502 248.2865 111.6058 14.76354851 41217
1 41189U 15081L   16271.91001884  .00000227  00000-0  60906-4 0  9992,2 41189  47.0018  76.7040 0018557 257.4325 102.4492 14.76356889 41513
1 41189U 15081L   16272.92513132  .00000246  00000-0  63703-4 0  9997,2 41189  47.0020  71.7691 0018577 262.0025  97.8759 14.76357821 41660
1 41189U 15081L   16273.87256933 +.00000258 +00000-0 +65423-4 0  9999,2 41189 047.0022 067.1631 0018582 266.2876 093.5891 14.76358685041806
1 41189U 15081L   16274.48163648  .00000251  00000-0  64348-4 0  9995,2 41189  47.0023  64.2020 0018589 269.0260  90.8503 14.76359173 41894
1 41189U 15081L   16274.88768114 +.00000235 +00000-0 +62109-4 0  9993,2 41189 047.0024 062.2281 0018586 270.8389 089.0374 14.76359467041950
1 41189U 15081L   16275.76744453  .00000216  00000-0  59414-4 0  9995,2 41189  47.0025  57.9512 0018584 274.8106  85.0665 14.76360121 42081
1 41189U 15081L   16275.90279263 +.00000222 +00000-0 +60192-4 0  9995,2 41189 047.0025 057.2932 0018580 275.4418 084.4355 14.76360302042102
1 41189U 15081L   16276.78255564  .00000195  00000-0  56387-4 0  9990,2 41189  47.0026  53.0161 0018582 279.3722  80.5070 14.76360931 42237
1 41189U 15081L   16276.85022968 +.00000192 +00000-0 +56054-4 0  9996,2 41189 047.0026 052.6871 0018581 279.6767 080.2027 14.76360986042241
1 41189U 15081L   16277.72999235 +.00000189 +00000-0 +55516-4 0  9991,2 41189 047.0027 048.4101 0018587 283.6069 076.2753 14.76361741042372
1 41189U 15081L   16278.40673252  .00000204  00000-0  57655-4 0  9999,2 41189  47.0028  45.1200 0018585 286.6388  73.2465 14.76362460 42479
1 41189U 15081L   16278.74510250 +.00000216 +00000-0 +59435-4 0  9995,2 41189 047.0028 043.4751 0018572 288.1757 071.7114 14.76362874042523
1 41189U 15081L   16279.48951610  .00000260  00000-0  65672-4 0  9995,2 41189  47.0029  39.8561 0018578 291.4907  68.4005 14.76363903 42630
1 41189U 15081L   16279.82788600 +.00000262 +00000-0 +65913-4 0  9990,2 41189 047.0029 038.2111 0018555 293.0575 066.8362 14.76364230042685
1 41189U 15081L   16280.70764732  .00000281  00000-0  68609-4 0  9995,2 41189  47.0030  33.9341 0018544 296.9961  62.9039 14.76365209 42813
1 41189U 15081L   16280.77532123 +.00000284 +00000-0 +69010-4 0  9999,2 41189 047.0030 033.6051 0018542 297.3110 062.5895 14.76365303042829
1 41189U 15081L   16281.79042974  .00000359  00000-0  79675-4 0  9993,2 41189  47.0031  28.6702 0018520 301.9001  58.0090 14.76366821 42973
1 41189U 15081L   16282.73786372 +.00000399 +00000-0 +85312-4 0  9994,2 41189 047.0032 024.0643 0018489 306.1962 053.7221 14.76368150043117
1 41189U 15081L   16283.48227580  .00000373  00000-0  81703-4 0  9990,2 41189  47.0033  20.4454 0018469 309.5531  50.3729 14.76368913 43220
1 41189U 15081L   16283.75297099 +.00000398 +00000-0 +85260-4 0  9991,2 41189 047.0033 019.1295 0018454 310.8165 049.1127 14.76369384043265
1 41189U 15081L   16284.49738238  .00000441  00000-0  91409-4 0  9999,2 41189  47.0033  15.5106 0018429 314.1815  45.7563 14.76370567 43370
1 41189U 15081L   16285.51248823  .00000463  00000-0  94402-4 0  9999,2 41189  47.0033  10.5757 0018383 318.8253  41.1252 14.76371997 43523
1 41189U 15081L   16285.64783561 +.00000469 +00000-0 +95269-4 0  9994,2 41189 047.0033 009.9178 0018378 319.4600 040.4924 14.76372211043549
1 41189U 15081L   16286.66294069  .00000478  00000-0  96571-4 0  9994,2 41189  47.0032   4.9828 0018335 324.1206  35.8455 14.76373563 43697
