1 41184U 15081F   15356.14756005 -.00000209  00000-0  00000+0 0  9992,2 41184  46.9980   2.3813 0030660  20.8782  91.1436 14.77916242    13
1 41184U 15081F   15356.53218098 -.00000210  00000-0  00000+0 0  9992,2 41184  47.0040   0.5140 0030399  20.8019 339.7566 14.78163740    76
1 41184U 15081F   15356.59970773 -.00000210  00000-0  00000+0 0  9993,2 41184  47.0009   0.1843 0030570  20.9984 339.2128 14.78163415    89
1 41184U 15081F   15356.87007524  .00000529  00000-0  10000-3 0  9996,2 41184  47.0006 358.8666 0030678  22.6019 337.6118 14.78160663   127
1 41184U 15081F   15356.93766900  .00000529  00000-0  10000-3 0  9993,2 41184  47.0008 358.5367 0030650  22.9134 337.3125 14.78160814   139
1 41184U 15081F   15357.14044441 -.00016820  00000-0 -22560-2 0  9992,2 41184  47.0006 357.5463 0030493  23.4460 336.7683 14.78139757   163
1 41184U 15081F   15357.41081899 -.00002908  00000-0 -36568-3 0  9996,2 41184  47.0021 356.2288 0030521  25.4531 334.8071 14.78152915   200
1 41184U 15081F   15357.54599944  .00000529  00000-0  10000-3 0  9993,2 41184  47.0012 355.5698 0030189  25.8012 334.4504 14.78157858   225
1 41184U 15081F   15357.81636496 -.00000892 +00000-0 -92377-4 0  9990,2 41184 047.0021 354.2506 0030556 027.3420 332.8954 14.78155105000265
1 41184U 15081F   15358.89783547  .00001396  00000-0  21744-3 0  9996,2 41184  47.0020 348.9762 0030425  32.4825 327.7980 14.78163198   420
1 41184U 15081F   15359.50615931 +.00001458 +00000-0 +22575-3 0  9998,2 41184 047.0021 346.0091 0030430 035.3249 324.9648 14.78165402000513
1 41184U 15081F   15359.97930037  .00001273  00000-0  20068-3 0  9996,2 41184  47.0020 343.7016 0030480  37.5538 322.7418 14.78165931   588
1 41184U 15081F   15360.85799159 +.00001240 +00000-0 +19631-3 0  9991,2 41184 047.0021 339.4159 0030468 041.7099 318.6124 14.78168302000712
1 41184U 15081F   15360.99317420  .00001080  00000-0  17465-3 0  9998,2 41184  47.0018 338.7572 0030532  42.3538 317.9628 14.78167570   735
1 41184U 15081F   15361.46631578 +.00001154 +00000-0 +18458-3 0  9999,2 41184 047.0022 336.4509 0030604 044.5373 315.7969 14.78169249000803
1 41184U 15081F   15362.41259641  .00000840  00000-0  14217-3 0  9992,2 41184  47.0020 331.8390 0030513  49.0049 311.3471 14.78169704   948
1 41184U 15081F   15363.69683092  .00001052  00000-0  17078-3 0  9998,2 41184  47.0027 325.5773 0030559  55.2888 305.0888 14.78173266  1132
1 41184U 15081F   15364.37274103 +.00001187 +00000-0 +18904-3 0  9991,2 41184 047.0025 322.2807 0030544 058.6286 301.7596 14.78175877001235
1 41184U 15081F   15365.04865061  .00001591  00000-0  24366-3 0  9993,2 41184  47.0023 318.9841 0030450  61.8409 298.5661 14.78179987  1335
1 41184U 15081F   15365.85973545 +.00002145 +00000-0 +31866-3 0  9998,2 41184 047.0023 315.0279 0030449 065.6794 294.7324 14.78186085001459
1 41184U 15081F   16001.06250598  .00002258  00000-0  33389-3 0  9992,2 41184  47.0023 314.0389 0030448  66.6390 293.7690 14.78187273  1480
1 41184U 15081F   16001.87359137 +.00002199 +00000-0 +32592-3 0  9999,2 41184 047.0038 310.0863 0030580 070.6199 289.7980 14.78190973001600
1 41184U 15081F   16002.07636239  .00002038  00000-0  30403-3 0  9994,2 41184  47.0035 309.0977 0030661  71.5847 288.8328 14.78191061  1639
1 41184U 15081F   16002.81985565 +.00001819 +00000-0 +27445-3 0  9993,2 41184 047.0035 305.4712 0030660 075.1031 285.3239 14.78193284001744
1 41184U 15081F   16003.29298938  .00001298  00000-0  20406-3 0  9998,2 41184  47.0031 303.1694 0030704  77.8739 282.5588 14.78192295  1812
1 41184U 15081F   16003.63094010 +.00001178 +00000-0 +18777-3 0  9996,2 41184 047.0028 301.5212 0030703 079.3272 281.1056 14.78192791001865
1 41184U 15081F   16004.30684233  .00000931  00000-0  15433-3 0  9995,2 41184  47.0029 298.2257 0030639  82.6933 277.7441 14.78193213  1966
1 41184U 15081F   16004.77997271 +.00000936 +00000-0 +15502-3 0  9997,2 41184 047.0028 295.9180 0030643 084.9044 275.5344 14.78194318002031
1 41184U 15081F   16005.79382313  .00000668  00000-0  11876-3 0  9997,2 41184  47.0031 290.9736 0030677  89.6146 270.8243 14.78195173  2181
1 41184U 15081F   16006.80767316  .00000578  00000-0  10654-3 0  9993,2 41184  47.0020 286.0302 0030664  94.5529 265.8867 14.78196039  2335
1 41184U 15081F   16007.75393121 +.00000557 +00000-0 +10380-3 0  9990,2 41184 047.0024 281.4166 0030594 099.3836 261.0538 14.78197379002478
1 41184U 15081F   16008.02428992  .00000532  00000-0  10029-3 0  9999,2 41184  47.0021 280.0983 0030577 100.6253 259.8067 14.78197518  2519
1 41184U 15081F   16008.90295657 +.00000564 +00000-0 +10466-3 0  9996,2 41184 047.0016 275.8131 0030552 104.6665 255.7612 14.78199025002644
1 41184U 15081F   16009.10572568  .00000616  00000-0  11178-3 0  9997,2 41184  47.0016 274.8244 0030565 105.5840 254.8435 14.78199609  2671
1 41184U 15081F   16009.71403209 +.00000645 +00000-0 +11560-3 0  9996,2 41184 047.0027 271.8603 0030556 108.5748 251.8460 14.78200836002769
1 41184U 15081F   16010.18715956  .00000635  00000-0  11428-3 0  9996,2 41184  47.0025 269.5537 0030616 110.9108 249.5071 14.78201447  2830
1 41184U 15081F   16010.72787549 +.00000631 +00000-0 +11371-3 0  9996,2 41184 047.0025 266.9166 0030594 113.3894 247.0214 14.78202333002919
1 41184U 15081F   16011.20100225  .00000584  00000-0  10732-3 0  9997,2 41184  47.0021 264.6100 0030667 115.6889 244.7180 14.78202819  2980
1 41184U 15081F   16011.87689611 +.00000486 +00000-0 +94150-4 0  9999,2 41184 047.0016 261.3150 0030706 118.8692 241.5246 14.78203309003089
1 41184U 15081F   16012.82314770  .00000495  00000-0  95297-4 0  9999,2 41184  47.0015 256.7007 0030756 123.3303 237.0534 14.78204793  3226
1 41184U 15081F   16013.70180796 +.00000577 +00000-0 +10637-3 0  9991,2 41184 047.0011 252.4166 0030808 127.5205 232.8493 14.78206498003351
1 41184U 15081F   16013.97216475  .00000540  00000-0  10133-3 0  9995,2 41184  47.0008 251.0982 0030818 128.7803 231.5839 14.78206723  3391
1 41184U 15081F   16015.05359072 -.00000168  00000-0  56458-5 0  9996,2 41184  47.0010 245.8256 0030900 134.8604 225.4630 14.78203950  3556
1 41184U 15081F   16015.59430847 -.00000389 +00000-0 -24281-4 0  9999,2 41184 047.0011 243.1887 0030938 137.6160 222.7127 14.78202982003631
1 41184U 15081F   16015.79707647 -.00002517  00000-0 -31240-3 0  9993,2 41184  47.0004 242.1958 0030541 135.7728 224.4797 14.78189551  3661
1 41184U 15081F   16016.67577561 -.00005599  00000-0 -73039-3 0  9996,2 41184  46.9995 237.9121 0030337 141.3006 219.0018 14.78166992  3791
1 41184U 15081F   16017.62205287 -.00020637  00000-0 -27816-2 0  9996,2 41184  46.9995 233.2964 0030341 145.7787 213.9786 14.78057252  3933
1 41184U 15081F   16018.63610544 -.00028130  00000-0 -38138-2 0  9999,2 41184  46.9987 228.3579 0030503 152.5166 207.5138 14.77969656  4084
1 41184U 15081F   16018.90654806 -.00028684 +00000-0 -38917-2 0  9997,2 41184 046.9999 227.0367 0030185 151.9315 208.3307 14.77954402004128
1 41184U 15081F   16019.92057153 -.00018225 +00000-0 -24578-2 0  9990,2 41184 046.9992 222.0979 0030429 157.7706 202.7327 14.77961983004272
1 41184U 15081F   16019.98811902 -.00012982  00000-0 -17392-2 0  9996,2 41184  47.0063 221.7717 0031682 155.1324 205.1251 14.77981655  4281
1 41184U 15081F   16020.52891389 -.00011063  00000-0 -14773-2 0  9994,2 41184  47.0041 219.1372 0032149 158.6287 201.6324 14.77978343  4361
1 41184U 15081F   16020.66410616 -.00008354  00000-0 -11066-2 0  9990,2 41184  47.0058 218.4907 0033920 163.2968 196.9890 14.77990610  4388
1 41184U 15081F   16021.00208568  .00000201  00000-0  55622-4 0  9999,2 41184  46.9982 216.8275 0030159 162.3280 197.9163 14.78014399  4432
1 41184U 15081F   16021.54286631  .00001565  00000-0  21216-3 0  9990,2 41184  46.9997 214.1910 0030761 165.6314 194.5970 14.78017939  4463
1 41184U 15081F   16021.54293965 -.00018493  00000-0  00000+0 0  9991,2 41184  46.9909 214.1754 0029910 170.3466 189.8533 14.77908296  4463
1 41184U 15081F   16021.74565179 +.00000466 +00000-0 +91660-4 0  9999,2 41184 046.9981 213.2015 0030193 166.0426 194.1342 14.78016492004541
1 41184U 15081F   16022.01604214  .00000662  00000-0  11833-3 0  9995,2 41184  46.9991 211.8846 0030243 167.2982 192.8688 14.78017696  4583
1 41184U 15081F   16022.89481073 +.00000940 +00000-0 +15609-3 0  9991,2 41184 046.9988 207.6002 0030223 171.5532 188.5896 14.78020786004715
1 41184U 15081F   16023.36799279  .00001126  00000-0  18135-3 0  9998,2 41184  46.9991 205.2933 0030257 173.7464 186.3826 14.78022848  4788
1 41184U 15081F   16023.90877223 +.00001148 +00000-0 +18433-3 0  9999,2 41184 046.9991 202.6580 0030376 176.5289 183.5831 14.78024188004868
1 41184U 15081F   16024.44955147  .00001149  00000-0  18437-3 0  9996,2 41184  46.9993 200.0211 0030367 179.0799 181.0181 14.78025676  4940
1 41184U 15081F   16024.51714830 -.00006078  00000-0 -80001-3 0  9990,2 41184  46.9928 199.6837 0028559 180.0669 179.7375 14.77972326  4955
1 41184U 15081F   16026.81615023  .00000448  00000-0  90454-4 0  9996,2 41184  46.9991 188.4973 0027466 192.1345 167.8889 14.77328922  5296
1 41184U 15081F   16026.88377952 -.00059147  00000-0 -81916-2 0  9992,2 41184  46.9855 188.1535 0026016 201.6833 158.4500 14.77515920  5308
1 41184U 15081F   16027.62760057 -.00120326  00000-0 -16949-1 0  9998,2 41184  46.9897 184.5397 0027141 201.2524 158.2014 14.77225544  5413
1 41184U 15081F   16027.83060424 -.00115541  00000-0 -16270-1 0  9992,2 41184  46.9920 183.5560 0027938 200.2030 159.8166 14.77192051  5440
1 41184U 15081F   16028.70979388 -.00007129  00000-0  00000+0 0  9990,2 41184  46.9983 179.2761 0027723 201.5116 158.5120 14.77300956  5570
1 41184U 15081F   16028.84521142 -.00080988  00000-0 -11355-1 0  9998,2 41184  46.9920 178.6148 0028029 204.9641 155.7230 14.77129495  5593
1 41184U 15081F   16029.38619721 -.00089393  00000-0 -12596-1 0  9996,2 41184  46.9924 175.9806 0026615 210.1956 149.7037 14.77009247  5674
1 41184U 15081F   16029.79210747 -.00091430  00000-0 -12915-1 0  9996,2 41184  46.9827 173.9901 0026779 212.4327 147.5143 14.76915806  5735
1 41184U 15081F   16030.80681469 -.00077674  00000-0 -10966-1 0  9991,2 41184  46.9982 169.0845 0027914 209.5615 150.3339 14.76815323  5887
1 41184U 15081F   16031.75400921 -.00007324  00000-0 -10039-2 0  9995,2 41184  47.0000 164.4610 0024327 216.2774 143.1725 14.76614412  6027
1 41184U 15081F   16032.49838472 -.00090614  00000-0 -12950-1 0  9990,2 41184  47.0000 160.8391 0024330 219.7905 140.0388 14.76460361  6136
1 41184U 15081F   16032.76902381 -.00000069  00000-0  18991-4 0  9999,2 41184  47.0000 159.5284 0024750 222.2201 137.6786 14.76622611  6172
1 41184U 15081F   16034.79887744  .00000398  00000-0  84721-4 0  9997,2 41184  47.0000 149.6491 0024252 231.8546 128.0286 14.76626179  6472
1 41184U 15081F   16035.67847450 +.00000659 +00000-0 +12147-3 0  9997,2 41184 047.0009 145.3705 0024512 235.6893 124.1678 14.76628877006602
1 41184U 15081F   16036.49041268  .00000648  00000-0  11998-3 0  9992,2 41184  47.0005 141.4232 0024636 239.5788 120.2640 14.76630025  6720
1 41184U 15081F   16036.69339778 +.00000684 +00000-0 +12508-3 0  9998,2 41184 047.0009 140.4363 0024615 240.5313 119.3123 14.76630588006753
1 41184U 15081F   16037.23468964 +.00000657 +00000-0 +12121-3 0  9990,2 41184 047.0010 137.8030 0024628 243.0510 116.7862 14.76631436006830
1 41184U 15081F   16038.31727272 -.00015412  00000-0 -21494-2 0  9999,2 41184  47.0002 132.5534 0027177 237.8991 121.2020 14.76511900  6995
1 41184U 15081F   16038.79112329 -.00027477  00000-0 -38735-2 0  9992,2 41184  47.0083 130.2399 0024264 251.3043 108.4759 14.76434772  7067
1 41184U 15081F   16039.80620956 -.00005336  00000-0 -73313-3 0  9997,2 41184  46.9951 125.3075 0022765 255.8992 102.6093 14.76082754  7214
1 41184U 15081F   16040.14489308  .00007870  00000-0  11502-2 0  9994,2 41184  46.9970 123.6605 0022861 257.6845 102.1895 14.76103941  7261
1 41184U 15081F   16040.34794243  .00000940  00000-0  16298-3 0  9992,2 41184  46.9973 122.6729 0022622 259.4490 100.3568 14.76093610  7292
1 41184U 15081F   16040.55100645 +.00002341 +00000-0 +36282-3 0  9994,2 41184 046.9986 121.6869 0022510 260.2263 099.6100 14.76096753007321
1 41184U 15081F   16041.36323820  .00001156  00000-0  19387-3 0  9996,2 41184  46.9992 117.7380 0022608 264.1923  95.6285 14.76096879  7448
1 41184U 15081F   16041.70167062 +.00001244 +00000-0 +20632-3 0  9991,2 41184 047.0005 116.0951 0022587 265.5237 094.3065 14.76098107007493
1 41184U 15081F   16042.37853013  .00000597  00000-0  11413-3 0  9990,2 41184  47.0011 112.8053 0022635 268.2723  91.5488 14.76097379  7590
1 41184U 15081F   16042.64927585 +.00000927 +00000-0 +16116-3 0  9998,2 41184 047.0011 111.4901 0022564 269.7921 090.0381 14.76099479007638
1 41184U 15081F   16043.39382089  .00001035  00000-0  17650-3 0  9990,2 41184  47.0016 107.8714 0022585 272.7476  87.0820 14.76101718  7742
1 41184U 15081F   16043.66456442 +.00001105 +00000-0 +18661-3 0  9996,2 41184 047.0012 106.5544 0022531 274.0230 085.8087 14.76102772007785
1 41184U 15081F   16044.61216661  .00001171  00000-0  19600-3 0  9996,2 41184  47.0019 101.9498 0022414 277.9994  81.8371 14.76105496  7922
1 41184U 15081F   16045.55976668 +.00001119 +00000-0 +18849-3 0  9996,2 41184 047.0008 097.3438 0022480 282.0862 077.7521 14.76107686008066
1 41184U 15081F   16046.10125186  .00001162  00000-0  19472-3 0  9990,2 41184  47.0010  94.7115 0022477 284.5986  75.2426 14.76109402  8146
1 41184U 15081F   16046.50736599 +.00001101 +00000-0 +18592-3 0  9995,2 41184 047.0002 092.7376 0022379 286.4731 073.3708 14.76110026008207
1 41184U 15081F   16047.52264918  .00001048  00000-0  17835-3 0  9998,2 41184  46.9995  87.8035 0022472 291.2019  68.6449 14.76112246  8351
1 41184U 15081F   16048.87635956 +.00000901 +00000-0 +15748-3 0  9999,2 41184 046.9996 081.2237 0022569 298.1188 061.7402 14.76114871008555
1 41184U 15081F   16049.14710164  .00000962  00000-0  16617-3 0  9998,2 41184  46.9997  79.9080 0022606 299.5231  60.3422 14.76115895  8590
1 41184U 15081F   16049.48552784  .00001133  00000-0  19054-3 0  9996,2 41184  47.0005  78.2698 0022636 300.6527  59.2134 14.76117943  8643
1 41184U 15081F   16050.43312230 +.00001125 +00000-0 +18940-3 0  9997,2 41184 047.0003 073.6583 0022645 305.6148 054.2631 14.76119807008780
1 41184U 15081F   16051.04228923  .00001119  00000-0  18854-3 0  9997,2 41184  47.0007  70.6974 0022644 308.4343  51.4516 14.76121452  8872
1 41184U 15081F   16051.51608713 +.00000863 +00000-0 +15205-3 0  9990,2 41184 047.0011 068.3948 0022638 310.8777 049.0147 14.76121084008945
1 41184U 15081F   16052.05756868  .00000847  00000-0  14977-3 0  9992,2 41184  47.0011  65.7623 0022615 313.3484  46.5526 14.76122195  9021
1 41184U 15081F   16052.86979118 +.00000660 +00000-0 +12305-3 0  9992,2 41184 047.0012 061.8134 0022603 317.2284 042.6861 14.76122747009149
1 41184U 15081F   16053.14053151  .00000525  00000-0  10377-3 0  9991,2 41184  47.0018  60.5009 0022548 318.3391  41.5739 14.76122694  9188
1 41184U 15081F   16053.88506906 +.00000579 +00000-0 +11148-3 0  9999,2 41184 047.0033 056.8837 0022515 321.8066 038.1233 14.76124131009295
1 41184U 15081F   16054.15580941  .00000530  00000-0  10448-3 0  9990,2 41184  47.0033  55.5678 0022447 322.8571  37.0770 14.76124312  9330
1 41184U 15081F   16054.83266034 +.00000573 +00000-0 +11069-3 0  9996,2 41184 047.0033 052.2779 0022399 326.0113 033.9346 14.76125405009439
1 41184U 15081F   16055.37414132  .00000395  00000-0  85265-4 0  9992,2 41184  47.0025  49.6464 0022364 328.5896  31.3656 14.76125293  9518
1 41184U 15081F   16055.44182647 +.00000410 +00000-0 +87474-4 0  9995,2 41184 047.0028 049.3180 0022352 328.8992 031.0573 14.76125446009526
1 41184U 15081F   16056.79552734  .00000397  00000-0  85616-4 0  9992,2 41184  47.0024  42.7378 0022300 335.1952  24.7874 14.76126999  9727
1 41184U 15081F   16057.74311710 +.00000436 +00000-0 +91132-4 0  9999,2 41184 047.0022 038.1321 0022300 339.7075 020.2932 14.76128293009868
1 41184U 15081F   16058.01385682  .00000485  00000-0  98160-4 0  9991,2 41184  47.0019  36.8162 0022221 340.7920  19.2173 14.76129061  9909
1 41184U 15081F   16058.75838996 +.00000541 +00000-0 +10614-3 0  9993,2 41184 047.0018 033.1974 0022137 344.1870 015.8328 14.76130193010013
1 41184U 15081F   16059.02912941  .00000499  00000-0  10019-3 0  9998,2 41184  47.0016  31.8816 0022216 345.6816  14.3426 14.76130444 10051
1 41184U 15081F   16059.90903332 +.00000461 +00000-0 +94695-4 0  9991,2 41184 047.0025 027.6055 0022202 349.7543 010.2906 14.76131435010189
1 41184U 15081F   16060.31514241  .00000390  00000-0  84540-4 0  9994,2 41184  47.0023  25.6333 0022160 351.6532   8.3984 14.76131544 10249
1 41184U 15081F   16060.92430582 +.00000395 +00000-0 +85271-4 0  9993,2 41184 047.0022 022.6722 0022151 354.4778 005.5881 14.76132335010334
1 41184U 15081F   16061.33041419  .00000433  00000-0  90672-4 0  9990,2 41184  47.0025  20.6999 0022146 356.3607   3.7111 14.76132946 10397
1 41184U 15081F   16061.87189248 +.00000412 +00000-0 +87780-4 0  9995,2 41184 047.0029 018.0681 0022203 358.8925 001.1922 14.76133653010471
1 41184U 15081F   16062.68410822  .00000575  00000-0  11099-3 0  9999,2 41184  47.0028  14.1199 0022206   2.7130 357.3880 14.76135458 10594
1 41184U 15081F   16063.69937689  .00000673  00000-0  12495-3 0  9996,2 41184  47.0036   9.1854 0022165   7.5134 352.6092 14.76137700 10748
1 41184U 15081F   16064.71464540  .00000594  00000-0  11374-3 0  9998,2 41184  47.0034   4.2499 0022145  12.2228 347.9217 14.76138778 10890
1 41184U 15081F   16065.66222642 +.00000773 +00000-0 +13913-3 0  9998,2 41184 047.0043 359.6429 0022159 016.7260 343.4366 14.76141470011036
1 41184U 15081F   16066.00064798  .00000704  00000-0  12934-3 0  9999,2 41184  47.0041 357.9982 0022192  18.3941 341.7722 14.76141735 11086
1 41184U 15081F   16066.74517635 +.00000884 +00000-0 +15504-3 0  9998,2 41184 047.0041 354.3803 0022139 021.8691 338.3196 14.76143998011193
1 41184U 15081F   16067.28664902  .00000898  00000-0  15699-3 0  9998,2 41184  47.0049 351.7495 0022074  24.4630 335.7290 14.76145109 11270
1 41184U 15081F   16067.76043836 +.00000908 +00000-0 +15837-3 0  9994,2 41184 047.0048 349.4463 0022045 026.6728 333.5312 14.76146339011343
1 41184U 15081F   16068.64033063  .00001012  00000-0  17318-3 0  9996,2 41184  47.0046 345.1690 0022047  30.8023 329.4171 14.76148908 11478
1 41184U 15081F   16068.84338232 +.00000945 +00000-0 +16369-3 0  9993,2 41184 047.0048 344.1817 0022008 031.7672 328.4543 14.76149140011502
1 41184U 15081F   16069.85864041 +.00001160 +00000-0 +19429-3 0  9997,2 41184 047.0037 339.2507 0021872 036.7820 323.4579 14.76152705011650
1 41184U 15081F   16070.12937532  .00001127  00000-0  18955-3 0  9991,2 41184  47.0033 337.9355 0021810  38.1041 322.1381 14.76153195 11690
1 41184U 15081F   16070.87389692 +.00000903 +00000-0 +15769-3 0  9992,2 41184 047.0029 334.3182 0021687 041.5754 318.6771 14.76153918011804
1 41184U 15081F   16071.14463197  .00000966  00000-0  16673-3 0  9990,2 41184  47.0026 333.0028 0021710  42.8661 317.3921 14.76154822 11846
1 41184U 15081F   16071.82146823 +.00000842 +00000-0 +14905-3 0  9998,2 41184 047.0026 329.7122 0021719 046.0706 314.1955 14.76155818011947
1 41184U 15081F   16072.22756487  .00002547  00000-0  39175-3 0  9996,2 41184  47.0031 327.7410 0021679  48.8145 311.4747 14.76166456 12000
1 41184U 15081F   16072.83670969 +.00002534 +00000-0 +38991-3 0  9994,2 41184 047.0031 324.7793 0021678 051.6877 308.5969 14.76169876012095
1 41184U 15081F   16073.10744120  .00004749  00000-0  70506-3 0  9994,2 41184  47.0039 323.4618 0021060  53.9105 306.4381 14.76183849 12135
1 41184U 15081F   16073.78424853 +.00005496 +00000-0 +81104-3 0  9992,2 41184 047.0038 320.1709 0021523 056.0221 304.2708 14.76194701012235
1 41184U 15081F   16074.19033998  .00005981  00000-0  87982-3 0  9993,2 41184  47.0038 318.1985 0021435  58.0249 302.2747 14.76200407 12290
1 41184U 15081F   16074.79947170 +.00006021 +00000-0 +88544-3 0  9996,2 41184 047.0038 315.2368 0021427 060.9609 299.3433 14.76208119012382
1 41184U 15081F   16075.07019593  .00004146  00000-0  61899-3 0  9997,2 41184  47.0036 313.9232 0021566  62.4153 297.8369 14.76200208 12427
1 41184U 15081F   16075.74702321  .00002893  00000-0  44064-3 0  9991,2 41184  47.0038 310.6294 0021760  64.6511 295.6531 14.76199498 12525
1 41184U 15081F   16076.15311976  .00000567  00000-0  10979-3 0  9993,2 41184  47.0036 308.6583 0021543  67.4175 292.8924 14.76190884 12588
1 41184U 15081F   16076.76225820 +.00000499 +00000-0 +10003-3 0  9994,2 41184 047.0036 305.6966 0021542 070.2910 290.0271 14.76191318012676
1 41184U 15081F   16077.70980452  .00000486  00000-0  98203-4 0  9993,2 41184  47.0038 301.0899 0021512  74.8358 285.4920 14.76192746 12817
1 41184U 15081F   16078.79271167  .00000555  00000-0  10799-3 0  9999,2 41184  47.0026 295.8310 0021511  80.1806 280.1458 14.76194672 12974
1 41184U 15081F   16079.80793776  .00000512  00000-0  10187-3 0  9991,2 41184  47.0018 290.8970 0021520  84.9279 275.4056 14.76195904 13126
1 41184U 15081F   16080.68779818 +.00000530 +00000-0 +10442-3 0  9994,2 41184 047.0024 286.6199 0021541 089.2185 271.1164 14.76197380013253
1 41184U 15081F   16081.36461340  .00000425  00000-0  89561-4 0  9990,2 41184  47.0025 283.3301 0021570  92.2553 268.0773 14.76197845 13356
1 41184U 15081F   16081.63534005 +.00000437 +00000-0 +91216-4 0  9992,2 41184 047.0026 282.0138 0021560 093.5497 266.7868 14.76198272013390
1 41184U 15081F   16082.92128750  .00000311  00000-0  73270-4 0  9992,2 41184  47.0020 275.7628 0021577 100.0775 260.2544 14.76199040 13583
1 41184U 15081F   16084.34259748  .00000250  00000-0  64512-4 0  9993,2 41184  47.0020 268.8519 0021576 106.7833 253.5503 14.76200150 13790
1 41184U 15081F   16084.88404673 +.00000191 +00000-0 +56227-4 0  9999,2 41184 046.9991 266.2255 0021349 110.0704 250.2482 14.76199928013876
1 41184U 15081F   16085.56085973  .00000013  00000-0  30817-4 0  9993,2 41184  46.9992 262.9346 0021315 112.9828 247.3313 14.76199951 13979
1 41184U 15081F   16086.71143995  .00000136  00000-0  48348-4 0  9994,2 41184  46.9990 257.3384 0021314 118.8848 241.4151 14.76201090 14146
1 41184U 15081F   16087.79433952  .00000032  00000-0  33494-4 0  9999,2 41184  47.0011 252.0759 0021437 124.1568 236.1346 14.76201795 14302
1 41184U 15081F   16088.74187441 +.00000194 +00000-0 +56634-4 0  9994,2 41184 047.0009 247.4695 0021379 128.7392 231.5387 14.76203257014440
1 41184U 15081F   16089.41868566  .00000234  00000-0  62256-4 0  9995,2 41184  47.0010 244.1792 0021398 132.0092 228.2637 14.76204062 14547
1 41184U 15081F   16089.82477196 +.00000276 +00000-0 +68276-4 0  9999,2 41184 047.0007 242.2060 0021425 134.0420 226.2268 14.76204649014604
1 41184U 15081F   16090.56926152  .00000239  00000-0  62977-4 0  9994,2 41184  47.0002 238.5870 0021487 137.8619 222.3883 14.76205091 14719
1 41184U 15081F   16091.58447505  .00000316  00000-0  73876-4 0  9993,2 41184  46.9991 233.6530 0021590 143.1081 217.1260 14.76206430 14866
1 41184U 15081F   16091.71983761 +.00000491 +00000-0 +98800-4 0  9995,2 41184 046.9991 232.9963 0021613 143.7178 216.5184 14.76207315014880
1 41184U 15081F   16092.66736778  .00000647  00000-0  12105-3 0  9990,2 41184  46.9981 228.3895 0021429 148.2524 211.9634 14.76209421 15028
1 41184U 15081F   16093.75026093  .00000289  00000-0  70095-4 0  9998,2 41184  47.0003 223.1295 0021912 153.4668 206.7351 14.76209559 15183
1 41184U 15081F   16094.76547135  .00000316  00000-0  73965-4 0  9995,2 41184  47.0005 218.1940 0021903 158.1009 202.0835 14.76210952 15339
1 41184U 15081F   16095.78068135  .00000299  00000-0  71498-4 0  9995,2 41184  47.0008 213.2592 0021727 162.6056 197.5593 14.76211982 15486
1 41184U 15081F   16096.52516755 +.00000389 +00000-0 +84254-4 0  9998,2 41184 047.0004 209.6391 0021602 165.9132 194.2354 14.76213022015599
1 41184U 15081F   16097.33733409  .00000409  00000-0  87103-4 0  9994,2 41184  47.0006 205.6913 0021722 169.8012 190.3331 14.76214130 15717
1 41184U 15081F   16097.74341715 +.00000412 +00000-0 +87558-4 0  9992,2 41184 047.0005 203.7179 0021732 171.5511 188.5757 14.76214698015770
1 41184U 15081F   16098.35254137  .00000370  00000-0  81512-4 0  9998,2 41184  47.0007 200.7564 0021717 174.5082 185.6076 14.76215398 15866
1 41184U 15081F   16098.55558221 +.00000445 +00000-0 +92201-4 0  9991,2 41184 047.0010 199.7689 0021724 175.4211 184.6887 14.76215908015896
1 41184U 15081F   16099.50310723  .00000430  00000-0  90030-4 0  9992,2 41184  47.0009 195.1625 0021835 179.8169 180.2722 14.76217088 16035
1 41184U 15081F   16099.57078784 +.00000450 +00000-0 +92890-4 0  9995,2 41184 047.0009 194.8335 0021788 180.2262 179.8621 14.76217212016048
1 41184U 15081F   16100.72135350  .00000483  00000-0  97614-4 0  9993,2 41184  47.0026 189.2439 0021962 185.5762 174.4887 14.76218991 16216
1 41184U 15081F   16101.53351665 +.00000465 +00000-0 +95028-4 0  9999,2 41184 047.0029 185.2960 0021984 189.4423 170.6063 14.76220071016334
1 41184U 15081F   16102.07495826  .00000504  00000-0  10064-3 0  9997,2 41184  47.0028 182.6630 0021968 191.9654 168.0733 14.76221052 16418
1 41184U 15081F   16102.54871975 +.00000425 +00000-0 +89314-4 0  9999,2 41184 047.0023 180.3602 0021996 194.2180 165.8093 14.76221107016480
1 41184U 15081F   16103.09016114  .00000487  00000-0  98114-4 0  9992,2 41184  47.0030 177.7285 0022028 196.6869 163.3314 14.76222212 16568
1 41184U 15081F   16103.49624232 +.00000373 +00000-0 +82000-4 0  9993,2 41184 047.0027 175.7562 0022034 198.6217 161.3867 14.76222155016620
1 41184U 15081F   16104.30840370  .00000284  00000-0  69335-4 0  9994,2 41184  47.0025 171.8114 0022085 202.2488 157.7398 14.76222623 16747
1 41184U 15081F   16104.98520577 +.00000298 +00000-0 +71237-4 0  9991,2 41184 047.0021 168.5206 0022113 205.4127 154.5686 14.76223313016848
1 41184U 15081F   16105.59432649  .00000361  00000-0  80182-4 0  9991,2 41184  47.0017 165.5590 0022036 208.6122 151.3565 14.76224147 16937
1 41184U 15081F   16106.54184652 +.00000455 +00000-0 +93621-4 0  9991,2 41184 047.0014 160.9526 0022073 213.2487 146.7021 14.76225779017072
1 41184U 15081F   16107.01560639  .00000596  00000-0  11358-3 0  9999,2 41184  47.0014 158.6488 0022073 215.4842 144.4622 14.76227147 17143
1 41184U 15081F   16107.62472572 +.00000565 +00000-0 +10925-3 0  9999,2 41184 047.0015 155.6882 0022207 218.2788 141.6535 14.76227578017238
1 41184U 15081F   16108.09848499  .00000602  00000-0  11443-3 0  9994,2 41184  47.0015 153.3845 0022207 220.5144 139.4102 14.76228492 17303
1 41184U 15081F   16108.50456535 +.00000314 +00000-0 +73492-4 0  9999,2 41184 047.0023 151.4121 0022232 222.5478 137.3676 14.76227663017366
1 41184U 15081F   16109.45208424  .00000249  00000-0  64275-4 0  9992,2 41184  47.0023 146.8063 0022340 227.0241 132.8756 14.76228345 17500
1 41184U 15081F   16109.51976458 +.00000255 +00000-0 +65211-4 0  9996,2 41184 047.0023 146.4772 0022340 227.3434 132.5583 14.76228389017514
1 41184U 15081F   16110.46728347  .00000222  00000-0  60504-4 0  9998,2 41184  47.0018 141.8720 0022331 231.7907 128.0968 14.76229124 17654
1 41184U 15081F   16110.60264340 +.00000241 +00000-0 +63215-4 0  9995,2 41184 047.0027 141.2163 0022367 232.3527 127.5324 14.76229366017673
1 41184U 15081F   16111.55016190  .00000221  00000-0  60311-4 0  9990,2 41184  47.0025 136.6109 0022525 236.4071 123.4667 14.76230000 17812
1 41184U 15081F   16112.49768079 +.00000174 +00000-0 +53670-4 0  9991,2 41184 047.0017 132.0038 0022457 240.8855 118.9797 14.76230465017950
1 41184U 15081F   16113.03911960  .00000155  00000-0  50951-4 0  9999,2 41184  47.0015 129.3707 0022509 243.4107 116.4493 14.76230834 18033
1 41184U 15081F   16113.51287912 +.00000136 +00000-0 +48253-4 0  9996,2 41184 047.0009 127.0684 0022482 245.6430 114.2117 14.76230836018107
1 41184U 15081F   16114.05431805  .00000148  00000-0  49915-4 0  9997,2 41184  47.0009 124.4361 0022501 248.1477 111.7030 14.76231314 18187
1 41184U 15081F   16114.46039725 +.00000199 +00000-0 +57239-4 0  9991,2 41184 047.0010 122.4628 0022484 249.9434 109.9042 14.76231824018240
1 41184U 15081F   16115.27255582  .00000021  00000-0  31801-4 0  9993,2 41184  47.0011 118.5141 0022413 253.8593 105.9801 14.76231448 18363
1 41184U 15081F   16115.47559605 +.00000021 +00000-0 +31875-4 0  9999,2 41184 047.0015 117.5274 0022418 254.7194 105.1222 14.76231615018393
1 41184U 15081F   16116.42311414  .00000091  00000-0  41750-4 0  9999,2 41184  47.0014 112.9209 0022420 259.0222 100.8154 14.76232445 18536
1 41184U 15081F   16117.43831242  .00000060  00000-0  37391-4 0  9999,2 41184  47.0015 107.9868 0022420 263.5562  96.2778 14.76232776 18682
1 41184U 15081F   16117.77671176 +.00000046 +00000-0 +35359-4 0  9990,2 41184 047.0015 106.3411 0022412 265.2613 094.5720 14.76232935018737
1 41184U 15081F   16118.92726949 +.00000135 +00000-0 +48126-4 0  9992,2 41184 047.0021 100.7478 0022425 270.4769 089.3567 14.76234015018900
1 41184U 15081F   16119.13030879  .00000110  00000-0  44521-4 0  9994,2 41184  47.0018  99.7612 0022400 271.4971  88.3342 14.76234009 18938
1 41184U 15081F   16119.94246731 +.00000126 +00000-0 +46853-4 0  9996,2 41184 047.0019 095.8130 0022392 275.3299 084.5046 14.76234678019052
1 41184U 15081F   16120.14550670  .00000097  00000-0  42666-4 0  9995,2 41184  47.0020  94.8257 0022415 276.1469  83.6866 14.76234598 19081
1 41184U 15081F   16120.88998512 +.00000205 +00000-0 +58050-4 0  9992,2 41184 047.0018 091.2069 0022422 279.5997 080.2383 14.76235613019199
1 41184U 15081F   16121.36374386  .00000181  00000-0  54644-4 0  9991,2 41184  47.0019  88.9044 0022391 281.8429  77.9949 14.76235772 19262
1 41184U 15081F   16121.90518278 +.00000184 +00000-0 +55013-4 0  9995,2 41184 047.0020 086.2720 0022422 284.4700 075.3730 14.76236300019349
1 41184U 15081F   16122.37894152  .00000152  00000-0  50542-4 0  9992,2 41184  47.0026  83.9699 0022403 286.5503  73.2934 14.76236418 19418
1 41184U 15081F   16122.71734048 +.00000157 +00000-0 +51189-4 0  9990,2 41184 047.0026 082.3244 0022405 288.1379 071.7075 14.76236688019461
1 41184U 15081F   16123.66485762  .00000284  00000-0  69308-4 0  9994,2 41184  47.0026  77.7213 0022383 292.7284  67.1243 14.76238163 19608
1 41184U 15081F   16124.81541282  .00000495  00000-0  99306-4 0  9997,2 41184  47.0020  72.1278 0022399 298.2298  61.6360 14.76240549 19773
1 41184U 15081F   16125.76292757 +.00000632 +00000-0 +11879-3 0  9993,2 41184 047.0021 067.5230 0022406 302.7459 057.1287 14.76242574019913
1 41184U 15081F   16125.96596610  .00000548  00000-0  10686-3 0  9991,2 41184  47.0022  66.5359 0022405 303.6567  56.2170 14.76242444 19944
1 41184U 15081F   16126.64276290 +.00000539 +00000-0 +10558-3 0  9994,2 41184 047.0024 063.2465 0022414 306.8605 053.0237 14.76243321020043
1 41184U 15081F   16127.31955923  .00000388  00000-0  84083-4 0  9993,2 41184  47.0023  59.9574 0022379 309.9031  49.9896 14.76243483 20147
1 41184U 15081F   16127.79331621 +.00000403 +00000-0 +86165-4 0  9999,2 41184 047.0022 057.6538 0022380 312.1742 047.7250 14.76244113020217
1 41184U 15081F   16128.80851055  .00000366  00000-0  80896-4 0  9993,2 41184  47.0012  52.7212 0022308 316.9584  42.9580 14.76244986 20364
1 41184U 15081F   16129.89138166 +.00000475 +00000-0 +96439-4 0  9995,2 41184 047.0013 047.4571 0022195 321.6521 038.2789 14.76246833020522
1 41184U 15081F   16130.09442011  .00000477  00000-0  96738-4 0  9990,2 41184  47.0014  46.4697 0022201 322.6648  37.2696 14.76247081 20555
1 41184U 15081F   16130.83889303 +.00000573 +00000-0 +11032-3 0  9991,2 41184 047.0019 042.8500 0022107 325.8812 034.0657 14.76248790020668
1 41184U 15081F   16131.17728994  .00000676  00000-0  12503-3 0  9995,2 41184  47.0019  41.2045 0022107 327.4778  32.4768 14.76249792 20718
1 41184U 15081F   16131.92176157 +.00000604 +00000-0 +11482-3 0  9992,2 41184 047.0019 037.5843 0022106 330.9904 028.9726 14.76250767020821
1 41184U 15081F   16132.12480009 +.00000621 +00000-0 +11720-3 0  9993,2 41184 047.0019 036.5969 0022106 331.9483 028.0223 14.76251215020857
1 41184U 15081F   16133.00463032  .00000605  00000-0  11492-3 0  9996,2 41184  47.0022  32.3227 0021943 335.5070  24.4784 14.76252576 20989
1 41184U 15081F   16133.13998869 +.00000656 +00000-0 +12222-3 0  9999,2 41184 047.0022 031.6645 0021943 336.1456 023.8423 14.76252964021008
1 41184U 15081F   16134.76428945 +.00000237 +00000-0 +62622-4 0  9997,2 41184 047.0018 023.7699 0022084 345.0526 014.9538 14.76253355021247
1 41184U 15081F   16135.03500953  .00000337  00000-0  76851-4 0  9998,2 41184  47.0015  22.4538 0022090 346.6214  13.4092 14.76254162 21280
1 41184U 15081F   16135.77947966 +.00000344 +00000-0 +77865-4 0  9992,2 41184 047.0014 018.8335 0022140 350.4726 009.5707 14.76255182021394
1 41184U 15081F   16136.05019685  .00000452  00000-0  93161-4 0  9999,2 41184  47.0021  17.5170 0021938 350.9413   9.1183 14.76256195 21431
1 41184U 15081F   16136.79466446 +.00000501 +00000-0 +10011-3 0  9998,2 41184 047.0021 013.8987 0021880 354.3035 005.7603 14.76257392021541
1 41184U 15081F   16137.47145467  .00000559  00000-0  10839-3 0  9992,2 41184  47.0021  10.6073 0021889 357.4821   2.5969 14.76258600 21642
1 41184U 15081F   16137.74217032 +.00000499 +00000-0 +99913-4 0  9994,2 41184 047.0022 009.2914 0021815 358.6472 001.4351 14.76258651021688
1 41184U 15081F   16138.48663918  .00000360  00000-0  80065-4 0  9999,2 41184  47.0021   5.6731 0021713   2.0856 358.0110 14.76258977 21794
1 41184U 15081F   16138.68967630 +.00000336 +00000-0 +76661-4 0  9999,2 41184 047.0019 004.6859 0021683 003.0462 357.0556 14.76259066021828
1 41184U 15081F   16139.02807107 +.00000339 +00000-0 +77096-4 0  9996,2 41184 047.0017 003.0397 0021648 004.6951 355.4143 14.76259386021871
1 41184U 15081F   16139.97557580  .00000362  00000-0  80376-4 0  9998,2 41184  47.0028 358.4352 0021707   9.0533 351.0723 14.76260556 22016
1 41184U 15081F   16140.58468606 +.00000316 +00000-0 +73785-4 0  9992,2 41184 047.0030 355.4781 0021034 011.2676 348.8780 14.76261173022101
1 41184U 15081F   16140.99075825  .00000331  00000-0  75928-4 0  9992,2 41184  47.0002 353.5086 0020686  12.6003 347.5473 14.76261204 22164
1 41184U 15081F   16141.66754410 +.00000391 +00000-0 +84514-4 0  9998,2 41184 047.0002 350.2173 0020686 015.7940 344.3576 14.76262403022261
1 41184U 15081F   16142.00593825  .00000515  00000-0  10214-3 0  9991,2 41184  47.0002 348.5717 0020686  17.3908 342.7704 14.76263352 22312
1 41184U 15081F   16142.68272497 +.00000384 +00000-0 +83548-4 0  9999,2 41184 047.0002 345.2805 0020686 020.5844 339.5857 14.76263696022414
1 41184U 15081F   16143.35951346  .00000383  00000-0  83396-4 0  9991,2 41184  47.0008 341.9907 0020847  23.9642 336.2225 14.76264409 22515
1 41184U 15081F   16143.83326596 -.00000009 +00000-0 +27619-4 0  9999,2 41184 047.0016 339.6866 0021084 026.2609 333.9319 14.76262734022589
1 41184U 15081F   16144.37469533  .00000172  00000-0  53339-4 0  9996,2 41184  47.0018 337.0546 0021048  29.3694 330.8373 14.76264357 22664
1 41184U 15081F   16144.91612384 +.00000285 +00000-0 +69468-4 0  9995,2 41184 047.0014 334.4222 0020956 031.7994 328.4168 14.76265468022747
1 41184U 15081F   16145.59290970  .00000229  00000-0  61491-4 0  9999,2 41184  47.0011 331.1325 0021026  35.0851 325.1396 14.76265855 22848
1 41184U 15081F   16146.87880269  .00000287  00000-0  69754-4 0  9991,2 41184  47.0012 324.8803 0021115  41.3351 318.9120 14.76267298 23033
1 41184U 15081F   16147.69094583 -.00000113 +00000-0 +12897-4 0  9993,2 41184 047.0020 320.9338 0020854 045.3291 314.9284 14.76265923023151
1 41184U 15081F   16148.30005300 -.00000218  00000-0 -20350-5 0  9992,2 41184  47.0020 317.9719 0020815  48.3032 311.9636 14.76265607 23240
1 41184U 15081F   16148.84148073 +.00000112 +00000-0 +44916-4 0  9990,2 41184 047.0025 315.3382 0021014 050.6788 309.5976 14.76267483023322
1 41184U 15081F   16149.45058660  .00000185  00000-0  55263-4 0  9997,2 41184  47.0031 312.3791 0020937  53.7480 306.5350 14.76268290 23416
1 41184U 15081F   16149.85665850 +.00000032 +00000-0 +33460-4 0  9992,2 41184 047.0041 310.4073 0021073 056.1916 304.0996 14.76267963023473
1 41184U 15081F   16150.87183443  .00000301  00000-0  71783-4 0  9998,2 41184  47.0043 305.4722 0021143  61.0523 299.2520 14.76269826 23622
1 41184U 15081F   16151.88700855  .00000396  00000-0  85258-4 0  9998,2 41184  47.0046 300.5376 0021189  66.2246 294.0881 14.76271308 23772
1 41184U 15081F   16152.56379010 +.00000312 +00000-0 +73340-4 0  9996,2 41184 047.0042 297.2472 0021219 069.3530 290.9611 14.76271889023872
1 41184U 15081F   16153.51128422  .00000206  00000-0  58260-4 0  9997,2 41184  47.0032 292.6424 0021207  74.0853 286.2297 14.76272244 24016
1 41184U 15081F   16153.71432014 +.00000200 +00000-0 +57410-4 0  9994,2 41184 047.0034 291.6556 0021185 075.1131 285.2105 14.76272392024043
1 41184U 15081F   16154.66181327  .00000229  00000-0  61449-4 0  9995,2 41184  47.0027 287.0495 0021129  79.6762 280.6492 14.76273318 24185
1 41184U 15081F   16155.74466269  .00000186  00000-0  55325-4 0  9994,2 41184  47.0022 281.7854 0021137  84.9543 275.3752 14.76273979 24346
1 41184U 15081F   16156.75983284  .00000247  00000-0  64092-4 0  9996,2 41184  47.0021 276.8514 0021092  89.8569 270.4739 14.76275066 24491
1 41184U 15081F   16157.77500234  .00000171  00000-0  53315-4 0  9991,2 41184  47.0021 271.9179 0021125  94.8398 265.4898 14.76275549 24640
1 41184U 15081F   16158.72249276 +.00000218 +00000-0 +59952-4 0  9998,2 41184 047.0026 267.3115 0021094 099.6672 260.6606 14.76276480024781
1 41184U 15081F   16159.12855980  .00000245  00000-0  63748-4 0  9996,2 41184  47.0026 265.3370 0021084 101.6381 258.6890 14.76276980 24846
1 41184U 15081F   16159.73765982 +.00000314 +00000-0 +73630-4 0  9993,2 41184 047.0024 262.3763 0021085 104.2558 256.0675 14.76277917024937
1 41184U 15081F   16160.54979276  .00000268  00000-0  66972-4 0  9996,2 41184  47.0022 258.4276 0021071 108.0436 252.2742 14.76278498 25054
1 41184U 15081F   16160.75282615 +.00000277 +00000-0 +68252-4 0  9996,2 41184 047.0024 257.4405 0021038 108.9435 251.3733 14.76278662025086
1 41184U 15081F   16161.70031385  .00000299  00000-0  71390-4 0  9999,2 41184  47.0024 252.8344 0021032 113.3511 246.9590 14.76279709 25226
1 41184U 15081F   16162.64780112 +.00000210 +00000-0 +58775-4 0  9997,2 41184 047.0022 248.2290 0020969 117.8776 242.4235 14.76280084025363
1 41184U 15081F   16163.12154447  .00000257  00000-0  65452-4 0  9998,2 41184  47.0024 245.9254 0020955 120.1912 240.1079 14.76280793 25439
1 41184U 15081F   16163.66296504 +.00000227 +00000-0 +61184-4 0  9993,2 41184 047.0021 243.2937 0020942 122.8026 237.4891 14.76280983025517
1 41184U 15081F   16164.20438526  .00000221  00000-0  60293-4 0  9990,2 41184  47.0021 240.6609 0020941 125.3999 234.8856 14.76281439 25597
1 41184U 15081F   16164.67812859 +.00000103 +00000-0 +43541-4 0  9992,2 41184 047.0019 238.3591 0020929 127.5405 232.7380 14.76281065025662
1 41184U 15081F   16165.28722650 -.00000002  00000-0  28562-4 0  9994,2 41184  47.0019 235.3976 0020983 130.8999 229.3724 14.76280959 25756
1 41184U 15081F   16165.62561382 +.00000089 +00000-0 +41570-4 0  9993,2 41184 047.0018 233.7547 0021006 132.6030 227.6638 14.76281579025804
1 41184U 15081F   16166.30238814  .00000091  00000-0  41781-4 0  9997,2 41184  47.0016 230.4658 0021053 135.8941 224.3602 14.76281963 25900
1 41184U 15081F   16167.11451825 +.00000104 +00000-0 +43713-4 0  9998,2 41184 047.0020 226.5181 0021103 139.8961 220.3503 14.76282559026026
1 41184U 15081F   16167.58825973  .00000151  00000-0  50303-4 0  9993,2 41184  47.0020 224.2150 0021153 142.3749 217.8625 14.76282997 26094
1 41184U 15081F   16168.60342129  .00000023  00000-0  32143-4 0  9994,2 41184  47.0024 219.2808 0021224 147.3461 212.8760 14.76283010 26246
1 41184U 15081F   16169.55090380 +.00000105 +00000-0 +43777-4 0  9994,2 41184 047.0017 214.6749 0021246 152.1444 208.0603 14.76283893026387
1 41184U 15081F   16170.02464479  .00000097  00000-0  42621-4 0  9999,2 41184  47.0017 212.3711 0021246 154.3799 205.8172 14.76284188 26450
1 41184U 15081F   16170.90445015 +.00000112 +00000-0 +44751-4 0  9995,2 41184 047.0015 208.0953 0021085 158.3079 201.8706 14.76284727026586
1 41184U 15081F   16171.17515935  .00000071  00000-0  38995-4 0  9991,2 41184  47.0010 206.7795 0021169 159.7358 200.4389 14.76284773 26626
1 41184U 15081F   16171.51354570 +.00000151 +00000-0 +50389-4 0  9995,2 41184 046.9998 205.1341 0021125 161.4541 198.7136 14.76285078026678
1 41184U 15081F   16172.46102742  .00000034  00000-0  33633-4 0  9995,2 41184  46.9998 200.5270 0021182 165.7921 194.3572 14.76285137 26818
1 41184U 15081F   16172.52870465 +.00000021 +00000-0 +31879-4 0  9992,2 41184 046.9998 200.1979 0021182 166.1115 194.0371 14.76284967026825
1 41184U 15081F   16173.47618636  .00000028  00000-0  32784-4 0  9990,2 41184  46.9997 195.5912 0021183 170.5977 189.5333 14.76285519 26960
1 41184U 15081F   16173.88224932 +.00000072 +00000-0 +39132-4 0  9990,2 41184 046.9996 193.6165 0021157 172.4895 187.6327 14.76285970027020
1 41184U 15081F   16174.89740626 +.00000174 +00000-0 +53542-4 0  9999,2 41184 047.0000 188.6810 0021206 177.3236 182.7778 14.76287283027178
1 41184U 15081F   16175.10043757  .00000100  00000-0  43025-4 0  9999,2 41184  46.9997 187.6942 0021310 178.4123 181.6836 14.76287026 27201
1 41184U 15081F   16175.84488565 +.00000232 +00000-0 +61841-4 0  9992,2 41184 046.9995 184.0744 0021387 181.8955 178.1862 14.76288155027311
1 41184U 15081F   16176.11559395  .00000187  00000-0  55368-4 0  9999,2 41184  46.9995 182.7583 0021418 183.1806 176.8952 14.76288227 27351
1 41184U 15081F   16176.86004177 +.00000308 +00000-0 +72543-4 0  9993,2 41184 046.9995 179.1378 0021418 186.6942 173.3697 14.76289486027460
1 41184U 15081F   16177.33378173  .00000142  00000-0  49014-4 0  9999,2 41184  47.0007 176.8372 0021375 188.8855 171.1669 14.76289150 27534
1 41184U 15081F   16177.46913571 +.00000112 +00000-0 +44796-4 0  9999,2 41184 047.0009 176.1801 0021353 189.4600 170.5861 14.76288991027558
1 41184U 15081F   16178.34893786  .00000213  00000-0  59132-4 0  9994,2 41184  47.0004 171.9016 0021388 193.6013 166.4325 14.76290076 27687
1 41184U 15081F   16178.41661452 +.00000289 +00000-0 +69841-4 0  9996,2 41184 047.0010 171.5739 0021479 193.7979 166.2336 14.76290532027693
1 41184U 15081F   16179.77015465  .00000227  00000-0  61080-4 0  9992,2 41184  47.0003 164.9936 0021488 200.0309 159.9742 14.76291328 27895
1 41184U 15081F   16180.92066221 +.00000327 +00000-0 +75352-4 0  9995,2 41184 047.0008 159.3998 0021516 205.4836 154.5000 14.76293016028066
1 41184U 15081F   16181.12369283  .00000190  00000-0  55894-4 0  9999,2 41184  47.0002 158.4139 0021565 206.3421 153.6348 14.76292540 28090
1 41184U 15081F   16181.93581620 +.00000296 +00000-0 +70886-4 0  9994,2 41184 047.0003 154.4649 0021535 210.1818 149.7849 14.76293777028212
1 41184U 15081F   16182.34187716  .00000203  00000-0  57627-4 0  9994,2 41184  47.0001 152.4921 0021678 212.1298 147.8252 14.76293546 28270
1 41184U 15081F   16182.95096963 +.00000187 +00000-0 +55422-4 0  9996,2 41184 047.0002 149.5304 0021688 214.9622 144.9846 14.76293921028369
1 41184U 15081F   16183.35703155  .00000054  00000-0  36431-4 0  9991,2 41184  47.0006 147.5573 0021605 216.9137 143.0251 14.76293531 28425
1 41184U 15081F   16183.69541638 +.00000020 +00000-0 +31607-4 0  9997,2 41184 047.0007 145.9116 0021569 218.6593 141.2757 14.76293632028473
1 41184U 15081F   16184.84592400 -.00000051  00000-0  21519-4 0  9994,2 41184  47.0003 140.3186 0021805 223.7945 136.1224 14.76293579 28647
1 41184U 15081F   16185.86107797 -.00000009  00000-0  27511-4 0  9999,2 41184  47.0006 135.3838 0021697 228.7731 131.1309 14.76294307 28790
1 41184U 15081F   16186.80855481 +.00000036 +00000-0 +34005-4 0  9999,2 41184 047.0002 130.7786 0021796 233.0602 126.8308 14.76294679028931
1 41184U 15081F   16186.94390834 -.00000046  00000-0  22328-4 0  9997,2 41184  47.0001 130.1212 0021815 233.5788 126.3082 14.76294406 28954
1 41184U 15081F   16187.82370830 +.00000109 +00000-0 +44243-4 0  9998,2 41184 047.0013 125.8450 0021826 237.7826 122.0980 14.76295761029083
1 41184U 15081F   16188.02673834  .00000018  00000-0  31419-4 0  9991,2 41184  47.0009 124.8582 0021801 238.7367 121.1358 14.76295311 29111
1 41184U 15081F   16188.63583118 +.00000057 +00000-0 +36965-4 0  9997,2 41184 047.0011 121.8970 0021784 241.6672 118.2022 14.76295698029207
1 41184U 15081F   16189.24492364  .00000044  00000-0  35083-4 0  9993,2 41184  47.0027 118.9371 0021757 244.3826 115.4814 14.76295959 29294
1 41184U 15081F   16189.85401568 +.00000043 +00000-0 +34881-4 0  9990,2 41184 047.0026 115.9752 0021740 247.3430 112.5160 14.76296265029382
1 41184U 15081F   16190.26007774 -.00000070  00000-0  18918-4 0  9992,2 41184  47.0022 114.0020 0021720 249.2064 110.6498 14.76295816 29449
1 41184U 15081F   16190.86917007 -.00000057 +00000-0 +20724-4 0  9990,2 41184 047.0018 111.0395 0021721 252.1322 107.7222 14.76296167029539
1 41184U 15081F   16191.27523070  .00000139  00000-0  48534-4 0  9998,2 41184  47.0020 109.0656 0021736 253.9477 105.9028 14.76297157 29595
1 41184U 15081F   16191.74896868 +.00000142 +00000-0 +48988-4 0  9995,2 41184 047.0024 106.7631 0021731 256.0808 103.7670 14.76297685029666
1 41184U 15081F   16192.76412210  .00000198  00000-0  56933-4 0  9993,2 41184  47.0014 101.8290 0021704 260.8099  99.0352 14.76298524 29811
1 41184U 15081F   16193.71159800 +.00000223 +00000-0 +60549-4 0  9999,2 41184 047.0015 097.2232 0021697 265.0177 094.8259 14.76299374029959
1 41184U 15081F   16193.77927444  .00000160  00000-0  51493-4 0  9990,2 41184  47.0015  96.8947 0021703 265.1724  94.6685 14.76299163 29962
1 41184U 15081F   16194.72674986 +.00000283 +00000-0 +68988-4 0  9999,2 41184 047.0013 092.2885 0021724 269.5510 090.2909 14.76300555030102
1 41184U 15081F   16194.86210314  .00000227  00000-0  61107-4 0  9999,2 41184  47.0014  91.6306 0021768 269.8497  89.9906 14.76300438 30123
1 41184U 15081F   16195.74190120 +.00000322 +00000-0 +74538-4 0  9997,2 41184 047.0018 087.3538 0021811 273.6372 086.2048 14.76301737030254
1 41184U 15081F   16196.08028495  .00000244  00000-0  63535-4 0  9998,2 41184  47.0010  85.7137 0022047 275.2308  84.6069 14.76301786 30307
1 41184U 15081F   16196.89240604 +.00000296 +00000-0 +70939-4 0  9998,2 41184 047.0010 081.7658 0022042 278.8996 080.9402 14.76302817030427
1 41184U 15081F   16197.09543628  .00000299  00000-0  71366-4 0  9991,2 41184  47.0010  80.7788 0022034 279.8226  80.0179 14.76303020 30450
1 41184U 15081F   16197.77220368 +.00000303 +00000-0 +71883-4 0  9999,2 41184 047.0010 077.4889 0022015 282.8886 076.9548 14.76303668030553
1 41184U 15081F   16198.11058725  .00000202  00000-0  57590-4 0  9991,2 41184  47.0010  75.8440 0021998 284.4297  75.4154 14.76303483 30609
1 41184U 15081F   16198.85503136 +.00000222 +00000-0 +60402-4 0  9991,2 41184 047.0010 072.2250 0021971 287.7753 072.0743 14.76304205030715
1 41184U 15081F   16199.12573822  .00000219  00000-0  60005-4 0  9996,2 41184  47.0010  70.9091 0021959 289.0081  70.8433 14.76304427 30750
1 41184U 15081F   16199.87018203 +.00000224 +00000-0 +60686-4 0  9996,2 41184 047.0010 067.2901 0021933 292.3576 067.4993 14.76305069030865
1 41184U 15081F   16200.81765563  .00000122  00000-0  46117-4 0  9991,2 41184  47.0011  62.6842 0021886 296.6394  63.2257 14.76305377 31007
1 41184U 15081F   16200.88533234 +.00000119 +00000-0 +45720-4 0  9991,2 41184 047.0011 062.3552 0021882 296.9485 062.9173 14.76305407031010
1 41184U 15081F   16201.83280588  .00000124  00000-0  46506-4 0  9997,2 41184  47.0011  57.7493 0021835 301.2359  58.6394 14.76306174 31154
1 41184U 15081F   16201.90048258 +.00000122 +00000-0 +46149-4 0  9992,2 41184 047.0011 057.4203 0021835 301.5484 058.3276 14.76306199031166
1 41184U 15081F   16202.71260239 +.00000211 +00000-0 +58876-4 0  9996,2 41184 047.0012 053.4724 0021805 305.2531 054.6322 14.76307354031280
1 41184U 15081F   16203.05098571  .00000135  00000-0  48057-4 0  9997,2 41184  47.0012  51.8275 0021786 306.7995  53.0899 14.76307192 31339
1 41184U 15081F   16203.86310552 +.00000129 +00000-0 +47141-4 0  9998,2 41184 047.0012 047.8795 0021738 310.4965 049.4034 14.76307734031452
1 41184U 15081F   16204.40451868  .00000087  00000-0  41146-4 0  9997,2 41184  47.0012  45.2476 0021716 312.9630  46.9441 14.76307869 31534
1 41184U 15081F   16204.87825515 +.00000102 +00000-0 +43355-4 0  9994,2 41184 047.0012 042.9447 0021696 315.1476 044.7663 14.76308255031606
1 41184U 15081F   16205.55502133  .00000098  00000-0  42831-4 0  9990,2 41184  47.0012  39.6547 0021660 318.2330  41.6909 14.76308700 31709
1 41184U 15081F   16205.89340450 +.00000080 +00000-0 +40290-4 0  9997,2 41184 047.0012 038.0097 0021634 319.7843 040.1449 14.76308797031752
1 41184U 15081F   16206.57017061  .00000048  00000-0  35723-4 0  9991,2 41184  47.0012  34.7196 0021599 322.8850  37.0549 14.76309046 31853
1 41184U 15081F   16206.90855377 +.00000036 +00000-0 +34018-4 0  9991,2 41184 047.0011 033.0747 0021581 324.4782 035.4673 14.76309164031906
1 41184U 15081F   16207.92369837 +.00000389 +00000-0 +84123-4 0  9998,2 41184 047.0012 028.1396 0021531 329.2252 030.7377 14.76317446032050
1 41184U 15081F   16207.99137461  .00000388  00000-0  83903-4 0  9995,2 41184  47.0012  27.8108 0021509 329.5151  30.4490 14.76317454 32066
1 41184U 15081F   16208.87116692 +.00000275 +00000-0 +67889-4 0  9996,2 41184 047.0012 023.5337 0021443 333.6121 026.3679 14.76317281032198
1 41184U 15081F   16209.48025339  .00000047  00000-0  35523-4 0  9998,2 41184  47.0013  20.5726 0021421 336.4454  23.5456 14.76317292 32288
1 41184U 15081F   16209.88631119 +.00000028 +00000-0 +32806-4 0  9991,2 41184 047.0013 018.5987 0021393 338.3480 021.6507 14.76317398032342
1 41184U 15081F   16210.49539757  .00000014  00000-0  30820-4 0  9994,2 41184  47.0014  15.6377 0021359 341.1738  18.8363 14.76317611 32430
1 41184U 15081F   16210.63075009 +.00000009 +00000-0 +30094-4 0  9992,2 41184 047.0014 014.9797 0021346 341.8056 018.2071 14.76317649032457
1 41184U 15081F   16211.84892263  .00000000  00000-0  28897-4 0  9994,2 41184  47.0015   9.0578 0021280 347.5197  12.5166 14.76318154 32630
1 41184U 15081F   16212.86406621 -.00000016  00000-0  26542-4 0  9999,2 41184  47.0016   4.1229 0021211 352.2765   7.7799 14.76318485 32789
1 41184U 15081F   16213.87920959 -.00000023  00000-0  25564-4 0  9997,2 41184  47.0016 359.1880 0021142 357.0413   3.0352 14.76318852 32930
1 41184U 15081F   16214.89435269 -.00000016  00000-0  26645-4 0  9998,2 41184  47.0016 354.2531 0021058   1.8012 358.2953 14.76319271 33089
1 41184U 15081F   16215.84181931 +.00000014 +00000-0 +30825-4 0  9990,2 41184 047.0016 349.6472 0020973 006.2307 353.8843 14.76319775033226
1 41184U 15081F   16216.51858088 -.00000000  00000-0  28887-4 0  9990,2 41184  47.0016 346.3571 0020920   9.4137 350.7144 14.76320005 33327
1 41184U 15081F   16216.78928546 +.00000010 +00000-0 +30333-4 0  9995,2 41184 047.0016 345.0412 0020897 010.6902 349.4431 14.76320167033361
1 41184U 15081F   16217.73675123  .00000039  00000-0  34371-4 0  9998,2 41184  47.0015 340.4352 0020831  15.1761 344.9753 14.76320753 33507
1 41184U 15081F   16218.75189237  .00000074  00000-0  39335-4 0  9991,2 41184  47.0015 335.5003 0020753  19.9859 340.1843 14.76321521 33656
1 41184U 15081F   16219.76703304  .00000110  00000-0  44542-4 0  9997,2 41184  47.0015 330.5653 0020687  24.8366 335.3518 14.76322324 33800
1 41184U 15081F   16220.78217297  .00000120  00000-0  45994-4 0  9995,2 41184  47.0015 325.6304 0020620  29.6825 330.5233 14.76323075 33959
1 41184U 15081F   16221.72963628 +.00000137 +00000-0 +48329-4 0  9999,2 41184 047.0014 321.0246 0020571 034.2218 325.9996 14.76323862034090
1 41184U 15081F   16222.47407125  .00000131  00000-0  47461-4 0  9997,2 41184  47.0014 317.4057 0020519  37.7852 322.4477 14.76324418 34200
1 41184U 15081F   16222.67709896 +.00000154 +00000-0 +50796-4 0  9999,2 41184 047.0013 316.4188 0020515 038.7569 321.4792 14.76324681034239
1 41184U 15081F   16223.48920922  .00000200  00000-0  57364-4 0  9994,2 41184  47.0012 312.4708 0020466  42.6631 317.5847 14.76325560 34358
1 41184U 15081F   16223.69223671 +.00000210 +00000-0 +58677-4 0  9993,2 41184 047.0012 311.4839 0020465 043.6648 316.5860 14.76325772034382
1 41184U 15081F   16224.70737385 +.00000192 +00000-0 +56206-4 0  9993,2 41184 047.0011 306.5490 0020417 048.5775 311.6868 14.76326445034530
1 41184U 15081F   16225.65483441 +.00000226 +00000-0 +60931-4 0  9997,2 41184 047.0009 301.9431 0020374 053.1642 307.1116 14.76327329034671
1 41184U 15081F   16226.19624007  .00000196  00000-0  56759-4 0  9991,2 41184  47.0008 299.3110 0020345  55.7834 304.4983 14.76327607 34753
1 41184U 15081F   16226.66997008 +.00000213 +00000-0 +59097-4 0  9995,2 41184 047.0007 297.0081 0020324 058.0933 302.1934 14.76327994034825
1 41184U 15081F   16227.21137540  .00000202  00000-0  57604-4 0  9994,2 41184  47.0006 294.3760 0020298  60.7191 299.5727 14.76328329 34905
1 41184U 15081F   16227.61742945 +.00000157 +00000-0 +51248-4 0  9996,2 41184 047.0005 292.4021 0020287 062.6913 297.6043 14.76328333034965
1 41184U 15081F   16228.22651008  .00000151  00000-0  50325-4 0  9992,2 41184  47.0004 289.4409 0020262  65.6602 294.6403 14.76328712 35050
1 41184U 15081F   16228.63256374 +.00000140 +00000-0 +48827-4 0  9996,2 41184 047.0003 287.4670 0020250 067.6301 292.6735 14.76328917035112
1 41184U 15081F   16229.51234633  .00000107  00000-0  44108-4 0  9999,2 41184  47.0002 283.1899 0020222  71.9203 288.3891 14.76329261 35247
1 41184U 15081F   16229.58002189 +.00000107 +00000-0 +44066-4 0  9998,2 41184 047.0002 282.8609 0020221 072.2470 288.0628 14.76329300035251
1 41184U 15081F   16230.52747935  .00000072  00000-0  39070-4 0  9999,2 41184  47.0001 278.2548 0020198  76.8559 283.4587 14.76329685 35396
1 41184U 15081F   16230.59515487 +.00000069 +00000-0 +38649-4 0  9998,2 41184 047.0001 277.9258 0020198 077.1752 283.1396 14.76329710035405
1 41184U 15081F   16231.54261180  .00000054  00000-0  36497-4 0  9995,2 41184  46.9999 273.3197 0020178  81.8114 278.5066 14.76330131 35549
1 41184U 15081F   16232.55774365  .00000030  00000-0  33119-4 0  9993,2 41184  46.9998 268.3846 0020161  86.7504 273.5695 14.76330514 35696
1 41184U 15081F   16233.57287477  .00000027  00000-0  32755-4 0  9990,2 41184  46.9997 263.4495 0020156  91.7123 268.6079 14.76331027 35846
1 41184U 15081F   16234.52033004 -.00000001 +00000-0 +28732-4 0  9994,2 41184 046.9995 258.8433 0020157 096.3521 263.9668 14.76331297035984
1 41184U 15081F   16235.06173269  .00000005  00000-0  29562-4 0  9997,2 41184  46.9995 256.2112 0020152  98.9977 261.3198 14.76331600 36066
1 41184U 15081F   16235.53546007 -.00000012 +00000-0 +27224-4 0  9995,2 41184 046.9994 253.9082 0020162 101.3165 258.9994 14.76331693036130
1 41184U 15081F   16236.14453782 -.00000008  00000-0  27699-4 0  9991,2 41184  46.9993 250.9470 0020167 104.3055 256.0079 14.76331959 36221
1 41184U 15081F   16236.48291428 -.00000008 +00000-0 +27776-4 0  9991,2 41184 046.9993 249.3020 0020177 105.9562 254.3556 14.76332088036275
1 41184U 15081F   16237.49804312 -.00000005  00000-0  28167-4 0  9997,2 41184  46.9992 244.3667 0020199 110.9323 249.3734 14.76332531 36423
1 41184U 15081F   16238.44549633 -.00000011 +00000-0 +27373-4 0  9990,2 41184 046.9992 239.7604 0020224 115.5400 244.7587 14.76332847036568
1 41184U 15081F   16239.12224821 -.00000013  00000-0  26960-4 0  9998,2 41184  46.9992 236.4702 0020241 118.8487 241.4440 14.76333123 36662
1 41184U 15081F   16239.79899994 -.00000016 +00000-0 +26533-4 0  9999,2 41184 046.9993 233.1801 0020256 122.0978 238.1884 14.76333365036769
1 41184U 15081F   16240.40807630  .00000001  00000-0  29064-4 0  9990,2 41184  46.9993 230.2190 0020283 125.0497 235.2302 14.76333681 36851
1 41184U 15081F   16240.94947727 -.00000004 +00000-0 +28238-4 0  9997,2 41184 046.9993 227.5868 0020296 127.6721 232.6016 14.76333880036937
1 41184U 15081F   16241.42320306  .00000011  00000-0  30430-4 0  9993,2 41184  46.9994 225.2838 0020321 129.9596 230.3085 14.76334165 37001
1 41184U 15081F   16241.96460365 +.00000011 +00000-0 +30407-4 0  9996,2 41184 046.9994 222.6516 0020340 132.5978 227.6634 14.76334427037088
1 41184U 15081F   16242.91205440 +.00000066 +00000-0 +38227-4 0  9991,2 41184 046.9995 218.0456 0020383 137.1376 223.1109 14.76335173037224
1 41184U 15081F   16243.18275461  .00000045  00000-0  35202-4 0  9998,2 41184  46.9995 216.7296 0020402 138.4713 221.7734 14.76335170 37261
1 41184U 15081F   16243.92717955 +.00000068 +00000-0 +38534-4 0  9995,2 41184 046.9995 213.1105 0020433 142.0699 218.1638 14.76335722037377
1 41184U 15081F   16244.40090441  .00000099  00000-0  42925-4 0  9996,2 41184  46.9995 210.8075 0020458 144.3227 215.9037 14.76336147 37444
1 41184U 15081F   16244.94230415 +.00000102 +00000-0 +43336-4 0  9994,2 41184 046.9996 208.1754 0020486 146.9178 213.3000 14.76336434037523
1 41184U 15081F   16245.34835366 +.00000166 +00000-0 +52414-4 0  9992,2 41184 046.9996 206.2014 0020507 148.8401 211.3712 14.76337048037581
1 41184U 15081F   16246.16045220  .00000261  00000-0  65920-4 0  9997,2 41184  46.9996 202.2533 0020553 152.7467 207.4509 14.76338174 37705
1 41184U 15081F   16246.36347675 +.00000275 +00000-0 +67903-4 0  9996,2 41184 046.9996 201.2663 0020565 153.7005 206.4936 14.76338412037731
1 41184U 15081F   16247.31092454  .00000286  00000-0  69485-4 0  9993,2 41184  46.9997 196.6602 0020620 158.1842 201.9933 14.76339191 37879
1 41184U 15081F   16247.91999758 +.00000280 +00000-0 +68654-4 0  9993,2 41184 046.9997 193.6990 0020656 161.0903 199.0761 14.76339712037961
1 41184U 15081F   16248.32604588  .00000360  00000-0  79875-4 0  9999,2 41184  46.9998 191.7251 0020683 163.0099 197.1490 14.76340585 38025
1 41184U 15081F   16248.86744379 +.00000313 +00000-0 +73332-4 0  9991,2 41184 046.9998 189.0929 0020716 165.5853 194.5635 14.76340835038108
1 41184U 15081F   16249.88256396  .00000310  00000-0  72812-4 0  9990,2 41184  46.9999 184.1578 0020784 170.3631 189.7664 14.76341902 38258
1 41184U 15081F   16250.89768325 +.00000282 +00000-0 +68870-4 0  9990,2 41184 047.0001 179.2228 0020857 175.1353 184.9746 14.76342893038401
1 41184U 15081F   16251.10070699  .00000290  00000-0  69997-4 0  9995,2 41184  47.0001 178.2358 0020868 176.0798 184.0262 14.76343167 38431
1 41184U 15081F   16251.91280156 +.00000270 +00000-0 +67095-4 0  9990,2 41184 047.0002 174.2878 0020922 179.8987 180.1914 14.76344045038557
1 41184U 15081F   16252.11582511  .00000270  00000-0  67085-4 0  9992,2 41184  47.0002 173.3008 0020933 180.8560 179.2300 14.76344282 38587
1 41184U 15081F   16252.86024475 +.00000286 +00000-0 +69392-4 0  9994,2 41184 047.0002 169.6818 0020986 184.3691 175.7022 14.76345185038693
1 41184U 15081F   16253.13094267  .00000289  00000-0  69838-4 0  9999,2 41184  47.0003 168.3659 0021000 185.6324 174.4335 14.76345504 38731
1 41184U 15081F   16253.80768723 +.00000309 +00000-0 +72681-4 0  9991,2 41184 047.0003 165.0758 0021050 188.8135 171.2390 14.76346362038835
1 41184U 15081F   16254.21373380  .00000335  00000-0  76420-4 0  9992,2 41184  47.0003 163.1019 0021073 190.6823 169.3625 14.76346962 38895
1 41184U 15081F   16254.89047789 +.00000287 +00000-0 +69515-4 0  9990,2 41184 047.0003 159.8118 0021128 193.8725 166.1590 14.76347427038998
1 41184U 15081F   16255.22884991  .00000313  00000-0  73204-4 0  9992,2 41184  47.0002 158.1669 0021143 195.4496 164.5754 14.76347893 39048
1 41184U 15081F   16255.90559351 +.00000308 +00000-0 +72582-4 0  9998,2 41184 047.0002 154.8768 0021191 198.6016 161.4104 14.76348601039141
1 41184U 15081F   16256.78535978  .00000323  00000-0  74693-4 0  9996,2 41184  47.0001 150.5997 0021241 202.6757 157.3199 14.76349624 39279
1 41184U 15081F   16257.73280016 +.00000272 +00000-0 +67379-4 0  9998,2 41184 047.0000 145.9936 0021294 207.0557 152.9227 14.76350251039411
1 41184U 15081F   16258.07117158  .00000279  00000-0  68450-4 0  9990,2 41184  47.0000 144.3486 0021309 208.6062 151.3663 14.76350628 39469
1 41184U 15081F   16258.81558843 +.00000267 +00000-0 +66670-4 0  9991,2 41184 047.0000 140.7294 0021357 212.0194 147.9402 14.76351316039573
1 41184U 15081F   16259.76302766  .00000279  00000-0  68452-4 0  9990,2 41184  47.0000 136.1233 0021403 216.3637 143.5803 14.76352312 39716
1 41184U 15081F   16260.77814074  .00000262  00000-0  65990-4 0  9999,2 41184  47.0000 131.1881 0021458 220.9751 138.9530 14.76353194 39868
1 41184U 15081F   16261.79325360  .00000243  00000-0  63246-4 0  9998,2 41184  47.0000 126.2529 0021499 225.6085 134.3048 14.76353978 40012
1 41184U 15081F   16261.86092781 +.00000238 +00000-0 +62534-4 0  9997,2 41184 047.0000 125.9239 0021506 225.9103 134.0020 14.76353993040024
1 41184U 15081F   16262.80836611  .00000200  00000-0  57120-4 0  9994,2 41184  47.0000 121.3177 0021552 230.2186 129.6809 14.76354605 40167
1 41184U 15081F   16262.87604024 +.00000202 +00000-0 +57427-4 0  9994,2 41184 047.0001 120.9887 0021556 230.5285 129.3701 14.76354677040176
1 41184U 15081F   16263.68812997 +.00000213 +00000-0 +58988-4 0  9999,2 41184 047.0000 117.0405 0021596 234.2338 125.6547 14.76355393040298
1 41184U 15081F   16263.95882652  .00000240  00000-0  62791-4 0  9991,2 41184  47.0000 115.7246 0021596 235.5045 124.3808 14.76355755 40338
1 41184U 15081F   16264.90626410 +.00000197 +00000-0 +56750-4 0  9994,2 41184 047.0000 111.1183 0021636 239.7937 120.0813 14.76356332040475
1 41184U 15081F   16265.51533129  .00000194  00000-0  56377-4 0  9998,2 41184  46.9999 108.1571 0021660 242.5739 117.2950 14.76356712 40568
1 41184U 15081F   16265.92137603 +.00000155 +00000-0 +50829-4 0  9993,2 41184 046.9999 106.1830 0021663 244.4410 115.4243 14.76356784040625
1 41184U 15081F   16266.66579130  .00000156  00000-0  50974-4 0  9992,2 41184  46.9999 102.5638 0021688 247.8429 112.0162 14.76357265 40735
1 41184U 15081F   16266.93648772 +.00000138 +00000-0 +48313-4 0  9995,2 41184 046.9999 101.2478 0021688 249.0738 110.7834 14.76357348040777
1 41184U 15081F   16267.88392515 +.00000113 +00000-0 +44806-4 0  9997,2 41184 046.9999 096.6414 0021718 253.3357 106.5152 14.76357808040916
1 41184U 15081F   16267.95159923  .00000114  00000-0  45015-4 0  9993,2 41184  46.9999  96.3124 0021718 253.6332 106.2173 14.76357862 40928
1 41184U 15081F   16268.89903657 +.00000124 +00000-0 +46424-4 0  9994,2 41184 046.9999 091.7061 0021734 257.9430 101.9027 14.76358490041065
1 41184U 15081F   16269.84647368  .00000110  00000-0  44463-4 0  9990,2 41184  47.0001  87.0997 0021755 262.2153  97.6269 14.76359019 41204
1 41184U 15081F   16269.91414777 +.00000110 +00000-0 +44421-4 0  9998,2 41184 047.0001 086.7707 0021754 262.5340 097.3081 14.76359054041218
1 41184U 15081F   16270.52321428 +.00000148 +00000-0 +49740-4 0  9997,2 41184 047.0001 083.8095 0021763 265.2870 094.5537 14.76359685041309
1 41184U 15081F   16270.65856251 +.00000166 +00000-0 +52305-4 0  9999,2 41184 047.0002 083.1514 0021764 265.8812 093.9593 14.76359842041324
1 41184U 15081F   16271.94436937  .00000205  00000-0  57904-4 0  9991,2 41184  47.0003  76.9001 0021768 271.6848  88.1551 14.76360984 41514
1 41184U 15081F   16272.89180582 +.00000229 +00000-0 +61304-4 0  9993,2 41184 047.0005 072.2940 0021767 275.9799 083.8613 14.76361828041652
1 41184U 15081F   16273.50087202  .00000239  00000-0  62692-4 0  9999,2 41184  47.0006  69.3328 0021768 278.7402  81.1026 14.76362355 41748
1 41184U 15081F   16273.83924202 +.00000235 +00000-0 +62106-4 0  9991,2 41184 047.0007 067.6879 0021759 280.2966 079.5474 14.76362633041796
1 41184U 15081F   16274.85435206  .00000212  00000-0  58866-4 0  9998,2 41184  47.0008  62.7527 0021743 284.9104  74.9382 14.76363339 41949
1 41184U 15081F   16275.86946165  .00000200  00000-0  57140-4 0  9992,2 41184  47.0010  57.8175 0021725 289.5026  70.3520 14.76364171 42096
1 41184U 15081F   16276.88457105  .00000175  00000-0  53615-4 0  9990,2 41184  47.0011  52.8824 0021703 294.1044  65.7579 14.76364890 42248
1 41184U 15081F   16277.76433227 +.00000167 +00000-0 +52449-4 0  9992,2 41184 047.0012 048.6052 0021680 298.0994 061.7708 14.76365583042370
1 41184U 15081F   16278.37339743  .00000183  00000-0  54772-4 0  9997,2 41184  47.0013  45.6440 0021672 300.8552  59.0209 14.76366221 42468
1 41184U 15081F   16278.77944077 +.00000196 +00000-0 +56547-4 0  9999,2 41184 047.0013 043.6701 0021655 302.7186 057.1619 14.76366677042527
1 41184U 15081F   16279.52385319  .00000238  00000-0  62585-4 0  9997,2 41184  47.0014  40.0509 0021645 306.0469  53.8418 14.76367655 42634
1 41184U 15081F   16279.79454865 +.00000244 +00000-0 +63474-4 0  9994,2 41184 047.0014 038.7349 0021632 307.3253 052.5668 14.76367950042676
1 41184U 15081F   16280.74198250  .00000260  00000-0  65660-4 0  9991,2 41184  47.0016  34.1288 0021604 311.6370  48.2672 14.76368931 42810
1 41184U 15081F   16280.80965626 +.00000257 +00000-0 +65293-4 0  9995,2 41184 047.0016 033.7998 0021601 311.9467 047.9584 14.76369009042826
1 41184U 15081F   16281.75708947  .00000333  00000-0  76103-4 0  9998,2 41184  47.0017  29.1938 0021563 316.2689  43.6496 14.76370391 42967
1 41184U 15081F   16282.77219579  .00000373  00000-0  81689-4 0  9998,2 41184  47.0018  24.2587 0021517 320.9220  39.0118 14.76371759 43113
1 41184U 15081F   16283.71962783 +.00000377 +00000-0 +82265-4 0  9990,2 41184 047.0018 019.6527 0021472 325.2824 034.6667 14.76372876043259
1 41184U 15081F   16284.46403810  .00000419  00000-0  88247-4 0  9997,2 41184  47.0019  16.0337 0021435 328.6866  31.2750 14.76374044 43369
1 41184U 15081F   16284.73473262 +.00000432 +00000-0 +90107-4 0  9998,2 41184 047.0019 014.7178 0021421 329.9585 030.0078 14.76374469043400
1 41184U 15081F   16285.47914242  .00000445  00000-0  91969-4 0  9999,2 41184  47.0019  11.0987 0021382 333.3756  26.6037 14.76375457 43519
1 41184U 15081F   16285.68216323 +.00000448 +00000-0 +92356-4 0  9991,2 41184 047.0018 010.1117 0021370 334.3342 025.6489 14.76375719043546
1 41184U 15081F   16286.49424605  .00000455  00000-0  93295-4 0  9996,2 41184  47.0018   6.1636 0021326 338.0875  21.9104 14.76376787 43662
