1 41187U 15081J   15356.14750319 -.00000209  00000-0  00000+0 0  9997,2 41187  46.9968   2.3684 0030578  18.5500  93.2699 14.78103985    15
1 41187U 15081J   15356.39692300 -.00000209  00000-0  00000+0 0  9999,2 41187  47.0111   1.1449 0028748  14.8325 345.3761 14.78155436    56
1 41187U 15081J   15356.53210060 -.00000210  00000-0  00000+0 0  9996,2 41187  47.0030   0.5059 0030195  18.0158 342.7744 14.78559282    76
1 41187U 15081J   15356.59956264 -.00000210  00000-0  00000+0 0  9995,2 41187  47.0011   0.1787 0029263  18.1749 342.0291 14.78561870    87
1 41187U 15081J   15356.73470761 -.00000210  00000-0  00000+0 0  9994,2 41187  47.0012 359.5201 0029220  18.8420 341.3540 14.78561584   100
1 41187U 15081J   15356.86985478 -.00000210  00000-0  00000+0 0  9994,2 41187  47.0012 358.8605 0029220  19.4820 340.7228 14.78562233   121
1 41187U 15081J   15356.93742743 -.00000210  00000-0  00000+0 0  9998,2 41187  47.0012 358.5307 0029220  19.8020 340.4003 14.78562304   131
1 41187U 15081J   15357.61316690  .00000535  00000-0  10000-3 0  9996,2 41187  47.0014 355.2373 0029696  22.8844 337.3434 14.78561292   234
1 41187U 15081J   15357.81588614 -.00000180 +00000-0 +40618-5 0  9992,2 41187 047.0013 354.2481 0029643 023.8575 336.3637 14.78559197000264
1 41187U 15081J   15358.89706082  .00001314  00000-0  20450-3 0  9991,2 41187  47.0013 348.9716 0029594  28.9902 331.2662 14.78565641   421
1 41187U 15081J   15359.57279354 +.00001092 +00000-0 +17471-3 0  9996,2 41187 047.0012 345.6739 0029595 032.2470 328.0221 14.78566564000529
1 41187U 15081J   15359.97823291  .00000997  00000-0  16192-3 0  9997,2 41187  47.0013 343.6951 0029617  34.1332 326.1431 14.78567080   589
1 41187U 15081J   15360.58639154 +.00001056 +00000-0 +16984-3 0  9995,2 41187 047.0011 340.7267 0029610 037.0816 323.2115 14.78568946000676
1 41187U 15081J   15360.99183011  .00000989  00000-0  16091-3 0  9999,2 41187  47.0010 338.7482 0029681  39.0184 321.2807 14.78569528   739
1 41187U 15081J   15361.39726915 +.00001102 +00000-0 +17602-3 0  9997,2 41187 047.0012 336.7701 0029746 040.8219 319.4902 14.78571089000790
1 41187U 15081J   15362.00542571  .00000764  00000-0  13074-3 0  9992,2 41187  47.0015 333.8024 0029622  44.0111 316.3081 14.78570918   883
1 41187U 15081J   15362.41086448 +.00000982 +00000-0 +15990-3 0  9994,2 41187 047.0015 331.8254 0029658 046.2404 314.0946 14.78572817000946
1 41187U 15081J   15363.42445349  .00001590  00000-0  24139-3 0  9996,2 41187  47.0015 326.8800 0029487  51.3670 308.9876 14.78579032  1096
1 41187U 15081J   15364.91104294 +.00002423 +00000-0 +35309-3 0  9999,2 41187 047.0025 319.6243 0029656 058.3126 302.0647 14.78589610001318
1 41187U 15081J   15365.11375923  .00002290  00000-0  33517-3 0  9992,2 41187  47.0024 318.6350 0029679  59.2846 301.0916 14.78589767  1343
1 41187U 15081J   15365.85705238 +.00002327 +00000-0 +34007-3 0  9995,2 41187 047.0034 315.0095 0029681 062.8337 297.5572 14.78593554001457
1 41187U 15081J   16001.26248601  .00001548  00000-0  23579-3 0  9990,2 41187  47.0034 313.0307 0029681  64.7535 295.6381 14.78591173  1511
1 41187U 15081J   16001.87063455 +.00001214 +00000-0 +19103-3 0  9997,2 41187 047.0043 310.0620 0029668 067.6748 292.7256 14.78591791001604
1 41187U 15081J   16002.27606702  .00001613  00000-0  24442-3 0  9995,2 41187  47.0031 308.0816 0029733  69.0582 291.3526 14.78594409  1660
1 41187U 15081J   16002.81664035 +.00001046 +00000-0 +16849-3 0  9990,2 41187 047.0047 305.4466 0029738 072.3955 288.0097 14.78593741001748
1 41187U 15081J   16003.28964066  .00002072  00000-0  30590-3 0  9998,2 41187  47.0033 303.1390 0029965  73.4451 286.9722 14.78600751  1819
1 41187U 15081J   16003.62749808 +.00002786 +00000-0 +40142-3 0  9997,2 41187 047.0033 301.4913 0030155 075.2737 285.1597 14.78605925001865
1 41187U 15081J   16004.30317983  .00009380  00000-0  12819-2 0  9994,2 41187  47.0030 298.1929 0031046  78.1061 282.3328 14.78647160  1962
1 41187U 15081J   16004.84373227 +.00010253 +00000-0 +13983-2 0  9990,2 41187 047.0038 295.5578 0030277 082.9693 277.5015 14.78662519002044
1 41187U 15081J   16004.97886236  .00013226  00000-0  17954-2 0  9998,2 41187  47.0022 294.9028 0028751  85.6806 274.8472 14.78683348  2062
1 41187U 15081J   16005.78964280  .00018689  00000-0  25195-2 0  9998,2 41187  47.0029 290.9448 0029384  88.4973 272.0020 14.78733364  2186
1 41187U 15081J   16005.99232448  .00022446  00000-0  30173-2 0  9993,2 41187  47.0034 289.9558 0029003  88.9822 271.5374 14.78762267  2212
1 41187U 15081J   16006.73550053  .00026182  00000-0  35079-2 0  9992,2 41187  47.0012 286.3266 0029358  91.3931 269.0866 14.78814494  2327
1 41187U 15081J   16007.00573544  .00023647  00000-0  31724-2 0  9999,2 41187  47.0023 285.0052 0029339  92.0973 268.2297 14.78811450  2363
1 41187U 15081J   16007.20843844 +.00024127 +00000-0 +32346-2 0  9999,2 41187 047.0023 284.0142 0029574 092.0652 268.3766 14.78824427002390
1 41187U 15081J   16007.74893005  .00023639  00000-0  31446-2 0  9999,2 41187  47.0119 281.3913 0029190  88.0931 272.3802 14.78852128  2486
1 41187U 15081J   16008.01915856  .00031669  00000-0  42283-2 0  9992,2 41187  47.0000 280.0663 0027513 106.7006 253.9465 14.78907146  2516
1 41187U 15081J   16008.22178153  .00040566  00000-0  53899-2 0  9997,2 41187  47.0013 279.0711 0029079  95.0983 265.4191 14.78965618  2540
1 41187U 15081J   16008.76219267  .00042714  00000-0  56650-2 0  9993,2 41187  47.0033 276.4302 0029008  97.6877 262.7602 14.79019710  2621
1 41187U 15081J   16008.96484256  .00049573  00000-0  65639-2 0  9994,2 41187  47.0009 275.4363 0026170  95.1110 265.4137 14.79072378  2655
1 41187U 15081J   16009.16746489  .00052599  00000-0  69532-2 0  9994,2 41187  47.0044 274.4424 0026615  93.6492 266.7599 14.79105087  2684
1 41187U 15081J   16010.11310630  .00034588  00000-0  45890-2 0  9995,2 41187  47.0011 269.8396 0027686 104.6544 255.4900 14.79127880  2826
1 41187U 15081J   16011.12633708  .00024086  00000-0  32087-2 0  9997,2 41187  46.9996 264.8981 0027581 114.0937 245.9510 14.79131375  2977
1 41187U 15081J   16011.66677057  .00033797  00000-0  44752-2 0  9992,2 41187  46.9998 262.2554 0029498 119.5756 240.8019 14.79185168  3052
1 41187U 15081J   16011.86940423 +.00033422 +00000-0 +44223-2 0  9992,2 41187 047.0007 261.2647 0028322 110.8810 250.0099 14.79245326003084
1 41187U 15081J   16012.07193520  .00032036  00000-0  42383-2 0  9999,2 41187  47.0007 260.2737 0029162 112.1943 248.2068 14.79254603  3115
1 41187U 15081J   16012.74733823  .00048168  00000-0  63230-2 0  9996,2 41187  46.9990 256.9645 0027397 116.0688 245.2473 14.79426724  3214
1 41187U 15081J   16013.76012930  .00153141  00000-0  19350-1 0  9999,2 41187  46.9980 252.0609 0034814 147.6384 214.7459 14.80109482  3367
1 41187U 15081J   16014.09723785  .00163994  00000-0  20740-1 0  9995,2 41187  47.0031 250.3364 0021601 124.9301 235.3582 14.80254488  3411
1 41187U 15081J   16014.77214612  .00193691  00000-0  24218-1 0  9995,2 41187  46.9879 247.0558 0021503 133.1382 227.2765 14.80541932  3516
1 41187U 15081J   16015.04203937  .00199185  00000-0  24813-1 0  9999,2 41187  46.9934 245.7394 0021644 133.1785 227.1212 14.80660417  3554
1 41187U 15081J   16015.51434520 +.00196193 +00000-0 +24354-1 0  9991,2 41187 046.9934 243.4255 0021352 135.1072 225.1279 14.80831260003627
1 41187U 15081J   16015.64992219  .00639960  00000-0  76830-1 0  9999,2 41187  46.9985 242.7791 0020380 139.0186 224.4781 14.81012534  3647
1 41187U 15081J   16015.85167874 +.00296156 +00000-0 +36039-1 0  9996,2 41187 047.0010 241.7937 0023147 135.0942 225.0602 14.81012650003670
1 41187U 15081J   16016.12153170  .00224809  00000-0  27644-1 0  9999,2 41187  47.0042 240.4637 0019866 132.9955 227.1582 14.81066024  3710
1 41187U 15081J   16016.79610915  .00198709  00000-0  24398-1 0  9999,2 41187  47.0047 237.1598 0020010 132.0481 228.2510 14.81291688  3812
1 41187U 15081J   16017.80771478  .00184462  00000-0  22518-1 0  9997,2 41187  47.0112 232.1996 0019991 140.9580 219.2111 14.81624010  3968
1 41187U 15081J   16017.94259110  .00170195  00000-0  20825-1 0  9993,2 41187  47.0028 231.5365 0020227 147.4626 212.5865 14.81614375  3981
1 41187U 15081J   16018.61690656  .00006853  00000-0  88946-3 0  9991,2 41187  47.0013 228.2380 0017562 151.0600 208.1997 14.81395115  4083
1 41187U 15081J   16019.89850049  .00153137  00000-0  18746-1 0  9993,2 41187  47.0013 221.9550 0017557 157.1607 203.5941 14.81738948  4274
1 41187U 15081J   16019.96581800  .00060025  00000-0  74934-2 0  9992,2 41187  46.9993 221.5902 0013718 137.9413 222.1524 14.81617849  4283
1 41187U 15081J   16020.90986970  .00137349  00000-0  16761-1 0  9992,2 41187  46.9929 216.9993 0016766 159.4491 201.3990 14.81980017  4423
1 41187U 15081J   16021.51648227  .00132484  00000-0  16380-1 0  9992,2 41187  47.0110 214.0086 0017833 159.9495 200.2599 14.82103750  4519
1 41187U 15081J   16021.58390287  .00125175  00000-0  15481-1 0  9999,2 41187  47.0119 213.6787 0016848 157.3933 202.8202 14.82104505  4524
1 41187U 15081J   16021.78590769  .00302303  00000-0  36884-1 0  9998,2 41187  46.9961 212.6932 0015386 169.7394 190.4301 14.82682000  4558
1 41187U 15081J   16022.93187284  .00469258  00000-0  52804-1 0  9993,2 41187  46.9974 207.0646 0005928 162.3280 202.4765 14.83768592  4725
1 41187U 15081J   16023.60426110  .00394147  00000-0  44308-1 0  9996,2 41187  47.0021 203.7647 0014395 178.6710 181.4155 14.84167102  4821
1 41187U 15081J   16024.61376480  .00421061  00000-0  46193-1 0  9992,2 41187  47.0021 198.7911 0014217 183.7417 176.8418 14.85034547  4975
1 41187U 15081J   16026.42928040  .00012119  00000-0  14173-2 0  9992,2 41187  46.9967 189.8313 0008519 262.4297  93.3302 14.85232674  5245
1 41187U 15081J   16026.76642344  .00000151  00000-0  42254-4 0  9995,2 41187  46.9963 188.1759 0008755 260.2977  99.6931 14.85218317  5290
1 41187U 15081J   16027.84274252  .00000396  00000-0  70441-4 0  9994,2 41187  46.9980 182.8665 0008599 264.1087  95.8858 14.85219384  5456
1 41187U 15081J   16028.78451910 +.00000585 +00000-0 +92186-4 0  9996,2 41187 046.9980 178.2217 0008603 269.1031 090.8867 14.85221512005594
1 41187U 15081J   16028.85178913  .00000621  00000-0  96394-4 0  9999,2 41187  46.9981 177.8901 0008597 269.4761  90.5152 14.85221784  5602
1 41187U 15081J   16029.79356680 +.00000456 +00000-0 +77316-4 0  9991,2 41187 046.9983 173.2457 0008533 274.5935 085.3987 14.85222415005745
1 41187U 15081J   16029.86083654  .00000475  00000-0  79599-4 0  9993,2 41187  46.9983 172.9142 0008522 274.9048  85.0875 14.85222605  5754
1 41187U 15081J   16030.60080322 +.00000475 +00000-0 +79555-4 0  9998,2 41187 046.9982 169.2651 0008499 278.2346 081.7571 14.85223718005862
1 41187U 15081J   16031.47530941  .00032485  00000-0  37217-2 0  9994,2 41187  47.0062 164.9877 0006460 267.1281  95.0546 14.85512270  5994
1 41187U 15081J   16034.43251959  .00001035  00000-0  14020-3 0  9997,2 41187  46.9974 150.3489 0003678 289.3909  70.6590 14.86371817  6432
1 41187U 15081J   16034.76860792  .00021538  00000-0  24259-2 0  9998,2 41187  46.9997 148.6837 0003572 294.4192  65.7022 14.86420969  6481
1 41187U 15081J   16035.37352893  .00013954  00000-0  15824-2 0  9995,2 41187  46.9969 145.6995 0003987 270.4267  89.4892 14.86407804  6570
1 41187U 15081J   16035.64241631  .00011405  00000-0  12985-2 0  9996,2 41187  46.9950 144.3705 0004288 274.3417  85.6413 14.86400751  6616
1 41187U 15081J   16035.77685964  .00000549  00000-0  85834-4 0  9993,2 41187  46.9971 143.7056 0003573 297.0707  62.9071 14.86372757  6635
1 41187U 15081J   16035.77688214  .00001527  00000-0  17068-3 0  9994,2 41187  46.9962 143.7102 0003618 292.3430  67.7569 14.86374405  6646
1 41187U 15081J   16036.71791827 +.00001020 +00000-0 +13852-3 0  9999,2 41187 046.9972 139.0562 0003489 300.6333 059.4240 14.86376957006778
1 41187U 15081J   16037.12122250  .00001051  00000-0  14193-3 0  9996,2 41187  46.9970 137.0634 0003500 302.6528  57.4042 14.86378144  6831
1 41187U 15081J   16037.72617814 +.00001297 +00000-0 +16946-3 0  9997,2 41187 046.9977 134.0756 0003513 304.8133 055.2441 14.86380880006929
1 41187U 15081J   16038.12948153  .00001398  00000-0  18080-3 0  9998,2 41187  46.9977 132.0827 0003501 306.2910  53.7686 14.86382634  6981
1 41187U 15081J   16038.66721826 +.00001423 +00000-0 +18357-3 0  9999,2 41187 046.9979 129.4269 0003444 306.3890 053.6695 14.86384523007065
1 41187U 15081J   16039.33938841  .00001427  00000-0  18405-3 0  9999,2 41187  46.9984 126.1079 0003323 304.7645  55.2959 14.86387062  7163
1 41187U 15081J   16039.60825598 +.00001503 +00000-0 +19256-3 0  9993,2 41187 046.9982 124.7801 0003349 306.8285 053.2302 14.86388257007201
1 41187U 15081J   16040.34764168  .00001464  00000-0  18818-3 0  9990,2 41187  46.9981 121.1266 0003315 309.7756  50.2839 14.86390638  7314
1 41187U 15081J   16040.54929236 +.00001652 +00000-0 +20923-3 0  9990,2 41187 046.9983 120.1301 0003366 312.1248 047.9379 14.86392173007346
1 41187U 15081J   16041.42310861  .00001660  00000-0  21002-3 0  9994,2 41187  46.9983 115.8136 0003313 314.6160  45.4448 14.86395559  7470
1 41187U 15081J   16041.62475877 +.00001794 +00000-0 +22499-3 0  9994,2 41187 046.9986 114.8181 0003335 317.3803 042.6847 14.86397109007509
1 41187U 15081J   16042.63300628  .00001854  00000-0  23176-3 0  9997,2 41187  46.9985 109.8411 0003366 323.4503  36.6156 14.86401365  7659
1 41187U 15081J   16044.64949184  .00070895  00000-0  76749-2 0  9990,2 41187  46.9966  99.8738 0000572  54.9305 310.7942 14.87459461  7953
1 41187U 15081J   16044.98427845  .00313722  00000-0  32400-1 0  9996,2 41187  46.9966  98.2166 0000569  56.5389 303.8911 14.87815497  8008
1 41187U 15081J   16045.25281089  .00229283  00000-0  23958-1 0  9991,2 41187  47.0019  96.8959 0002339 249.6973 110.2857 14.87863049  8043
1 41187U 15081J   16045.92426095  .00009078  00000-0  10042-2 0  9992,2 41187  46.9997  93.5677 0001141  57.6328 301.9183 14.87795878  8144
1 41187U 15081J   16046.52874062  .00006274  00000-0  70167-3 0  9990,2 41187  46.9997  90.5742 0001141  60.5110 299.5609 14.87791464  8238
1 41187U 15081J   16047.46889076  .00001489  00000-0  18475-3 0  9992,2 41187  46.9952  85.9151 0001179 137.8410 222.2508 14.87792630  8375
1 41187U 15081J   16048.94626394  .00001772  00000-0  21532-3 0  9991,2 41187  46.9952  78.5983 0001179 144.9574 215.1480 14.87799122  8593
1 41187U 15081J   16049.48348574  .00001813  00000-0  21970-3 0  9994,2 41187  46.9975  75.9436 0001672 161.4456 198.6503 14.87802467  8670
1 41187U 15081J   16050.49078022  .00001871  00000-0  22594-3 0  9992,2 41187  46.9964  70.9524 0001472 162.6718 197.4238 14.87805728  8825
1 41187U 15081J   16050.89369657 +.00001888 +00000-0 +22780-3 0  9998,2 41187 046.9964 068.9570 0001472 164.6137 195.4813 14.87807377008885
1 41187U 15081J   16051.90098819 +.00001372 +00000-0 +17203-3 0  9992,2 41187 046.9964 063.9683 0001472 169.4670 190.6223 14.87808292009037
1 41187U 15081J   16052.10244682  .00001261  00000-0  16003-3 0  9990,2 41187  46.9966  62.9724 0001679 169.6186 190.4717 14.87808499  9065
1 41187U 15081J   16052.84112651 +.00001184 +00000-0 +15174-3 0  9993,2 41187 046.9966 059.3141 0001679 173.1751 186.9184 14.87810225009176
1 41187U 15081J   16053.10973650  .00001027  00000-0  13469-3 0  9998,2 41187  46.9990  57.9878 0001812 176.0937 183.9933 14.87810449  9213
1 41187U 15081J   16053.84841497 +.00001111 +00000-0 +14376-3 0  9994,2 41187 046.9982 054.3307 0001794 180.8612 179.2292 14.87812657009325
1 41187U 15081J   16054.11702463  .00000770  00000-0  10690-3 0  9999,2 41187  46.9982  53.0012 0001890 179.2296 180.8515 14.87811588  9363
1 41187U 15081J   16054.85570400 +.00000772 +00000-0 +10713-3 0  9992,2 41187 046.9985 049.3429 0001873 181.9680 178.1212 14.87813001009472
1 41187U 15081J   16055.12431376  .00000619  00000-0  90623-4 0  9990,2 41187  46.9985  48.0126 0001873 183.2603 176.8272 14.87812827  9513
1 41187U 15081J   16055.86299059 +.00000758 +00000-0 +10566-3 0  9992,2 41187 046.9985 044.3544 0001872 186.8139 173.2751 14.87814849009629
1 41187U 15081J   16056.33305754  .00000694  00000-0  98758-4 0  9994,2 41187  46.9991  42.0295 0001866 188.1359 171.9503 14.87815474  9698
1 41187U 15081J   16056.80312370 +.00000823 +00000-0 +11263-3 0  9997,2 41187 046.9992 039.7019 0001802 190.1757 169.9103 14.87816976009760
1 41187U 15081J   16057.34034203  .00000821  00000-0  11242-3 0  9998,2 41187  46.9993  37.0411 0001812 193.0380 167.0486 14.87817998  9840
1 41187U 15081J   16057.81040728 +.00001002 +00000-0 +13203-3 0  9990,2 41187 046.9993 034.7132 0001812 195.2997 164.7884 14.87819923009916
1 41187U 15081J   16058.34762390  .00000868  00000-0  11753-3 0  9992,2 41187  46.9999  32.0549 0001932 198.1958 161.8839 14.87820443  9992
1 41187U 15081J   16058.81768930 +.00000839 +00000-0 +11436-3 0  9996,2 41187 046.9998 029.7272 0001907 201.3992 158.6826 14.87821354010066
1 41187U 15081J   16059.89212278  .00000815  00000-0  11179-3 0  9992,2 41187  46.9997  24.4085 0001895 205.9933 154.0882 14.87823430 10227
1 41187U 15081J   16060.89940293  .00000775  00000-0  10742-3 0  9999,2 41187  47.0003  19.4231 0001999 209.4576 150.6233 14.87825222 10370
1 41187U 15081J   16061.83952929 +.00000795 +00000-0 +10961-3 0  9998,2 41187 047.0003 014.7691 0001986 215.0990 144.9787 14.87827106010516
1 41187U 15081J   16062.10813639  .00000668  00000-0  95889-4 0  9995,2 41187  47.0009  13.4391 0002005 215.6017 144.4719 14.87827016 10558
1 41187U 15081J   16062.71250261 +.00000896 +00000-0 +12051-3 0  9990,2 41187 047.0011 010.4468 0002038 218.7047 141.3721 14.87829344010641
1 41187U 15081J   16063.24971640  .00000843  00000-0  11478-3 0  9994,2 41187  47.0011   7.7866 0002079 219.9336 140.1425 14.87830280 10729
1 41187U 15081J   16063.71977781 +.00001023 +00000-0 +13427-3 0  9995,2 41187 047.0014 005.4600 0002154 221.0816 138.9971 14.87832371010795
1 41187U 15081J   16064.25698935  .00001079  00000-0  14029-3 0  9996,2 41187  47.0015   2.8008 0002225 223.5579 136.5154 14.87834021 10871
1 41187U 15081J   16064.65989817 +.00001105 +00000-0 +14307-3 0  9991,2 41187 047.0015 000.8057 0002222 225.7112 134.3608 14.87835206010930
1 41187U 15081J   16065.66716903  .00001377  00000-0  17240-3 0  9997,2 41187  47.0001 355.8199 0002193 230.2659 129.8072 14.87839305 11084
1 41187U 15081J   16066.60728773 +.00001208 +00000-0 +15414-3 0  9994,2 41187 047.0001 351.1681 0002244 233.4002 126.6703 14.87841030011223
1 41187U 15081J   16067.14449688  .00001270  00000-0  16087-3 0  9995,2 41187  47.0001 348.5076 0002244 235.9840 124.0883 14.87843013 11301
1 41187U 15081J   16067.88315764 +.00001605 +00000-0 +19705-3 0  9995,2 41187 047.0002 344.8519 0002384 237.3577 122.7150 14.87847134011413
1 41187U 15081J   16068.15176018  .00001728  00000-0  21035-3 0  9998,2 41187  47.0003 343.5218 0002373 239.3363 120.7315 14.87848675 11455
1 41187U 15081J   16068.75611611 +.00001925 +00000-0 +23154-3 0  9990,2 41187 047.0006 340.5306 0002677 237.2437 122.8233 14.87852218011549
1 41187U 15081J   16069.22617077  .00002007  00000-0  24042-3 0  9994,2 41187  47.0016 338.2015 0002510 242.0738 117.9908 14.87854449 11615
1 41187U 15081J   16069.69622466 +.00002087 +00000-0 +24905-3 0  9999,2 41187 047.0013 335.8744 0002555 243.5740 116.4910 14.87856900011680
1 41187U 15081J   16070.16627836 +.00001975 +00000-0 +23690-3 0  9994,2 41187 047.0015 333.5473 0002512 245.3194 114.7441 14.87858394011759
1 41187U 15081J   16070.97208262  .00001774  00000-0  21519-3 0  9996,2 41187  47.0013 329.5573 0002449 250.0424 110.0144 14.87860763 11876
1 41187U 15081J   16071.84503801 +.00001370 +00000-0 +17162-3 0  9991,2 41187 047.0010 325.2351 0002506 251.1017 108.9555 14.87861848012007
1 41187U 15081J   16072.11364004  .00000869  00000-0  11750-3 0  9991,2 41187  47.0004 323.9070 0002783 247.4586 112.5879 14.87859292 12043
1 41187U 15081J   16072.71799618 +.00000310 +00000-0 +57144-4 0  9999,2 41187 046.9998 320.9150 0002638 253.7068 106.3425 14.87857802012136
1 41187U 15081J   16073.05375055 -.00000224  00000-0 -46228-6 0  9991,2 41187  46.9995 319.2525 0002470 257.6706 102.3760 14.87855209 12188
1 41187U 15081J   16073.85956148 -.00000783 +00000-0 -60861-4 0  9994,2 41187 046.9980 315.2641 0002499 260.7916 099.2636 14.87852081012301
1 41187U 15081J   16074.06101482 -.00000786  00000-0 -61175-4 0  9993,2 41187  46.9974 314.2675 0002451 261.6437  98.4176 14.87851900 12338
1 41187U 15081J   16074.73252248 -.00000941 +00000-0 -77894-4 0  9992,2 41187 046.9975 310.9428 0002430 263.3696 096.6918 14.87850539012433
1 41187U 15081J   16075.13542521 -.00000380  00000-0 -17301-4 0  9997,2 41187  46.9977 308.9480 0002393 265.5806  94.4836 14.87853204 12498
1 41187U 15081J   16075.73978088 -.00000037 +00000-0 +19764-4 0  9997,2 41187 046.9977 305.9550 0002495 262.8895 097.1803 14.87854644012587
1 41187U 15081J   16076.14268016  .00000730  00000-0  10251-3 0  9996,2 41187  46.9985 303.9602 0002508 268.8797  91.1822 14.87858945 12644
1 41187U 15081J   16076.74703343 +.00000807 +00000-0 +11088-3 0  9993,2 41187 046.9986 300.9673 0002518 270.3162 089.7463 14.87860473012738
1 41187U 15081J   16077.88858689  .00000956  00000-0  12687-3 0  9994,2 41187  47.0004 295.3180 0002518 272.3863  87.6701 14.87863776 12901
1 41187U 15081J   16078.82869001 +.00000949 +00000-0 +12612-3 0  9999,2 41187 047.0001 290.6646 0002536 277.0760 082.9855 14.87866077013042
1 41187U 15081J   16079.03014015  .00000967  00000-0  12813-3 0  9993,2 41187  46.9997 289.6678 0002509 278.0640  81.9971 14.87866675 13070
1 41187U 15081J   16079.76879043 +.00000968 +00000-0 +12818-3 0  9999,2 41187 046.9998 286.0098 0002528 279.6489 080.4120 14.87868360013182
1 41187U 15081J   16080.37314098  .00000870  00000-0  11762-3 0  9991,2 41187  47.0004 283.0173 0002501 283.0213  77.0403 14.87869149 13270
1 41187U 15081J   16080.64174081 +.00000880 +00000-0 +11869-3 0  9996,2 41187 047.0003 281.6870 0002505 283.8772 076.1852 14.87869786013319
1 41187U 15081J   16081.38038959  .00000859  00000-0  11642-3 0  9996,2 41187  47.0004 278.0290 0002507 287.0834  72.9812 14.87871540 13426
1 41187U 15081J   16081.91758807 +.00000743 +00000-0 +10390-3 0  9997,2 41187 046.9998 275.3700 0002517 290.1941 069.8624 14.87871727013509
1 41187U 15081J   16082.58908708  .00000644  00000-0  93168-4 0  9993,2 41187  46.9997 272.0445 0002501 291.0859  68.9740 14.87872441 13603
1 41187U 15081J   16082.92483666 +.00000572 +00000-0 +85428-4 0  9992,2 41187 046.9994 270.3810 0002436 293.2136 066.8476 14.87872536013659
1 41187U 15081J   16082.92483719  .00000832  00000-0  11350-3 0  9992,2 41187  47.0006 270.3785 0002590 292.9310  67.1399 14.87874128 13654
1 41187U 15081J   16083.93208103  .00000596  00000-0  87996-4 0  9993,2 41187  47.0008 265.3918 0002421 296.5171  63.5350 14.87874409 13802
1 41187U 15081J   16084.87218013 +.00000415 +00000-0 +68476-4 0  9990,2 41187 046.9961 260.7432 0002613 300.0430 060.0194 14.87874515013941
1 41187U 15081J   16085.47652741  .00000576  00000-0  85898-4 0  9992,2 41187  46.9954 257.7504 0002632 302.8777  57.1887 14.87876117 14031
1 41187U 15081J   16085.54367667 +.00000504 +00000-0 +78095-4 0  9992,2 41187 046.9954 257.4181 0002639 301.6303 058.4327 14.87875790014048
1 41187U 15081J   16086.48377154  .00000459  00000-0  73268-4 0  9994,2 41187  46.9943 252.7632 0002549 305.6766  54.3884 14.87877012 14189
1 41187U 15081J   16086.68522050 +.00000355 +00000-0 +62069-4 0  9995,2 41187 046.9943 251.7646 0002797 304.2301 055.8304 14.87876250014218
1 41187U 15081J   16087.55816558  .00000334  00000-0  59781-4 0  9995,2 41187  46.9965 247.4453 0002552 309.0476  51.0174 14.87877794 14346
1 41187U 15081J   16088.76685673  .00000294  00000-0  55388-4 0  9995,2 41187  46.9976 241.4618 0002425 308.6974  51.3663 14.87878999 14526
1 41187U 15081J   16089.63979938 +.00000578 +00000-0 +86127-4 0  9992,2 41187 046.9976 237.1410 0002376 308.4437 051.6246 14.87881529014652
1 41187U 15081J   16090.37844253  .00000743  00000-0  10391-3 0  9999,2 41187  46.9972 233.4820 0002420 313.0029  47.0711 14.87883683 14762
1 41187U 15081J   16090.51274029 +.00000681 +00000-0 +97228-4 0  9999,2 41187 046.9971 232.8175 0002410 313.1121 046.9560 14.87883611014783
1 41187U 15081J   16091.38568053  .00000960  00000-0  12727-3 0  9998,2 41187  46.9973 228.4937 0002429 319.4425  40.6340 14.87887010 14917
1 41187U 15081J   16091.51997792 +.00000868 +00000-0 +11740-3 0  9990,2 41187 046.9978 227.8286 0002436 319.2308 040.8377 14.87886733014933
1 41187U 15081J   16092.46006594  .00000826  00000-0  11287-3 0  9996,2 41187  46.9982 223.1752 0002454 321.7887  38.2788 14.87888523 15077
1 41187U 15081J   16092.66151408 +.00000809 +00000-0 +11102-3 0  9990,2 41187 046.9983 222.1795 0002536 322.9714 037.0965 14.87888644015109
1 41187U 15081J   16093.80304988  .00000436  00000-0  70734-4 0  9993,2 41187  46.9988 216.5293 0002232 327.4159  32.6603 14.87889015 15271
1 41187U 15081J   16094.74313629 +.00000558 +00000-0 +83892-4 0  9993,2 41187 046.9981 211.8745 0002162 332.9189 027.1614 14.87891046015414
1 41187U 15081J   16095.34747656  .00000618  00000-0  90373-4 0  9990,2 41187  46.9981 208.8823 0002067 334.4781  25.6035 14.87892364 15500
1 41187U 15081J   16095.75036922 +.00000915 +00000-0 +12238-3 0  9995,2 41187 046.9982 206.8873 0002147 339.0464 021.0361 14.87894519015564
1 41187U 15081J   16096.35470775  .00000879  00000-0  11851-3 0  9999,2 41187  46.9982 203.8941 0002103 340.8761  19.2046 14.87895775 15653
1 41187U 15081J   16096.55615423 +.00000925 +00000-0 +12346-3 0  9994,2 41187 046.9981 202.8968 0002066 343.0227 017.0584 14.87896242015686
1 41187U 15081J   16097.69768282  .00000847  00000-0  11507-3 0  9993,2 41187  46.9976 197.2436 0002063 348.0299  12.0550 14.87898252 15858
1 41187U 15081J   16098.50346653 +.00000778 +00000-0 +10757-3 0  9997,2 41187 046.9973 193.2536 0002099 351.5114 008.5746 14.87899596015978
1 41187U 15081J   16099.10780364  .00000773  00000-0  10705-3 0  9993,2 41187  46.9974 190.2609 0001952 354.7617   5.3267 14.87900810 16063
1 41187U 15081J   16099.51069530 +.00000606 +00000-0 +89014-4 0  9998,2 41187 046.9975 188.2673 0001814 354.7666 005.3224 14.87900643016127
1 41187U 15081J   16100.24932891  .00000828  00000-0  11301-3 0  9999,2 41187  46.9986 184.6099 0001909   0.7389 359.3557 14.87903406 16239
1 41187U 15081J   16100.71936722 +.00000857 +00000-0 +11615-3 0  9998,2 41187 046.9983 182.2821 0001962 002.1148 357.9773 14.87904352016304
1 41187U 15081J   16101.32370195  .00000793  00000-0  10917-3 0  9995,2 41187  46.9990 179.2924 0001910   5.1118 354.9755 14.87905439 16398
1 41187U 15081J   16101.52514773 +.00000845 +00000-0 +11485-3 0  9998,2 41187 046.9988 178.2951 0001933 005.5193 354.5723 14.87906023016421
1 41187U 15081J   16102.39807500  .00000703  00000-0  99450-4 0  9999,2 41187  46.9989 173.9733 0001793  11.0778 349.0110 14.87907034 16553
1 41187U 15081J   16102.53237240 +.00000700 +00000-0 +99157-4 0  9994,2 41187 046.9988 173.3083 0001793 012.3075 347.7861 14.87907267016576
1 41187U 15081J   16103.53959574  .00000504  00000-0  78077-4 0  9996,2 41187  46.9988 168.3194 0001793  17.1442 342.9513 14.87908223 16725
1 41187U 15081J   16104.54681855  .00000677  00000-0  96632-4 0  9990,2 41187  46.9993 163.3365 0001814  18.0487 342.0476 14.87910646 16876
1 41187U 15081J   16104.94970701 +.00000680 +00000-0 +96969-4 0  9992,2 41187 046.9992 161.3410 0001813 020.0928 340.0041 14.87911380016935
1 41187U 15081J   16105.55403961  .00000588  00000-0  87109-4 0  9992,2 41187  46.9995 158.3487 0001841  21.7931 338.3030 14.87911979 17024
1 41187U 15081J   16106.49411122 +.00000691 +00000-0 +98229-4 0  9994,2 41187 046.9994 153.6944 0001812 024.8857 335.2125 14.87914227017163
1 41187U 15081J   16106.96414668  .00000744  00000-0  10394-3 0  9999,2 41187  46.9994 151.3663 0001842  26.7796 333.3204 14.87915362 17238
1 41187U 15081J   16107.56847792 +.00000747 +00000-0 +10424-3 0  9991,2 41187 046.9989 148.3739 0001880 028.1208 331.9799 14.87916329017325
1 41187U 15081J   16107.97136468  .00000767  00000-0  10634-3 0  9992,2 41187  46.9989 146.3782 0001898  29.7787 330.3222 14.87917223 17383
1 41187U 15081J   16108.50854752 +.00000509 +00000-0 +78545-4 0  9995,2 41187 046.9991 143.7189 0001815 032.8837 327.2148 14.87916797017464
1 41187U 15081J   16109.11287815  .00000497  00000-0  77261-4 0  9993,2 41187  46.9991 140.7258 0001782  35.3667 324.7354 14.87917672 17554
1 41187U 15081J   16109.51576443 +.00000468 +00000-0 +74150-4 0  9997,2 41187 046.9990 138.7312 0001707 039.9401 320.1614 14.87918148017619
1 41187U 15081J   16110.45583302  .00000434  00000-0  70508-4 0  9990,2 41187  46.9980 134.0774 0001676  44.9906 315.1122 14.87919151 17758
1 41187U 15081J   16110.52298081 +.00000471 +00000-0 +74454-4 0  9990,2 41187 046.9982 133.7451 0001680 045.3245 314.7791 14.87919399017766
1 41187U 15081J   16111.53019563  .00000367  00000-0  63278-4 0  9994,2 41187  46.9984 128.7579 0001507  54.7093 305.3932 14.87920242 17915
1 41187U 15081J   16112.47026290 +.00000344 +00000-0 +60738-4 0  9996,2 41187 046.9980 124.1031 0001519 059.7525 300.3517 14.87921147018057
1 41187U 15081J   16113.07459132  .00000216  00000-0  46916-4 0  9998,2 41187  46.9978 121.1107 0001520  62.8094 297.2927 14.87921153 18149
1 41187U 15081J   16113.47747791 +.00000198 +00000-0 +45006-4 0  9991,2 41187 046.9970 119.1174 0001502 068.9270 291.1796 14.87921312018206
1 41187U 15081J   16114.48469148  .00000155  00000-0  40334-4 0  9992,2 41187  46.9973 114.1305 0001481  75.2788 284.8258 14.87921907 18359
1 41187U 15081J   16114.82042956 +.00000128 +00000-0 +37442-4 0  9990,2 41187 046.9973 112.4673 0001483 075.3713 284.7347 14.87922072018407
1 41187U 15081J   16115.42475729 +.00000233 +00000-0 +48807-4 0  9999,2 41187 046.9971 109.4750 0001509 077.2162 282.8908 14.87923112018492
1 41187U 15081J   16115.96193717  .00000271  00000-0  52858-4 0  9995,2 41187  46.9972 106.8144 0001503  81.0543 279.0531 14.87923778 18578
1 41187U 15081J   16116.76770717 +.00000241 +00000-0 +49699-4 0  9991,2 41187 046.9973 102.8246 0001531 085.5554 274.5517 14.87924283018699
1 41187U 15081J   16116.96914953  .00000226  00000-0  48071-4 0  9991,2 41187  46.9973 101.8267 0001525  86.9725 273.1344 14.87924374 18727
1 41187U 15081J   16117.43918220 +.00000208 +00000-0 +46077-4 0  9999,2 41187 046.9976 099.5009 0001554 087.6808 272.4267 14.87924697018790
1 41187U 15081J   16118.17780363  .00000231  00000-0  48592-4 0  9996,2 41187  46.9974  95.8433 0001519  90.6810 269.4261 14.87925527 18902
1 41187U 15081J   16118.44639318 +.00000299 +00000-0 +55903-4 0  9997,2 41187 046.9977 094.5134 0001537 089.3249 270.7820 14.87926108018946
1 41187U 15081J   16119.25216150  .00000258  00000-0  51429-4 0  9996,2 41187  46.9977  90.5231 0001512  95.3135 264.7926 14.87926665 19066
1 41187U 15081J   16119.72219284 +.00000349 +00000-0 +61304-4 0  9993,2 41187 046.9984 088.1969 0001539 103.5704 256.5371 14.87927618019138
1 41187U 15081J   16120.32651844  .00000357  00000-0  62112-4 0  9990,2 41187  46.9985  85.2043 0001536 107.1666 252.9411 14.87928386 19222
1 41187U 15081J   16120.79654900 +.00000386 +00000-0 +65249-4 0  9993,2 41187 046.9989 082.8764 0001525 107.3302 252.7770 14.87929211019297
1 41187U 15081J   16121.73660944  .00000503  00000-0  77861-4 0  9997,2 41187  46.9989  78.2211 0001500 112.6405 247.4661 14.87930992 19433
1 41187U 15081J   16122.81096366  .00000570  00000-0  85059-4 0  9990,2 41187  46.9994  72.9017 0001543 122.6367 237.4713 14.87932785 19595
1 41187U 15081J   16123.75102144 +.00000693 +00000-0 +98359-4 0  9999,2 41187 046.9994 068.2454 0001543 127.1578 232.9490 14.87934979019737
1 41187U 15081J   16123.95246176  .00000604  00000-0  88773-4 0  9996,2 41187  46.9994  67.2476 0001543 128.1267 231.9751 14.87934877 19765
1 41187U 15081J   16125.16110517  .00000913  00000-0  12206-3 0  9990,2 41187  46.9993  61.2635 0001539 135.0781 225.0238 14.87938825 19949
1 41187U 15081J   16125.83257180 +.00001087 +00000-0 +14083-3 0  9990,2 41187 046.9994 057.9395 0001660 145.1263 214.9758 14.87941413020041
1 41187U 15081J   16126.16830477  .00001007  00000-0  13211-3 0  9997,2 41187  46.9992  56.2770 0001673 146.3346 213.7628 14.87941777 20098
1 41187U 15081J   16126.63833157 +.00001017 +00000-0 +13328-3 0  9997,2 41187 046.9995 053.9493 0001687 148.8363 211.2634 14.87943080020165
1 41187U 15081J   16127.24265089  .00000940  00000-0  12494-3 0  9995,2 41187  46.9993  50.9578 0001732 153.4158 206.6813 14.87944035 20257
1 41187U 15081J   16127.84696954 +.00000837 +00000-0 +11380-3 0  9998,2 41187 046.9995 047.9655 0001856 160.9116 199.1839 14.87944921020343
1 41187U 15081J   16128.24984904  .00000809  00000-0  11078-3 0  9991,2 41187  46.9997  45.9733 0001901 163.8168 196.2776 14.87945536 20408
1 41187U 15081J   16128.85416710 +.00000758 +00000-0 +10534-3 0  9992,2 41187 046.9990 042.9826 0001798 165.2962 194.7947 14.87946605020493
1 41187U 15081J   16129.79421683  .00000847  00000-0  11491-3 0  9993,2 41187  46.9995  38.3270 0001810 168.4002 191.6935 14.87949116 20634
1 41187U 15081J   16130.80140962  .00001092  00000-0  14133-3 0  9994,2 41187  46.9997  33.3401 0001936 173.7501 186.3428 14.87952872 20786
1 41187U 15081J   16131.74145427 +.00001244 +00000-0 +15765-3 0  9990,2 41187 047.0004 028.6848 0001995 180.1055 179.9864 14.87956263020926
1 41187U 15081J   16132.07718374  .00001338  00000-0  16771-3 0  9996,2 41187  47.0003  27.0227 0002002 180.8506 179.2403 14.87957796 20976
1 41187U 15081J   16132.14432939 +.00001362 +00000-0 +17032-3 0  9992,2 41187 047.0005 026.6901 0001987 181.4950 178.5945 14.87958138020988
1 41187U 15081J   16133.08437112  .00001326  00000-0  16645-3 0  9993,2 41187  47.0006  22.0343 0002032 185.8872 174.1989 14.87960854 21127
1 41187U 15081J   16133.75582878 +.00000805 +00000-0 +11033-3 0  9994,2 41187 046.9987 018.7114 0002525 190.0946 169.9788 14.87959610021226
1 41187U 15081J   16134.09155973  .00000820  00000-0  11194-3 0  9999,2 41187  47.0001  17.0481 0002644 191.7148 168.3708 14.87960634 21276
1 41187U 15081J   16134.62872546 +.00000792 +00000-0 +10896-3 0  9996,2 41187 046.9998 014.3884 0002726 195.2069 164.8754 14.87961629021354
1 41187U 15081J   16135.09874609  .00000736  00000-0  10292-3 0  9998,2 41187  47.0003  12.0604 0002509 196.6446 163.4377 14.87962452 21420
1 41187U 15081J   16135.77020275 +.00000513 +00000-0 +78934-4 0  9996,2 41187 047.0014 008.7329 0002022 191.5816 168.4889 14.87962637021522
1 41187U 15081J   16136.50880859  .00000756  00000-0  10508-3 0  9991,2 41187  46.9989   5.0778 0001920 190.9817 169.1061 14.87964893 21637
1 41187U 15081J   16136.71024494 +.00000679 +00000-0 +96821-4 0  9996,2 41187 046.9994 004.0801 0002029 194.3766 165.7074 14.87964824021664
1 41187U 15081J   16137.71742831  .00000762  00000-0  10571-3 0  9999,2 41187  46.9989 359.0942 0002142 197.8750 162.2089 14.87967211 21812
1 41187U 15081J   16138.72460955  .00000676  00000-0  96435-4 0  9993,2 41187  46.9998 354.1062 0002315 201.5195 158.5599 14.87968906 21961
1 41187U 15081J   16139.59749910 +.00001009 +00000-0 +13235-3 0  9997,2 41187 047.0006 349.7849 0002307 208.6156 151.4653 14.87972395022097
1 41187U 15081J   16140.00036986  .00000792  00000-0  10895-3 0  9994,2 41187  47.0006 347.7893 0002307 210.5539 149.5190 14.87972222 22151
1 41187U 15081J   16140.53753250 +.00000631 +00000-0 +91646-4 0  9998,2 41187 047.0005 345.1338 0002617 215.5536 144.5185 14.87972599022237
1 41187U 15081J   16141.41042056  .00000803  00000-0  11016-3 0  9994,2 41187  46.9987 340.8135 0003009 219.7791 140.2957 14.87974728 22366
1 41187U 15081J   16141.67899978 +.00000606 +00000-0 +88884-4 0  9994,2 41187 046.9987 339.4827 0002945 221.9139 138.1494 14.87974316022407
1 41187U 15081J   16142.61903151  .00000663  00000-0  95095-4 0  9993,2 41187  46.9969 334.8286 0003111 223.9154 136.1478 14.87976224 22545
1 41187U 15081J   16143.62620774  .00000480  00000-0  75360-4 0  9992,2 41187  46.9977 329.8403 0003139 227.9598 132.1020 14.87977153 22692
1 41187U 15081J   16144.63338250  .00000495  00000-0  77014-4 0  9993,2 41187  46.9977 324.8510 0003139 232.8035 127.2555 14.87978701 22842
1 41187U 15081J   16144.90196275 +.00000466 +00000-0 +73831-4 0  9993,2 41187 046.9968 323.5245 0003342 231.9321 128.1293 14.87979027022882
1 41187U 15081J   16145.57341180 +.00000457 +00000-0 +72870-4 0  9996,2 41187 046.9968 320.1982 0003342 235.1612 124.8965 14.87979866022983
1 41187U 15081J   16146.31200574  .00000495  00000-0  76921-4 0  9993,2 41187  46.9968 316.5393 0003341 238.7132 121.3443 14.87981033 23098
1 41187U 15081J   16146.84916449 +.00000465 +00000-0 +73699-4 0  9992,2 41187 046.9968 313.8783 0003341 241.2964 118.7595 14.87981641023175
1 41187U 15081J   16147.52061351  .00000251  00000-0  50739-4 0  9994,2 41187  46.9968 310.5520 0003341 244.5253 115.5295 14.87981431 23275
1 41187U 15081J   16148.52778701  .00000302  00000-0  56192-4 0  9995,2 41187  46.9981 305.5708 0003038 249.6715 110.3854 14.87983152 23427
1 41187U 15081J   16149.53495754  .00000110  00000-0  35469-4 0  9992,2 41187  46.9983 300.5867 0003001 253.7102 106.3329 14.87983125 23574
1 41187U 15081J   16149.80353922 +.00000191 +00000-0 +44193-4 0  9995,2 41187 046.9993 299.2562 0002833 251.1176 108.9430 14.87983941023618
1 41187U 15081J   16150.74356483  .00000355  00000-0  61898-4 0  9998,2 41187  47.0005 294.6013 0002781 252.8100 107.2512 14.87985852 23752
1 41187U 15081J   16151.75073223  .00000745  00000-0  10383-3 0  9993,2 41187  47.0000 289.6122 0002858 259.2112 100.8474 14.87989295 23909
1 41187U 15081J   16152.48932109 +.00000699 +00000-0 +98847-4 0  9991,2 41187 046.9998 285.9554 0002842 261.4866 098.5663 14.87990357024012
1 41187U 15081J   16153.16076639  .00000867  00000-0  11699-3 0  9990,2 41187  46.9999 282.6294 0002812 263.9568  96.1035 14.87992415 24116
1 41187U 15081J   16153.56363292 +.00000464 +00000-0 +73644-4 0  9990,2 41187 046.9998 280.6344 0002896 264.6547 095.3993 14.87991181024175
1 41187U 15081J   16154.16793317  .00000470  00000-0  74271-4 0  9996,2 41187  46.9998 277.6408 0002897 268.0697  91.9875 14.87992094 24262
1 41187U 15081J   16154.63794309 +.00000542 +00000-0 +81967-4 0  9990,2 41187 046.9986 275.3144 0002947 269.1696 090.8851 14.87993089024333
1 41187U 15081J   16155.44367496  .00000499  00000-0  77377-4 0  9994,2 41187  46.9990 271.3248 0002908 275.7555  84.2973 14.87994235 24452
1 41187U 15081J   16155.71225284 +.00000526 +00000-0 +80290-4 0  9991,2 41187 046.9990 269.9942 0002915 277.9651 082.0913 14.87994718024495
1 41187U 15081J   16156.71941623  .00000434  00000-0  70338-4 0  9994,2 41187  46.9999 265.0070 0002892 278.3666  81.6868 14.87995752 24648
1 41187U 15081J   16157.65943603 +.00000419 +00000-0 +68734-4 0  9998,2 41187 047.0005 260.3528 0002988 285.6703 074.3868 14.87997154024785
1 41187U 15081J   16158.12944516  .00000437  00000-0  70708-4 0  9999,2 41187  47.0005 258.0245 0002988 287.9293  72.1314 14.87997952 24850
1 41187U 15081J   16158.66659868 +.00000259 +00000-0 +51497-4 0  9997,2 41187 046.9996 255.3656 0003002 289.5514 070.5033 14.87997443024939
1 41187U 15081J   16159.13660827  .00000220  00000-0  47318-4 0  9992,2 41187  46.9996 253.0373 0003002 291.8107  68.2490 14.87997713 25004
1 41187U 15081J   16159.67376064 +.00000335 +00000-0 +59675-4 0  9994,2 41187 046.9995 250.3767 0002997 292.0792 067.9810 14.87998876025086
1 41187U 15081J   16160.54663328  .00000765  00000-0  10600-3 0  9995,2 41187  46.9978 246.0546 0003142 295.8819  64.1843 14.88002150 25210
1 41187U 15081J   16160.68091951 +.00000701 +00000-0 +99082-4 0  9999,2 41187 046.9978 245.3894 0003142 296.5274 063.5304 14.88002007025239
1 41187U 15081J   16161.62093489  .00000540  00000-0  81786-4 0  9995,2 41187  46.9978 240.7326 0003141 301.0456  59.0108 14.88002686 25371
1 41187U 15081J   16162.62809393  .00000313  00000-0  57347-4 0  9999,2 41187  46.9991 235.7477 0003000 299.4068  60.6512 14.88003216 25524
1 41187U 15081J   16163.63525286  .00000213  00000-0  46601-4 0  9997,2 41187  46.9984 230.7610 0002984 302.0334  58.0274 14.88003852 25675
1 41187U 15081J   16164.64241140 +.00000162 +00000-0 +41089-4 0  9991,2 41187 046.9980 225.7728 0002944 307.0201 053.0424 14.88004281025825
1 41187U 15081J   16165.17956228  .00000268  00000-0  52464-4 0  9996,2 41187  46.9981 223.1127 0002905 308.3818  51.6857 14.88005441 25908
1 41187U 15081J   16165.58242448 +.00000229 +00000-0 +48339-4 0  9996,2 41187 046.9980 221.1183 0002915 309.0378 051.0250 14.88005525025967
1 41187U 15081J   16166.52243790  .00000234  00000-0  48868-4 0  9995,2 41187  46.9972 216.4637 0002906 313.1355  46.9297 14.88006296 26107
1 41187U 15081J   16167.05958802 +.00000288 +00000-0 +54652-4 0  9998,2 41187 046.9973 213.8027 0002895 315.4767 044.5910 14.88007081026188
1 41187U 15081J   16167.59673823  .00000185  00000-0  43583-4 0  9991,2 41187  46.9978 211.1445 0002757 314.9452  45.1221 14.88006983 26261
1 41187U 15081J   16168.60389345  .00000246  00000-0  50130-4 0  9991,2 41187  46.9981 206.1576 0002852 319.2764  40.7913 14.88008370 26412
1 41187U 15081J   16169.87962383 +.00000283 +00000-0 +54098-4 0  9998,2 41187 046.9965 199.8400 0002911 325.5808 034.4911 14.88009418026606
1 41187U 15081J   16170.08105452  .00000272  00000-0  52977-4 0  9991,2 41187  46.9964 198.8425 0002848 325.1457  34.9268 14.88009655 26632
1 41187U 15081J   16170.88677822 +.00000147 +00000-0 +39462-4 0  9999,2 41187 046.9969 194.8527 0002857 328.2440 031.8277 14.88009662026759
1 41187U 15081J   16171.08820922  .00000149  00000-0  39681-4 0  9998,2 41187  46.9969 193.8550 0002823 328.2137  31.8603 14.88009900 26781
1 41187U 15081J   16171.89393236 +.00000187 +00000-0 +43798-4 0  9996,2 41187 046.9965 189.8647 0002886 333.0375 027.0372 14.88010639026901
1 41187U 15081J   16172.09536308  .00000095  00000-0  33935-4 0  9998,2 41187  46.9959 188.8676 0002917 335.6361  24.4355 14.88010222 26936
1 41187U 15081J   16172.49822567 +.00000149 +00000-0 +39755-4 0  9993,2 41187 046.9962 186.8722 0002937 338.8978 021.1798 14.88010695026996
1 41187U 15081J   16173.43823534  .00000139  00000-0  38640-4 0  9994,2 41187  46.9964 182.2176 0002697 341.2925  18.7878 14.88011449 27130
1 41187U 15081J   16173.84109644 +.00000211 +00000-0 +46318-4 0  9990,2 41187 046.9966 180.2224 0002715 343.8378 016.2440 14.88012158027197
1 41187U 15081J   16174.84824722  .00000532  00000-0  80832-4 0  9997,2 41187  46.9966 175.2346 0002660 346.3203  13.7644 14.88014904 27346
1 41187U 15081J   16175.85539888  .00000448  00000-0  71830-4 0  9999,2 41187  46.9965 170.2469 0002518 352.4949   7.5931 14.88015601 27494
1 41187U 15081J   16176.79540590 +.00000319 +00000-0 +57966-4 0  9996,2 41187 046.9969 165.5915 0002366 356.0667 004.0249 14.88016159027638
1 41187U 15081J   16176.99683517  .00000411  00000-0  67876-4 0  9999,2 41187  46.9977 164.5955 0002334 355.9466   4.1411 14.88016971 27667
1 41187U 15081J   16177.39969536 +.00000421 +00000-0 +68936-4 0  9991,2 41187 046.9971 162.6012 0002378 358.4297 001.6595 14.88017404027726
1 41187U 15081J   16178.07112784  .00000339  00000-0  60142-4 0  9991,2 41187  46.9971 159.2755 0002393   2.2656 357.8225 14.88017828 27829
1 41187U 15081J   16178.74256079 +.00000442 +00000-0 +71159-4 0  9996,2 41187 046.9976 155.9493 0002533 005.9468 354.1450 14.88018957027928
1 41187U 15081J   16179.34684967  .00000311  00000-0  57072-4 0  9997,2 41187  46.9981 152.9576 0002394   9.2264 350.8657 14.88019161 28010
1 41187U 15081J   16179.74970947 +.00000344 +00000-0 +60683-4 0  9995,2 41187 046.9984 150.9627 0002539 010.7666 349.3291 14.88019824028071
1 41187U 15081J   16180.89114233  .00000486  00000-0  75918-4 0  9995,2 41187  46.9983 145.3092 0002572  15.6944 344.4035 14.88021809 28241
1 41187U 15081J   16181.89828946  .00000307  00000-0  56702-4 0  9991,2 41187  46.9986 140.3235 0002292  21.7746 338.3251 14.88021995 28399
1 41187U 15081J   16182.90543653  .00000105  00000-0  34923-4 0  9990,2 41187  46.9983 135.3357 0002362  25.7444 334.3567 14.88021761 28546
1 41187U 15081J   16183.84543963 +.00000176 +00000-0 +42590-4 0  9995,2 41187 046.9971 130.6801 0002328 030.8571 329.2482 14.88022697028688
1 41187U 15081J   16183.97972532  .00000066  00000-0  30738-4 0  9996,2 41187  46.9970 130.0154 0002357  31.9146 328.1857 14.88022136 28709
1 41187U 15081J   16184.85258513 +.00000174 +00000-0 +42374-4 0  9999,2 41187 046.9974 125.6930 0002118 038.9032 321.2039 14.88023325028832
1 41187U 15081J   16185.05401370  .00000065  00000-0  30622-4 0  9995,2 41187  46.9975 124.6953 0002121  40.1092 319.9925 14.88022808 28868
1 41187U 15081J   16185.85973035 +.00000116 +00000-0 +36134-4 0  9996,2 41187 046.9974 120.7053 0002166 043.9468 316.1603 14.88023678028983
1 41187U 15081J   16186.06115925  .00000075  00000-0  31712-4 0  9997,2 41187  46.9971 119.7078 0002107  45.8543 314.2524 14.88023579 29011
1 41187U 15081J   16186.79973178 +.00000159 +00000-0 +40768-4 0  9993,2 41187 046.9975 116.0496 0002055 050.6897 309.4196 14.88024573029125
1 41187U 15081J   16187.26973287  .00000118  00000-0  36376-4 0  9992,2 41187  46.9979 113.7235 0001973  56.6251 303.4850 14.88024580 29198
1 41187U 15081J   16187.80687599 +.00000228 +00000-0 +48136-4 0  9999,2 41187 046.9979 111.0630 0002041 057.6026 302.5086 14.88025613029274
1 41187U 15081J   16188.27687640  .00000169  00000-0  41845-4 0  9992,2 41187  46.9983 108.7365 0001996  60.5480 299.5614 14.88025607 29345
1 41187U 15081J   16188.74687661 +.00000210 +00000-0 +46175-4 0  9995,2 41187 046.9982 106.4083 0001980 062.4852 297.6263 14.88026260029416
1 41187U 15081J   16189.61973419  .00000148  00000-0  39555-4 0  9995,2 41187  46.9984 102.0842 0002087  63.6851 296.4261 14.88026523 29545
1 41187U 15081J   16189.88830556 +.00000093 +00000-0 +33597-4 0  9997,2 41187 046.9985 100.7537 0002084 065.2195 294.8908 14.88026432029581
1 41187U 15081J   16190.76116300  .00000186  00000-0  43593-4 0  9990,2 41187  46.9993  96.4329 0002023  69.1741 290.9406 14.88027634 29713
1 41187U 15081J   16191.76830402  .00000289  00000-0  54755-4 0  9993,2 41187  46.9982  91.4477 0002106  73.3728 286.7389 14.88029038 29863
1 41187U 15081J   16192.70830149 +.00000578 +00000-0 +85779-4 0  9997,2 41187 046.9982 086.7926 0002162 076.9631 283.1527 14.88031731030009
1 41187U 15081J   16193.04401411  .00000536  00000-0  81225-4 0  9997,2 41187  46.9987  85.1300 0002163  78.6564 281.4558 14.88032009 30057
1 41187U 15081J   16193.71544012 +.00000608 +00000-0 +89027-4 0  9994,2 41187 046.9995 081.8064 0002135 083.8080 276.3065 14.88033488030155
1 41187U 15081J   16194.05115263  .00000625  00000-0  90815-4 0  9990,2 41187  46.9992  80.1442 0002122  85.8048 274.3086 14.88034046 30204
1 41187U 15081J   16194.85686229 +.00000542 +00000-0 +81880-4 0  9993,2 41187 046.9988 076.1536 0002119 093.4345 266.6782 14.88034973030328
1 41187U 15081J   16195.05828988  .00000551  00000-0  82928-4 0  9990,2 41187  46.9989  75.1559 0002118  94.0855 266.0282 14.88035319 30352
1 41187U 15081J   16195.72971366 +.00000569 +00000-0 +84761-4 0  9999,2 41187 046.9990 071.8309 0002129 104.1472 255.9661 14.88036474030452
1 41187U 15081J   16196.06542553  .00000574  00000-0  85379-4 0  9991,2 41187  46.9980  70.1738 0001859 111.9506 248.1589 14.88037085 30500
1 41187U 15081J   16196.87113376 +.00000653 +00000-0 +93786-4 0  9996,2 41187 046.9980 066.1838 0001877 117.5123 242.5966 14.88038717030626
1 41187U 15081J   16197.07256064  .00000653  00000-0  93811-4 0  9990,2 41187  46.9980  65.1864 0001882 118.5940 241.5147 14.88039048 30659
1 41187U 15081J   16197.74398343 +.00000646 +00000-0 +93049-4 0  9996,2 41187 046.9980 061.8614 0001916 123.3715 236.7366 14.88040046030757
1 41187U 15081J   16198.07969454  .00000462  00000-0  73314-4 0  9999,2 41187  46.9980  60.1990 0001932 125.3578 234.7500 14.88039644 30809
1 41187U 15081J   16198.88540142 +.00000493 +00000-0 +76583-4 0  9992,2 41187 046.9980 056.2089 0001981 130.8482 229.2587 14.88040902030929
1 41187U 15081J   16199.08682792  .00000488  00000-0  76121-4 0  9995,2 41187  46.9980  55.2115 0001999 132.0978 228.0090 14.88041206 30958
1 41187U 15081J   16199.89253377 +.00000495 +00000-0 +76807-4 0  9996,2 41187 046.9981 051.2215 0002043 137.3206 222.7850 14.88042374031075
1 41187U 15081J   16200.83252288  .00000326  00000-0  58678-4 0  9992,2 41187  46.9981  46.5666 0002105 143.1043 217.0000 14.88042904 31214
1 41187U 15081J   16201.83965353  .00000327  00000-0  58744-4 0  9992,2 41187  46.9981  41.5791 0002173 149.1265 210.9760 14.88044263 31366
1 41187U 15081J   16201.90679557 +.00000323 +00000-0 +58328-4 0  9992,2 41187 046.9981 041.2467 0002174 149.4666 210.6359 14.88044325031373
1 41187U 15081J   16202.91392481  .00000378  00000-0  64249-4 0  9991,2 41187  46.9981  36.2593 0002258 155.4048 204.6957 14.88046057 31529
1 41187U 15081J   16203.85391144 +.00000381 +00000-0 +64639-4 0  9997,2 41187 046.9982 031.6043 0002332 160.7305 199.3681 14.88047339031660
1 41187U 15081J   16203.92105332  .00000381  00000-0  64638-4 0  9996,2 41187  46.9982  31.2719 0002332 161.0175 199.0809 14.88047431 31678
1 41187U 15081J   16204.92818122  .00000341  00000-0  60329-4 0  9994,2 41187  46.9981  26.2844 0002413 166.5944 193.5018 14.88048445 31828
1 41187U 15081J   16205.86816647 +.00000311 +00000-0 +57112-4 0  9991,2 41187 046.9981 021.6294 0002479 171.4428 188.6512 14.88049406031967
1 41187U 15081J   16205.93530822  .00000312  00000-0  57216-4 0  9993,2 41187  46.9981  21.2969 0002485 171.7457 188.3481 14.88049501 31973
1 41187U 15081J   16206.87529280 +.00000242 +00000-0 +49691-4 0  9993,2 41187 046.9982 016.6419 0002553 176.4637 183.6279 14.88050219032118
1 41187U 15081J   16206.94243453  .00000241  00000-0  49524-4 0  9990,2 41187  46.9982  16.3094 0002557 176.7681 183.3233 14.88050290 32127
1 41187U 15081J   16207.88241783 +.00000380 +00000-0 +64463-4 0  9991,2 41187 046.9982 011.6543 0002604 181.2697 178.8195 14.88052270032266
1 41187U 15081J   16207.94955947  .00000379  00000-0  64371-4 0  9998,2 41187  46.9982  11.3218 0002610 181.5642 178.5247 14.88052351 32278
1 41187U 15081J   16208.88954335 +.00000260 +00000-0 +51541-4 0  9996,2 41187 046.9983 006.6668 0002684 186.0396 174.0469 14.88052501032412
1 41187U 15081J   16209.49381794  .00000244  00000-0  49895-4 0  9998,2 41187  46.9984   3.6742 0002737 189.0216 171.0633 14.88053055 32501
1 41187U 15081J   16209.89666791 +.00000243 +00000-0 +49741-4 0  9994,2 41187 046.9984 001.6794 0002762 190.7253 169.3586 14.88053357032562
1 41187U 15081J   16210.56808385  .00000206  00000-0  45816-4 0  9995,2 41187  46.9985 358.3543 0002819 193.8910 166.1910 14.88053805 32669
1 41187U 15081J   16211.84377335  .00000184  00000-0  43405-4 0  9990,2 41187  46.9986 352.0370 0002921 199.6144 160.4641 14.88054870 32858
1 41187U 15081J   16212.85089611  .00000155  00000-0  40279-4 0  9993,2 41187  46.9986 347.0497 0002991 204.0088 156.0671 14.88055604 33005
1 41187U 15081J   16213.79087688 +.00000151 +00000-0 +39828-4 0  9993,2 41187 046.9986 342.3948 0003064 208.1600 151.9132 14.88056359033140
1 41187U 15081J   16214.39515007  .00000155  00000-0  40321-4 0  9995,2 41187  46.9986 339.4023 0003109 210.8644 149.2071 14.88056828 33232
1 41187U 15081J   16214.79799872 +.00000177 +00000-0 +42717-4 0  9998,2 41187 046.9986 337.4074 0003130 212.4690 147.6015 14.88057273033290
1 41187U 15081J   16215.46941294  .00000167  00000-0  41577-4 0  9992,2 41187  46.9986 334.0824 0003185 215.3670 144.7016 14.88057753 33399
1 41187U 15081J   16215.80511997 +.00000253 +00000-0 +50817-4 0  9996,2 41187 046.9985 332.4200 0003199 216.7334 143.3344 14.88058472033449
1 41187U 15081J   16216.47653343  .00000257  00000-0  51233-4 0  9999,2 41187  46.9985 329.0950 0003251 219.5385 140.5276 14.88059155 33542
1 41187U 15081J   16216.74509880 +.00000247 +00000-0 +50206-4 0  9993,2 41187 046.9985 327.7651 0003254 220.5806 139.4850 14.88059354033588
1 41187U 15081J   16217.68507695  .00000311  00000-0  57115-4 0  9997,2 41187  46.9984 323.1101 0003310 224.4558 135.6074 14.88060648 33727
1 41187U 15081J   16218.75933672  .00000344  00000-0  60664-4 0  9993,2 41187  46.9984 317.7902 0003373 228.8417 131.2189 14.88062050 33881
1 41187U 15081J   16219.69931341 +.00000385 +00000-0 +65029-4 0  9993,2 41187 046.9983 313.1353 0003416 232.5522 127.5065 14.88063331034028
1 41187U 15081J   16220.23644246  .00000372  00000-0  63571-4 0  9996,2 41187  46.9983 310.4752 0003442 234.7295 125.3281 14.88063939 34100
1 41187U 15081J   16220.70643041 +.00000367 +00000-0 +63127-4 0  9991,2 41187 046.9982 308.1479 0003462 236.5383 123.5184 14.88064482034172
1 41187U 15081J   16221.51212330  .00000368  00000-0  63200-4 0  9997,2 41187  46.9982 304.1579 0003502 239.6327 120.4224 14.88065556 34293
1 41187U 15081J   16221.71354646 +.00000363 +00000-0 +62693-4 0  9996,2 41187 046.9981 303.1604 0003509 240.4962 119.5586 14.88065796034322
1 41187U 15081J   16222.51923884  .00000375  00000-0  63947-4 0  9997,2 41187  46.9980 299.1704 0003544 243.6128 116.4406 14.88066860 34447
1 41187U 15081J   16222.58637986 +.00000374 +00000-0 +63788-4 0  9991,2 41187 046.9980 298.8380 0003546 243.8930 116.1602 14.88066934034456
1 41187U 15081J   16223.66063538  .00000431  00000-0  69951-4 0  9999,2 41187  46.9978 293.5181 0003590 248.1703 111.8813 14.88068580 34612
1 41187U 15081J   16224.66774946 +.00000378 +00000-0 +64264-4 0  9994,2 41187 046.9976 288.5306 0003616 252.0077 108.0427 14.88069434034764
1 41187U 15081J   16225.60772179 +.00000418 +00000-0 +68585-4 0  9990,2 41187 046.9974 283.8756 0003645 255.6758 104.3735 14.88070702034903
1 41187U 15081J   16226.21198947  .00000418  00000-0  68565-4 0  9991,2 41187  46.9973 280.8829 0003661 257.9829 102.0658 14.88071350 34990
1 41187U 15081J   16226.61483455 +.00000399 +00000-0 +66562-4 0  9999,2 41187 046.9972 278.8880 0003667 259.5741 100.4743 14.88071665035054
1 41187U 15081J   16227.48766502  .00000364  00000-0  62764-4 0  9994,2 41187  46.9971 274.5653 0003678 262.7920  97.2559 14.88072407 35188
1 41187U 15081J   16227.62194668 +.00000307 +00000-0 +56635-4 0  9995,2 41187 046.9970 273.9003 0003686 263.3969 096.6509 14.88072216035207
1 41187U 15081J   16228.49477681  .00000285  00000-0  54258-4 0  9994,2 41187  46.9969 269.5777 0003694 266.7163  93.3312 14.88072916 35333
1 41187U 15081J   16228.56191756 +.00000277 +00000-0 +53438-4 0  9998,2 41187 046.9969 269.2452 0003695 266.9646 093.0828 14.88072949035345
1 41187U 15081J   16229.50188797  .00000234  00000-0  48830-4 0  9997,2 41187  46.9968 264.5900 0003700 270.4802  89.5672 14.88073584 35489
1 41187U 15081J   16229.90473224 +.00000234 +00000-0 +48749-4 0  9992,2 41187 046.9968 262.5949 0003705 272.0353 088.0120 14.88073956035546
1 41187U 15081J   16230.50899860  .00000176  00000-0  42613-4 0  9997,2 41187  46.9967 259.6023 0003701 274.3590  85.6885 14.88074174 35633
1 41187U 15081J   16230.57613932 +.00000168 +00000-0 +41734-4 0  9992,2 41187 046.9967 259.2699 0003702 274.6772 085.3702 14.88074185035642
1 41187U 15081J   16231.51610892  .00000147  00000-0  39500-4 0  9994,2 41187  46.9966 254.6147 0003698 278.2289  81.8189 14.88074797 35789
1 41187U 15081J   16232.52321887  .00000118  00000-0  36333-4 0  9998,2 41187  46.9966 249.6270 0003688 282.1096  77.9388 14.88075386 35938
1 41187U 15081J   16233.53032828  .00000118  00000-0  36364-4 0  9998,2 41187  46.9965 244.6393 0003675 285.9722  74.0771 14.88076129 36088
1 41187U 15081J   16234.47029690 +.00000081 +00000-0 +32312-4 0  9993,2 41187 046.9964 239.9841 0003656 289.6440 070.4062 14.88076524036227
1 41187U 15081J   16235.14170264  .00000093  00000-0  33612-4 0  9999,2 41187  46.9963 236.6588 0003643 292.1551  67.8960 14.88077077 36328
1 41187U 15081J   16235.47740567 +.00000071 +00000-0 +31311-4 0  9994,2 41187 046.9963 234.9963 0003629 293.4856 066.5660 14.88077139036379
1 41187U 15081J   16236.41737348  .00000087  00000-0  32970-4 0  9991,2 41187  46.9963 230.3410 0003602 297.0591  62.9938 14.88077818 36511
1 41187U 15081J   16237.42448122  .00000120  00000-0  36513-4 0  9997,2 41187  46.9963 225.3531 0003568 300.8938  59.1608 14.88078692 36667
1 41187U 15081J   16237.96160521 +.00000110 +00000-0 +35450-4 0  9998,2 41187 046.9964 222.6929 0003554 303.0079 057.0477 14.88079004036743
1 41187U 15081J   16238.43158858  .00000116  00000-0  36149-4 0  9993,2 41187  46.9964 220.3653 0003531 305.0287  55.0279 14.88079395 36819
1 41187U 15081J   16238.96871222 +.00000125 +00000-0 +37054-4 0  9994,2 41187 046.9965 217.7051 0003513 307.0707 052.9869 14.88079845036890
1 41187U 15081J   16239.37155489 +.00000136 +00000-0 +38286-4 0  9990,2 41187 046.9965 215.7101 0003491 308.8802 051.1783 14.88080223036959
1 41187U 15081J   16240.11009952  .00000132  00000-0  37853-4 0  9992,2 41187  46.9966 212.0523 0003458 311.6988  48.3613 14.88080790 37060
1 41187U 15081J   16240.91578431 +.00000158 +00000-0 +40621-4 0  9998,2 41187 046.9967 208.0622 0003423 315.0824 044.9796 14.88081580037180
1 41187U 15081J   16241.18434588  .00000196  00000-0  44704-4 0  9990,2 41187  46.9968 206.7322 0003404 316.0952  43.9675 14.88081990 37220
1 41187U 15081J   16241.92288962 +.00000208 +00000-0 +46013-4 0  9994,2 41187 046.9968 203.0745 0003366 319.2738 040.7908 14.88082748037331
1 41187U 15081J   16242.32573170  .00000296  00000-0  55391-4 0  9993,2 41187  46.9968 201.0795 0003342 320.9601  39.1055 14.88083531 37398
1 41187U 15081J   16242.92999411 +.00000337 +00000-0 +59865-4 0  9995,2 41187 046.9969 198.0869 0003311 323.5841 036.4831 14.88084423037480
1 41187U 15081J   16243.33283616  .00000296  00000-0  55403-4 0  9992,2 41187  46.9969 196.0920 0003283 325.6114  34.4570 14.88084479 37546
1 41187U 15081J   16243.93709829 +.00000323 +00000-0 +58330-4 0  9990,2 41187 046.9969 193.0993 0003246 328.1195 031.9505 14.88085272037631
1 41187U 15081J   16244.33993957  .00000380  00000-0  64470-4 0  9997,2 41187  46.9969 191.1043 0003222 329.8922  30.1790 14.88086011 37691
1 41187U 15081J   16244.87706120 +.00000392 +00000-0 +65760-4 0  9996,2 41187 046.9969 188.4441 0003188 332.1387 027.9339 14.88086610037772
1 41187U 15081J   16245.81702292  .00000513  00000-0  78721-4 0  9993,2 41187  46.9970 183.7890 0003130 336.4657  23.6097 14.88088422 37917
1 41187U 15081J   16246.28700289 +.00000719 +00000-0 +10081-3 0  9991,2 41187 046.9970 181.4615 0003096 338.5749 021.5018 14.88090327037987
1 41187U 15081J   16247.29410284  .00000745  00000-0  10364-3 0  9999,2 41187  46.9970 176.4738 0003027 343.0973  16.9824 14.88092033 38138
1 41187U 15081J   16247.83122210 +.00000753 +00000-0 +10443-3 0  9995,2 41187 046.9971 173.8136 0002989 345.4943 014.5868 14.88093016038214
1 41187U 15081J   16248.83831928  .00000809  00000-0  11051-3 0  9997,2 41187  46.9971 168.8260 0002916 350.2960   9.7881 14.88095344 38362
1 41187U 15081J   16248.90545901 +.00000806 +00000-0 +11014-3 0  9994,2 41187 046.9972 168.4935 0002908 350.6233 009.4610 14.88095484038379
1 41187U 15081J   16249.84541495  .00000796  00000-0  10912-3 0  9996,2 41187  46.9972 163.8384 0002840 355.1561   4.9308 14.88097480 38513
1 41187U 15081J   16249.91255457 +.00000798 +00000-0 +10931-3 0  9997,2 41187 046.9973 163.5058 0002836 355.4657 004.6214 14.88097649038524
1 41187U 15081J   16250.85250914 +.00000733 +00000-0 +10231-3 0  9997,2 41187 046.9973 158.8507 0002767 000.0352 000.0545 14.88099375038668
1 41187U 15081J   16251.12106730  .00000729  00000-0  10191-3 0  9994,2 41187  46.9973 157.5208 0002752   1.5768 358.5138 14.88099969 38706
1 41187U 15081J   16251.79246241 +.00000669 +00000-0 +95465-4 0  9990,2 41187 046.9973 154.1956 0002700 004.7691 355.3232 14.88101112038807
1 41187U 15081J   16252.12815938  .00000682  00000-0  96876-4 0  9995,2 41187  46.9973 152.5332 0002680   6.6626 353.4306 14.88102052 38853
1 41187U 15081J   16252.79955359 +.00000730 +00000-0 +10199-3 0  9997,2 41187 046.9973 149.2080 0002622 009.9488 350.1461 14.88103717038950
1 41187U 15081J   16253.13525048  .00000698  00000-0  98518-4 0  9999,2 41187  46.9972 147.5455 0002607  11.8773 348.2185 14.88104238 39005
1 41187U 15081J   16253.73950449 +.00000724 +00000-0 +10131-3 0  9996,2 41187 046.9972 144.5528 0002562 014.9488 345.1485 14.88105574039092
1 41187U 15081J   16254.14234026  .00000748  00000-0  10389-3 0  9999,2 41187  46.9972 142.5578 0002536  17.2229 342.8754 14.88106492 39155
1 41187U 15081J   16254.88087228 +.00000625 +00000-0 +90660-4 0  9995,2 41187 046.9971 138.9001 0002477 021.4723 338.6278 14.88107149039260
1 41187U 15081J   16255.14942924  .00000662  00000-0  94650-4 0  9992,2 41187  46.9971 137.5701 0002464  22.9341 337.1666 14.88107801 39305
1 41187U 15081J   16255.88796014 +.00000636 +00000-0 +91890-4 0  9994,2 41187 046.9970 133.9123 0002407 027.1750 332.9273 14.88108993039412
1 41187U 15081J   16256.69362979  .00000616  00000-0  89691-4 0  9997,2 41187  46.9969 129.9220 0002360  31.7129 328.3910 14.88110180 39533
1 41187U 15081J   16257.70071606  .00000513  00000-0  78659-4 0  9992,2 41187  46.9969 124.9341 0002295  37.9700 322.1359 14.88111173 39680
1 41187U 15081J   16258.70780140  .00000463  00000-0  73276-4 0  9997,2 41187  46.9969 119.9463 0002243  44.0420 316.0656 14.88112381 39831
1 41187U 15081J   16259.71488554  .00000491  00000-0  76251-4 0  9990,2 41187  46.9969 114.9585 0002200  50.2531 309.8560 14.88114001 39987
1 41187U 15081J   16260.72196886  .00000460  00000-0  72995-4 0  9994,2 41187  46.9970 109.9706 0002154  56.8621 303.2483 14.88115251 40137
1 41187U 15081J   16260.92338546 +.00000464 +00000-0 +73400-4 0  9993,2 41187 046.9970 108.9730 0002151 058.1704 301.9403 14.88115535040162
1 41187U 15081J   16261.72905148  .00000433  00000-0  70039-4 0  9991,2 41187  46.9970 104.9826 0002121  63.6039 296.5076 14.88116421 40286
1 41187U 15081J   16261.93046796 +.00000417 +00000-0 +68386-4 0  9993,2 41187 046.9970 103.9851 0002114 065.0096 295.1021 14.88116572040310
1 41187U 15081J   16262.80327207  .00000378  00000-0  64163-4 0  9994,2 41187  46.9970  99.6622 0002092  71.0386 289.0738 14.88117447 40444
1 41187U 15081J   16262.87041077 +.00000382 +00000-0 +64547-4 0  9990,2 41187 046.9970 099.3297 0002089 071.4961 288.6163 14.88117562040454
1 41187U 15081J   16263.87749132  .00000480  00000-0  75070-4 0  9990,2 41187  46.9970  94.3418 0002068  78.0966 282.0164 14.88119384 40609
1 41187U 15081J   16263.94462999 +.00000473 +00000-0 +74407-4 0  9996,2 41187 046.9970 094.0093 0002067 078.6573 281.4557 14.88119445040612
1 41187U 15081J   16264.88457094  .00000417  00000-0  68370-4 0  9990,2 41187  46.9970  89.3539 0002060  85.0131 275.1002 14.88120370 40758
1 41187U 15081J   16265.89165019  .00000374  00000-0  63691-4 0  9998,2 41187  46.9970  84.3658 0002054  92.2455 267.8678 14.88121223 40909
1 41187U 15081J   16266.89872853 +.00000362 +00000-0 +62464-4 0  9994,2 41187 046.9971 079.3778 0002059 099.4106 260.7024 14.88122285041057
1 41187U 15081J   16267.90580622  .00000325  00000-0  58465-4 0  9992,2 41187  46.9972  74.3897 0002071 105.8733 254.2393 14.88123131 41202
1 41187U 15081J   16268.84574469 +.00000341 +00000-0 +60239-4 0  9998,2 41187 046.9974 069.7343 0002090 112.1754 247.9365 14.88124210041345
1 41187U 15081J   16269.44999012  .00000401  00000-0  66648-4 0  9997,2 41187  46.9975  66.7415 0002098 116.5983 243.5130 14.88125284 41437
1 41187U 15081J   16269.85282058 +.00000322 +00000-0 +58164-4 0  9993,2 41187 046.9976 064.7464 0002108 119.2691 240.8417 14.88125269041495
1 41187U 15081J   16270.38992710 +.00000403 +00000-0 +66858-4 0  9995,2 41187 046.9977 062.0860 0002127 122.9492 237.1610 14.88126388041574
1 41187U 15081J   16270.72561875  .00000360  00000-0  62206-4 0  9992,2 41187  46.9977  60.4235 0002146 125.4199 234.6899 14.88126546 41628
1 41187U 15081J   16270.72561883 +.00000441 +00000-0 +70900-4 0  9991,2 41187 046.9977 060.4235 0002144 125.3843 234.7255 14.88126940041626
1 41187U 15081J   16271.86696889  .00000533  00000-0  80811-4 0  9996,2 41187  46.9979  54.7707 0002189 132.6934 227.4148 14.88129011 41799
1 41187U 15081J   16272.87404126  .00000614  00000-0  89450-4 0  9997,2 41187  46.9981  49.7830 0002233 139.1389 220.9676 14.88130955 41949
1 41187U 15081J   16273.81397432 +.00000669 +00000-0 +95332-4 0  9999,2 41187 046.9982 045.1278 0002276 144.5940 215.5109 14.88132777042087
1 41187U 15081J   16274.48535450  .00000666  00000-0  95060-4 0  9992,2 41187  46.9983  41.8025 0002309 148.8490 211.2545 14.88133880 42189
1 41187U 15081J   16274.82104427 +.00000654 +00000-0 +93766-4 0  9994,2 41187 046.9983 040.1400 0002329 150.5899 209.5130 14.88134441042233
1 41187U 15081J   16275.76097514  .00000624  00000-0  90477-4 0  9999,2 41187  46.9984  35.4848 0002383 155.9363 204.1647 14.88135948 42374
1 41187U 15081J   16275.82811293 +.00000622 +00000-0 +90340-4 0  9991,2 41187 046.9984 035.1523 0002387 156.2401 203.8607 14.88136092042386
1 41187U 15081J   16276.76804249  .00000595  00000-0  87446-4 0  9990,2 41187  46.9985  30.4970 0002447 161.4317 198.6671 14.88137659 42520
1 41187U 15081J   16277.70797084 +.00000580 +00000-0 +85804-4 0  9993,2 41187 046.9986 025.8418 0002506 166.7251 193.3713 14.88139342042662
1 41187U 15081J   16278.17793444  .00000615  00000-0  89524-4 0  9993,2 41187  46.9987  23.5141 0002528 169.2503 190.8449 14.88140451 42732
1 41187U 15081J   16278.64789765 +.00000630 +00000-0 +91147-4 0  9997,2 41187 046.9987 021.1865 0002562 171.5935 188.5006 14.88141500042809
1 41187U 15081J   16279.52068563  .00000704  00000-0  99072-4 0  9998,2 41187  46.9988  16.8638 0002620 176.2813 183.8105 14.88143672 42935
1 41187U 15081J   16279.72209816 +.00000701 +00000-0 +98807-4 0  9990,2 41187 046.9988 015.8663 0002631 177.1919 182.8994 14.88144058042968
1 41187U 15081J   16280.66202281  .00000678  00000-0  96339-4 0  9995,2 41187  46.9988  11.2111 0002697 182.0381 178.0506 14.88145713 43108
1 41187U 15081J   16281.66908321  .00000790  00000-0  10826-3 0  9995,2 41187  46.9989   6.2233 0002765 186.9270 173.1590 14.88148344 43252
1 41187U 15081J   16282.67614204  .00000835  00000-0  11311-3 0  9991,2 41187  46.9989   1.2357 0002836 191.9382 168.1448 14.88150698 43401
1 41187U 15081J   16283.68319952  .00000822  00000-0  11173-3 0  9997,2 41187  46.9988 356.2480 0002906 196.6459 163.4344 14.88152765 43551
1 41187U 15081J   16284.62311822 +.00000897 +00000-0 +11973-3 0  9990,2 41187 046.9987 351.5927 0002966 201.0030 159.0746 14.88155230043698
1 41187U 15081J   16285.22735115  .00000897  00000-0  11970-3 0  9999,2 41187  46.9986 348.5999 0003007 203.8158 156.2601 14.88156490 43788
1 41187U 15081J   16285.63017302 +.00000865 +00000-0 +11628-3 0  9990,2 41187 046.9986 346.6048 0003027 205.6698 154.4050 14.88157115043843
1 41187U 15081J   16286.50295275  .00000853  00000-0  11500-3 0  9990,2 41187  46.9985 342.2819 0003081 209.5256 150.5468 14.88158829 43970
