1 41183U 15081E   15356.14752279 -.00000209  00000-0  00000+0 0  9990,2 41183  46.9979   2.3751 0030835  21.9290  89.8848 14.77780492    18
1 41183U 15081E   15356.39700222 -.00000209  00000-0  00000+0 0  9998,2 41183  47.0019   1.1670 0029986  20.8584 339.6326 14.78068096    52
1 41183U 15081E   15356.46453614 -.00000210  00000-0  00000+0 0  9998,2 41183  47.0004   0.8369 0031243  20.7868 339.4198 14.78115462    66
1 41183U 15081E   15356.53214182 -.00000209  00000-0  00000+0 0  9999,2 41183  47.0019   0.5079 0029986  21.4979 338.7789 14.78114169    71
1 41183U 15081E   15356.87010146  .00000528  00000-0  10000-3 0  9998,2 41183  46.9999 358.8604 0031142  22.7562 337.4704 14.78115855   120
1 41183U 15081E   15356.93769536  .00000528  00000-0  10000-3 0  9999,2 41183  46.9999 358.5307 0031142  23.0761 337.1543 14.78117253   135
1 41183U 15081E   15357.14047652 -.00017640  00000-0 -23699-2 0  9993,2 41183  46.9972 357.5444 0030725  23.6499 336.5642 14.78094516   169
1 41183U 15081E   15357.41085983 -.00004054  00000-0 -52149-3 0  9990,2 41183  47.0005 356.2242 0030874  25.6003 334.6615 14.78106540   203
1 41183U 15081E   15357.61363910  .00000528  00000-0  10000-3 0  9991,2 41183  47.0010 355.2350 0030781  26.5889 333.6671 14.78112532   239
1 41183U 15081E   15357.81641946 -.00001423 +00000-0 -16454-3 0  9997,2 41183 047.0007 354.2461 0030921 027.5393 332.7057 14.78109039000263
1 41183U 15081E   15358.89792254  .00001111  00000-0  17902-3 0  9996,2 41183  47.0018 348.9709 0030838  32.6682 327.6149 14.78116983   424
1 41183U 15081E   15359.57385995 +.00001106 +00000-0 +17824-3 0  9999,2 41183 047.0016 345.6756 0030790 035.9271 324.3695 14.78118735000523
1 41183U 15081E   15359.97942205  .00001174  00000-0  18746-3 0  9995,2 41183  47.0016 343.6976 0030835  37.8057 322.5006 14.78120181   588
1 41183U 15081E   15360.85813892 +.00001158 +00000-0 +18528-3 0  9993,2 41183 047.0019 339.4127 0030820 041.9688 318.3563 14.78122519000715
1 41183U 15081E   15360.99332594  .00001084  00000-0  17533-3 0  9996,2 41183  47.0018 338.7540 0030851  42.6272 317.6974 14.78122405   730
1 41183U 15081E   15361.53407467 +.00001277 +00000-0 +20140-3 0  9991,2 41183 047.0017 336.1184 0030743 045.2843 315.0570 14.78124677000814
1 41183U 15081E   15362.41279052  .00000880  00000-0  14768-3 0  9994,2 41183  47.0022 331.8359 0030697  49.6704 310.6863 14.78124794   948
1 41183U 15081E   15363.69706489  .00000687  00000-0  12147-3 0  9998,2 41183  47.0015 325.5740 0030735  55.6607 304.7171 14.78126274  1139
1 41183U 15081E   15364.30540809 -.00000401  00000-0 -25876-4 0  9999,2 41183  47.0019 322.6085 0030767  58.5799 301.7988 14.78121098  1224
1 41183U 15081E   15364.91375229 -.00000545 +00000-0 -45503-4 0  9996,2 41183 047.0019 319.6419 0030746 061.3618 299.0362 14.78120183001319
1 41183U 15081E   15365.38690824 -.00000903  00000-0 -93972-4 0  9990,2 41183  47.0026 317.3375 0030814  63.7505 296.6531 14.78118393  1388
1 41183U 15081E   15365.86006403 -.00000948 +00000-0 -10005-3 0  9991,2 41183 047.0026 315.0299 0030792 065.9677 294.4432 14.78117555001450
1 41183U 15081E   16001.40081192 -.00000484  00000-0 -37224-4 0  9995,2 41183  47.0036 312.3934 0030810  68.5832 291.8398 14.78119687  1539
1 41183U 15081E   16001.87396569 -.00000394 +00000-0 -24911-4 0  9992,2 41183 047.0035 310.0864 0030753 070.9117 289.5134 14.78119961001609
1 41183U 15081E   16002.27952399  .00000900  00000-0  15032-3 0  9990,2 41183  47.0043 308.1117 0030736  72.9308 287.5048 14.78126252  1661
1 41183U 15081E   16002.88786045 +.00000959 +00000-0 +15836-3 0  9996,2 41183 047.0033 305.1467 0030729 075.9655 284.4633 14.78127776001753
1 41183U 15081E   16003.29341947  .00001041  00000-0  16950-3 0  9991,2 41183  47.0029 303.1695 0030769  77.7917 282.6418 14.78129025  1811
1 41183U 15081E   16003.83416367 +.00001076 +00000-0 +17416-3 0  9996,2 41183 047.0028 300.5321 0030759 080.4002 280.0378 14.78130551001893
1 41183U 15081E   16004.37490732  .00001052  00000-0  17094-3 0  9990,2 41183  47.0029 297.8959 0030759  83.1039 277.3357 14.78131715  1977
1 41183U 15081E   16004.84805727 +.00001016 +00000-0 +16603-3 0  9991,2 41183 047.0029 295.5885 0030744 085.4171 275.0228 14.78132704002046
1 41183U 15081E   16005.38880058  .00000735  00000-0  12802-3 0  9995,2 41183  47.0026 292.9516 0030773  87.9706 272.4694 14.78132595  2123
1 41183U 15081E   16005.79435771 +.00000750 +00000-0 +12999-3 0  9992,2 41183 047.0026 290.9738 0030781 089.8479 270.5942 14.78133452002188
1 41183U 15081E   16006.40269367  .00000523  00000-0  99266-4 0  9998,2 41183  47.0018 288.0078 0030762  93.0055 267.4361 14.78133095  2273
1 41183U 15081E   16006.80825012 +.00000526 +00000-0 +99691-4 0  9992,2 41183 047.0016 286.0308 0030752 094.9941 265.4464 14.78133698002336
1 41183U 15081E   16007.75454786  .00000468  00000-0  91810-4 0  9993,2 41183  47.0021 281.4172 0030710  99.7463 260.6907 14.78134832  2471
1 41183U 15081E   16007.75455601  .00000870  00000-0  11757-3 0  9998,2 41183  46.9998 281.4248 0030453  99.7221 260.7614 14.78136480  2479
1 41183U 15081E   16008.76843657  .00000433  00000-0  87041-4 0  9997,2 41183  47.0020 276.4736 0030738 104.2777 256.1477 14.78135895  2629
1 41183U 15081E   16009.30917939 -.00000624  00000-0 -56114-4 0  9994,2 41183  47.0031 273.8420 0030406 107.4411 252.9590 14.78130174  2708
1 41183U 15081E   16009.71474044 -.00000711 +00000-0 -68016-4 0  9995,2 41183 047.0031 271.8640 0030307 109.0330 251.3830 14.78129493002766
1 41183U 15081E   16010.05270504 -.00004194  00000-0 -54062-3 0  9993,2 41183  46.9998 270.2126 0030362 110.7050 249.6316 14.78110026  2814
1 41183U 15081E   16010.72866025 -.00006094  00000-0 -79925-3 0  9992,2 41183  47.0037 266.9259 0029717 114.3621 245.9838 14.78092541  2915
1 41183U 15081E   16011.06664337 -.00016687  00000-0 -22443-2 0  9993,2 41183  47.0010 265.2754 0030134 119.3042 240.8316 14.78027575  2960
1 41183U 15081E   16011.74267118 -.00016913 +00000-0 -22764-2 0  9992,2 41183 047.0014 261.9741 0030156 121.7850 238.5954 14.78003984003063
1 41183U 15081E   16012.68906088 -.00082049  00000-0 -11351-1 0  9994,2 41183  46.9931 257.3694 0027672 128.3922 231.0829 14.77709529  3209
1 41183U 15081E   16013.09490393 -.00050574  00000-0 -69412-2 0  9997,2 41183  46.9958 255.3950 0029792 130.5560 230.0042 14.77743525  3265
1 41183U 15081E   16013.70337038 -.00049828  00000-0 -68481-2 0  9996,2 41183  46.9935 252.4405 0029286 140.2145 220.2052 14.77690030  3352
1 41183U 15081E   16014.71760944 -.00056679  00000-0 -78277-2 0  9990,2 41183  47.0067 247.4810 0029290 143.8073 216.4569 14.77546942  3507
1 41183U 15081E   16015.05571521 -.00058086  00000-0 -80338-2 0  9994,2 41183  47.0067 245.8336 0029305 145.4008 214.8102 14.77497382  3558
1 41183U 15081E   16015.25859485 -.00061038 +00000-0 -84537-2 0  9990,2 41183 046.9922 244.8638 0029641 154.7138 205.5315 14.77456810003587
1 41183U 15081E   16015.66434017 -.00021194  00000-0 -29117-2 0  9997,2 41183  46.9971 242.8757 0027624 138.0634 221.7963 14.77326501  3645
1 41183U 15081E   16016.00257213 -.00006486  00000-0 -86912-3 0  9991,2 41183  46.9971 241.2281 0027630 139.6609 220.6545 14.77332421  3693
1 41183U 15081E   16016.61123543 -.00009993  00000-0 -13559-2 0  9998,2 41183  46.9972 238.2630 0027586 141.9537 218.3249 14.77316439  3780
1 41183U 15081E   16017.62569630 -.00010070  00000-0 -13674-2 0  9997,2 41183  46.9973 233.3225 0027457 147.0284 213.2481 14.77295233  3937
1 41183U 15081E   16018.64016035 -.00007552  00000-0 -10183-2 0  9999,2 41183  46.9969 228.3805 0027089 151.8984 208.3704 14.77287460  4084
1 41183U 15081E   16018.97831085 -.00050586  00000-0 -70455-2 0  9998,2 41183  47.0034 226.7368 0030306 153.9835 205.9665 14.77112705  4133
1 41183U 15081E   16019.11364485 -.00016715  00000-0 -22923-2 0  9993,2 41183  46.9949 226.0812 0029424 156.5838 203.7721 14.77226485  4156
1 41183U 15081E   16021.61731896 -.00193671 +00000-0 -28376-1 0  9999,2 41183 047.0129 213.9410 0028690 164.7481 195.3897 14.75998917004521
1 41183U 15081E   16021.61733429 -.00201420  00000-0  00000+0 0  9996,2 41183  46.9993 213.8879 0024349 166.5410 193.6785 14.76001751  4502
1 41183U 15081E   16021.95579343 -.00903079  00000-0 -14055+0 0  9991,2 41183  46.9962 212.2719 0024922 168.8757 190.8369 14.75236451  4570
1 41183U 15081E   16022.90461218 -.00454996  00000-0 -71115-1 0  9999,2 41183  46.9930 207.6449 0016349 172.1450 190.8965 14.74680532  4715
1 41183U 15081E   16025.88795084 -.00384067  00000-0 -63139-1 0  9998,2 41183  46.9990 193.2242 0010557 208.9881 153.0619 14.72197581  5154
1 41183U 15081E   16026.49845949 -.00373214  00000-0 -61923-1 0  9993,2 41183  47.0004 190.2801 0010396 223.8899 136.2134 14.71740606  5242
1 41183U 15081E   16026.76998428  .00000114  00000-0  48516-4 0  9994,2 41183  46.9973 188.9643 0008182 230.9082 129.1082 14.71654515  5286
1 41183U 15081E   16026.90576551 -.00361405  00000-0 -60279-1 0  9991,2 41183  46.9973 188.3088 0008182 231.5445 128.3737 14.71467816  5300
1 41183U 15081E   16027.85660451 -.00167319  00000-0 -27365-1 0  9996,2 41183  46.9922 183.7124 0009299 267.0693  94.5878 14.71388752  5449
1 41183U 15081E   16028.53539404 -.00089870  00000-0  00000+0 0  9994,2 41183  46.9976 180.4343 0007180 246.0114 114.0596 14.71216807  5522
1 41183U 15081E   16028.67122628 -.00145359  00000-0  00000+0 0  9990,2 41183  46.9987 179.7725 0007833 256.5041 103.5592 14.71121511  5547
1 41183U 15081E   16028.80707444 -.00193224  00000-0  00000+0 0  9994,2 41183  47.0010 179.1134 0008668 264.1313  95.9247 14.71005533  5566
1 41183U 15081E   16028.87495317 -.00179833  00000-0 -29740-1 0  9999,2 41183  46.9922 178.7988 0009355 271.8228  87.9939 14.70989009  5592
1 41183U 15081E   16029.89393554 -.00179809  00000-0 -29995-1 0  9997,2 41183  46.9922 173.8855 0009415 276.5927  83.3867 14.70611154  5746
1 41183U 15081E   16030.43748462 -.00177714  00000-0 -29768-1 0  9992,2 41183  46.9922 171.2658 0009448 279.1435  80.8609 14.70416722  5827
1 41183U 15081E   16031.72869658 -.00041417  00000-0 -67622-2 0  9998,2 41183  46.9922 165.0459 0009523 285.2102  76.4993 14.70492753  6017
1 41183U 15081E   16032.88346319 -.00145620  00000-0 -24513-1 0  9992,2 41183  47.0107 159.4839 0004447 257.1270 101.6837 14.70012189  6184
1 41183U 15081E   16034.51581937  .00000135  00000-0  54602-4 0  9995,2 41183  46.9984 151.6551 0006143 261.4134  98.6059 14.68782296  6420
1 41183U 15081E   16034.78791373 -.00289704  00000-0 -51467-1 0  9997,2 41183  46.9856 150.3062 0012544 298.2020  61.7711 14.68560536  6466
1 41183U 15081E   16035.33224376 -.00300234  00000-0 -53870-1 0  9995,2 41183  46.9906 147.6820 0016500 326.9663  32.4791 14.68145373  6541
1 41183U 15081E   16035.53652111 -.00331407  00000-0  00000+0 0  9999,2 41183  46.9999 146.7140 0002708 265.7604  94.3710 14.67968729  5058
1 41183U 15081E   16035.67262490  .00029899  00000-0  51579-2 0  9999,2 41183  46.9989 146.0962 0003012 278.5715  81.5110 14.68104421  6590
1 41183U 15081E   16035.67263703 -.00297378  00000-0 -53707-1 0  9992,2 41183  46.9995 146.0719 0005899 327.8993  32.2178 14.67945089  6597
1 41183U 15081E   16038.05443074 -.00611609  00000-0 -11659+0 0  9993,2 41183  47.0023 134.6954 0003428 316.0116  34.1057 14.66096878  6946
1 41183U 15081E   16038.46520995 -.00300023  00000-0 -56543-1 0  9994,2 41183  47.0184 132.7706 0012510 166.3791 193.9402 14.66025401  7005
1 41183U 15081E   16038.66963656 -.00290604  00000-0 -54777-1 0  9991,2 41183  47.0245 131.8025 0013718 170.4991 189.7704 14.65941597  7039
1 41183U 15081E   16039.35125994 -.00291885  00000-0 -55595-1 0  9994,2 41183  47.0259 128.5390 0011945 173.4533 186.5605 14.65506615  7131
1 41183U 15081E   16042.55573990 -.00187010  00000-0  00000+0 0  9995,2 41183  47.0001 113.1572 0003404 264.0787  96.0357 14.64783989  6089
1 41183U 15081E   16043.17210965 -.00343173  00000-0 -67266-1 0  9998,2 41183  46.9901 110.2204 0007137 311.5849  60.9381 14.64268709  7693
1 41183U 15081E   16044.73972771 -.00338430  00000-0 -68020-1 0  9990,2 41183  47.0026 102.7789 0004476 260.0980  99.9333 14.63135885  7926
1 41183U 15081E   16045.14948803 -.00344566  00000-0 -69841-1 0  9994,2 41183  46.9895 100.8016 0003918 276.4741  83.3503 14.62794825  7982
1 41183U 15081E   16045.28613896 -.00345503  00000-0 -70207-1 0  9990,2 41183  46.9888 100.1522 0004273 272.7438  87.2501 14.62685460  8005
1 41183U 15081E   16045.55939581 -.00343216  00000-0 -70021-1 0  9995,2 41183  46.9909  98.8576 0003999 262.3995  97.6711 14.62494522  8047
1 41183U 15081E   16046.51600855 -.00335637  00000-0 -69397-1 0  9993,2 41183  46.9862  94.3133 0005545 243.8084 116.2432 14.61838911  8183
1 41183U 15081E   16047.47308135 -.00434026  00000-0 -91371-1 0  9994,2 41183  46.9923  89.7340 0016086 309.5831  50.7633 14.61121085  8329
1 41183U 15081E   16048.90963878 -.00382392  00000-0 -82694-1 0  9990,2 41183  46.9923  82.9203 0016379 316.4130  43.9972 14.59979222  8530
1 41183U 15081E   16049.18333867  .00000182  00000-0  73674-4 0  9993,2 41183  46.9994  81.6697 0000999 259.9804 100.0970 14.59693783  8573
1 41183U 15081E   16052.81106041  .00000235  00000-0  84512-4 0  9991,2 41183  46.9997  64.4928 0001055 265.9516  94.1250 14.59696632  9103
1 41183U 15081E   16053.83777118  .00000538  00000-0  14752-3 0  9997,2 41183  47.0004  59.6274 0000954 258.0791 101.9989 14.59698881  9259
1 41183U 15081E   16053.90621858 +.00000538 +00000-0 +14752-3 0  9994,2 41183 047.0004 059.3032 0000954 258.3937 101.6842 14.59698978009266
1 41183U 15081E   16055.89119119 -.00876400  00000-0 -20436+0 0  9999,2 41183  46.9932  49.9379 0007200 253.1987  96.0763 14.57079885  9551
1 41183U 15081E   16056.92223965 -.00553986  00000-0 -13159+0 0  9994,2 41183  46.9932  45.0815 0007445 257.7050 102.3001 14.55884134  9707
1 41183U 15081E   16056.92246338 -.00554009  00000-0 -13160+0 0  9992,2 41183  46.9932  45.0805 0007445 257.7140 103.4647 14.55883858  9706
1 41183U 15081E   16057.53999680  .00000036  00000-0  46299-4 0  9993,2 41183  47.0012  42.1717 0008322 257.5032 102.4922 14.55547108  9799
1 41183U 15081E   16057.54004409 -.00462872  00000-0 -11121+0 0  9993,2 41183  47.0096  42.1585 0006914 328.8140  31.2870 14.55318684  9797
1 41183U 15081E   16057.88321103 -.00429238  00000-0 -10320+0 0  9992,2 41183  47.0145  40.5411 0009987 319.9178  39.7029 14.55090872  9848
1 41183U 15081E   16058.50151501 -.00484725  00000-0 -11932+0 0  9997,2 41183  47.0054  37.6189 0009763 318.9248  41.0420 14.54285311  9939
1 41183U 15081E   16058.77636108 -.00482294 +00000-0 -11942+0 0  9997,2 41183 047.0049 036.3298 0009628 319.1955 040.8112 14.54002914009973
1 41183U 15081E   16059.05125311 -.00485730  00000-0 -12113+0 0  9997,2 41183  47.0043  35.0441 0009509 315.9666  43.9357 14.53691653 10019
1 41183U 15081E   16059.39497136 -.00476598  00000-0 -11961+0 0  9993,2 41183  47.0056  33.4457 0007478 324.7948  35.2646 14.53364479 10069
1 41183U 15081E   16061.94077876 -.00504234  00000-0 -13290+0 0  9998,2 41183  47.0023  21.5422 0019344 310.9334  52.1154 14.51087452 10438
1 41183U 15081E   16062.00903639 -.00510931  00000-0 -13489+0 0  9992,2 41183  46.9892  21.2212 0022165 317.3603  42.5162 14.50998683 10448
1 41183U 15081E   16062.28450587 -.00521513  00000-0 -13758+0 0  9998,2 41183  46.9910  19.9420 0022867 317.4091  42.4440 14.50673386 10487
1 41183U 15081E   16062.97343418 -.00505243  00000-0 -13628+0 0  9996,2 41183  46.9910  16.7271 0023081 320.6250  39.3664 14.49945395 10582
1 41183U 15081E   16063.24908264 -.00498701  00000-0 -13525+0 0  9999,2 41183  46.9910  15.4348 0022457 320.6471  39.3321 14.49667269 10620
1 41183U 15081E   16063.66264061 -.00422767  00000-0  00000+0 0  9997,2 41183  47.0084  13.4728 0007868 296.8316  63.2582 14.49443909  9160
1 41183U 15081E   16063.73160847 -.00491244  00000-0 -13451+0 0  9993,2 41183  46.9913  13.1857 0022374 322.7132  37.2859 14.49176473 10690
1 41183U 15081E   16063.86949282 -.00834349  00000-0 -23099+0 0  9991,2 41183  46.9983  12.5554 0009726 310.0446  50.0869 14.48926088 10719
1 41183U 15081E   16064.14534222 -.00869542  00000-0 -24409+0 0  9996,2 41183  46.9983  11.2717 0009798 311.4105  48.5154 14.48382115 10752
1 41183U 15081E   16064.28333504 -.00770598  00000-0 -21748+0 0  9996,2 41183  47.0161  10.6396 0003873 301.0112  59.1585 14.48272006 10774
1 41183U 15081E   16064.90442256 -.00456160  00000-0 -12799+0 0  9992,2 41183  47.0178   7.6587 0012411 320.7654  40.5683 14.47965286 10868
1 41183U 15081E   16066.00861430 -.00430521  00000-0 -12299+0 0  9992,2 41183  47.0174   2.5381 0009677 301.8054  58.4164 14.46976787 11022
1 41183U 15081E   16066.90647126  .00000974  00000-0  30487-3 0  9991,2 41183  47.0044 358.4503 0009537 247.2160 116.1710 14.47543332 11153
1 41183U 15081E   16068.01018371 -.00748810  00000-0 -21902+0 0  9997,2 41183  47.0024 353.3264 0009251 285.8540  73.0438 14.46436698 11313
1 41183U 15081E   16070.56814425 -.00549671  00000-0  00000+0 0  9993,2 41183  47.0307 341.4940 0012185 300.7452  59.3163 14.43937101  3163
1 41183U 15081E   16071.74787090 -.00146282  00000-0 -44124-1 0  9990,2 41183  47.0024 336.0632 0004117 326.7924  48.5573 14.43117377 11850
1 41183U 15081E   16072.02187790 -.00103244  00000-0 -30939-1 0  9993,2 41183  47.0070 334.7878 0003950 314.6508  45.4818 14.43096023 11892
1 41183U 15081E   16072.22957383 -.00087311  00000-0 -26102-1 0  9991,2 41183  47.0067 333.8310 0002591 305.8561  54.2565 14.43083495 11920
1 41183U 15081E   16072.85271631 -.00059198  00000-0 -17624-1 0  9996,2 41183  47.0074 330.9552 0003143 315.8917  44.2790 14.43034421 12019
1 41183U 15081E   16073.06041381 -.00003950  00000-0 -11205-2 0  9992,2 41183  47.0087 329.9973 0002737 317.3506  42.9821 14.43140805 12044
1 41183U 15081E   16073.19883013 -.00011003  00000-0 -32076-2 0  9999,2 41183  47.0089 329.3576 0003397 321.6653  38.3916 14.43129268 12069
1 41183U 15081E   16073.82194434 -.00000832  00000-0 -19917-3 0  9999,2 41183  47.0081 326.4885 0002729 319.8673  40.2714 14.43144597 12151
1 41183U 15081E   16074.72196555 -.00000061 +00000-0 +28323-4 0  9990,2 41183 047.0078 322.3391 0002618 322.2246 037.8473 14.43146425012285
1 41183U 15081E   16074.99889886 -.00000115  00000-0  12470-4 0  9991,2 41183  47.0074 321.0621 0002664 324.0527  36.0160 14.43146202 12328
1 41183U 15081E   16075.82970011 +.00000004 +00000-0 +47523-4 0  9998,2 41183 047.0076 317.2312 0002647 328.2280 031.8448 14.43147029012440
1 41183U 15081E   16076.03740018  .00000078  00000-0  69428-4 0  9993,2 41183  47.0075 316.2735 0002643 329.4078  30.6661 14.43147497 12477
1 41183U 15081E   16076.72973369 +.00000152 +00000-0 +91270-4 0  9999,2 41183 047.0071 313.0810 0002644 331.1941 028.8812 14.43148177012576
1 41183U 15081E   16077.07590007  .00000094  00000-0  73984-4 0  9999,2 41183  47.0072 311.4853 0002631 334.3555  25.7158 14.43148016 12625
1 41183U 15081E   16077.76823436 +.00000093 +00000-0 +73661-4 0  9991,2 41183 047.0075 308.2935 0002653 337.8241 022.2521 14.43148428012721
1 41183U 15081E   16078.11440129  .00000135  00000-0  86064-4 0  9993,2 41183  47.0073 306.6988 0002612 339.2833  20.7940 14.43148728 12773
1 41183U 15081E   16078.80673414 +.00000018 +00000-0 +51559-4 0  9995,2 41183 047.0068 303.5075 0002545 341.8715 018.2027 14.43148489012876
1 41183U 15081E   16079.77600195 -.00000016  00000-0  41668-4 0  9997,2 41183  47.0062 299.0384 0002483 345.4077  14.6744 14.43148656 13013
1 41183U 15081E   16080.05293501 +.00000082 +00000-0 +70544-4 0  9996,2 41183 047.0063 297.7617 0002499 347.8913 012.1919 14.43149300013058
1 41183U 15081E   16081.36836721  .00000103  00000-0  76607-4 0  9998,2 41183  47.0063 291.6964 0002465 353.3042   6.7813 14.43150107 13244
1 41183U 15081E   16081.92223284 +.00000079 +00000-0 +69534-4 0  9997,2 41183 047.0063 289.1428 0002515 356.0255 004.0567 14.43150186013326
1 41183U 15081E   16082.89149901 +.00000101 +00000-0 +76194-4 0  9993,2 41183 047.0067 284.6744 0002473 000.0835 000.0044 14.43150793013469
1 41183U 15081E   16082.96073225  .00000086  00000-0  71591-4 0  9994,2 41183  47.0067 284.3551 0002427 359.7858   0.3025 14.43150751 13477
1 41183U 15081E   16084.34539648  .00000028  00000-0  54661-4 0  9999,2 41183  47.0067 277.9702 0002411   5.1194 354.9692 14.43151025 13676
1 41183U 15081E   16084.62232985 -.00000036 +00000-0 +35712-4 0  9990,2 41183 047.0063 276.6936 0002407 005.7427 354.3473 14.43150710013713
1 41183U 15081E   16085.73006092 -.00000385  00000-0 -67337-4 0  9997,2 41183  47.0014 271.5892 0002163 356.9009   3.1828 14.43148634 13872
1 41183U 15081E   16086.83779311 -.00000297  00000-0 -41283-4 0  9994,2 41183  47.0037 266.4789 0001981   2.3601 357.7277 14.43149106 14032
1 41183U 15081E   16087.87629242  .00000094  00000-0  74177-4 0  9997,2 41183  47.0040 261.6940 0002400  14.7569 345.3379 14.43151456 14182
1 41183U 15081E   16088.77632281 +.00000028 +00000-0 +54641-4 0  9995,2 41183 047.0039 257.5429 0002310 017.8098 342.2801 14.43151383014317
1 41183U 15081E   16089.46865594  .00000110  00000-0  78832-4 0  9997,2 41183  47.0038 254.3508 0002186  20.1217 339.9804 14.43152269 14411
1 41183U 15081E   16089.74558741 -.00000039 +00000-0 +34784-4 0  9990,2 41183 047.0038 253.0736 0002100 021.4813 338.6146 14.43151765014451
1 41183U 15081E   16090.57638494 -.00000142  00000-0  44718-5 0  9991,2 41183  47.0037 249.2433 0001942  26.1061 333.9885 14.43151482 14578
1 41183U 15081E   16091.54564997 -.00000121 +00000-0 +10747-4 0  9996,2 41183 047.0037 244.7768 0001809 031.1636 328.9351 14.43151685014718
1 41183U 15081E   16092.44568085  .00000036  00000-0  56923-4 0  9998,2 41183  47.0022 240.6292 0001834  34.2938 325.8079 14.43152762 14840
1 41183U 15081E   16092.51491358 -.00000022 +00000-0 +39697-4 0  9999,2 41183 047.0023 240.3095 0001848 034.6802 325.4193 14.43152539014854
1 41183U 15081E   16093.76110894  .00000133  00000-0  85438-4 0  9996,2 41183  47.0035 234.5666 0001721  42.1112 317.9873 14.43153699 15034
1 41183U 15081E   16094.79960481  .00000129  00000-0  84526-4 0  9997,2 41183  47.0045 229.7771 0001824  48.8734 311.2280 14.43154431 15185
1 41183U 15081E   16095.76886909 -.00000121 +00000-0 +10610-4 0  9993,2 41183 047.0051 225.3084 0001896 054.4835 305.6227 14.43153632015321
1 41183U 15081E   16095.83810205 -.00000129  00000-0  82026-5 0  9996,2 41183  47.0054 224.9898 0001897  54.4585 305.6465 14.43153612 15338
1 41183U 15081E   16096.53043247 -.00000107 +00000-0 +14676-4 0  9999,2 41183 047.0055 221.7964 0001965 055.5872 304.5173 14.43153828015439
1 41183U 15081E   16097.15353042 -.00000097  00000-0  17769-4 0  9999,2 41183  47.0052 218.9223 0001971  58.3983 301.7090 14.43153898 15527
1 41183U 15081E   16097.63816109 +.00000016 +00000-0 +51078-4 0  9991,2 41183 047.0056 216.6880 0001881 064.3016 295.8076 14.43154757015598
1 41183U 15081E   16098.26125780  .00000155  00000-0  92066-4 0  9995,2 41183  47.0059 213.8151 0001901  67.0496 293.0615 14.43155798 15681
1 41183U 15081E   16098.53818900 +.00000083 +00000-0 +70834-4 0  9997,2 41183 047.0058 212.5379 0001794 072.3335 287.7738 14.43155560015727
1 41183U 15081E   16099.36898278  .00000152  00000-0  91096-4 0  9995,2 41183  47.0055 208.7067 0001765  76.4366 283.6631 14.43156322 15849
1 41183U 15081E   16099.50745017 +.00000087 +00000-0 +71927-4 0  9991,2 41183 047.0059 208.0686 0001760 078.6601 281.4456 14.43156014015865
1 41183U 15081E   16100.40747696 -.00000104  00000-0  15533-4 0  9990,2 41183  47.0062 203.9240 0001761  89.1349 270.9566 14.43155382 15992
1 41183U 15081E   16100.75364498 -.00000089 +00000-0 +20081-4 0  9999,2 41183 047.0059 202.3287 0001753 091.2966 268.8108 14.43155459016042
1 41183U 15081E   16101.51520772 -.00000068  00000-0  26302-4 0  9992,2 41183  47.0071 198.8208 0001728  93.3705 266.7375 14.43156101 16154
1 41183U 15081E   16102.55370016  .00000220  00000-0  11125-3 0  9996,2 41183  47.0063 194.0318 0001676  99.1364 260.9698 14.43157904 16305
1 41183U 15081E   16103.52295995 +.00000229 +00000-0 +11397-3 0  9996,2 41183 047.0069 189.5639 0001722 104.0117 256.0925 14.43158601016449
1 41183U 15081E   16104.00759021  .00000258  00000-0  12246-3 0  9991,2 41183  47.0067 187.3289 0001724 105.1780 254.9294 14.43159114 16518
1 41183U 15081E   16104.49222067 -.00000004 +00000-0 +45021-4 0  9997,2 41183 047.0073 185.0961 0001713 104.1362 255.9670 14.43158081016588
1 41183U 15081E   16105.11531698 -.00000050  00000-0  31529-4 0  9999,2 41183  47.0063 182.2216 0001682 107.4318 252.6759 14.43158074 16675
1 41183U 15081E   16105.59994683 -.00000064 +00000-0 +27380-4 0  9993,2 41183 047.0066 179.9890 0001713 111.6335 248.4724 14.43158113016747
1 41183U 15081E   16106.49997329  .00000083  00000-0  70712-4 0  9990,2 41183  47.0064 175.8403 0001706 117.1530 242.9531 14.43159136 16875
1 41183U 15081E   16107.60769698  .00000262  00000-0  12347-3 0  9998,2 41183  47.0061 170.7327 0001723 123.2704 236.8343 14.43160416 17036
1 41183U 15081E   16108.50772259 +.00000146 +00000-0 +89257-4 0  9991,2 41183 047.0058 166.5817 0001639 126.8538 233.2493 14.43160511017166
1 41183U 15081E   16108.99235155  .00000208  00000-0  10758-3 0  9991,2 41183  47.0058 164.3467 0001639 129.0226 231.0812 14.43161135 17234
1 41183U 15081E   16109.54621433 -.00000125 +00000-0 +93186-5 0  9998,2 41183 047.0057 161.7943 0001681 134.2659 225.8337 14.43159571017311
1 41183U 15081E   16110.10007682 -.00000149  00000-0  24644-5 0  9995,2 41183  47.0057 159.2400 0001681 136.7441 223.3580 14.43159504 17394
1 41183U 15081E   16110.58470523 -.00000015 +00000-0 +41882-4 0  9999,2 41183 047.0055 157.0066 0001659 143.1453 216.9540 14.43160374017465
1 41183U 15081E   16111.27703227 -.00000026  00000-0  38764-4 0  9993,2 41183  47.0057 153.8146 0001723 147.9987 212.0996 14.43160582 17560
1 41183U 15081E   16111.62319572 +.00000097 +00000-0 +75048-4 0  9991,2 41183 047.0059 152.2189 0001709 149.8255 210.2721 14.43161165017615
1 41183U 15081E   16112.31552203  .00000072  00000-0  67411-4 0  9996,2 41183  47.0057 149.0270 0001776 154.7559 205.3385 14.43161392 17718
1 41183U 15081E   16112.59245304 +.00000111 +00000-0 +79174-4 0  9990,2 41183 047.0053 147.7495 0001782 155.0413 205.0552 14.43161678017752
1 41183U 15081E   16113.56171124 -.00000136  00000-0  61977-5 0  9997,2 41183  47.0046 143.2807 0001754 160.4509 199.6438 14.43160793 17890
1 41183U 15081E   16114.53096893 -.00000059 +00000-0 +28973-4 0  9996,2 41183 047.0043 138.8123 0001751 163.9375 196.1568 14.43161294018034
1 41183U 15081E   16115.22329537 -.00000055  00000-0  30160-4 0  9994,2 41183  47.0040 135.6203 0001772 166.1910 193.9015 14.43161533 18137
1 41183U 15081E   16115.50022603 +.00000016 +00000-0 +50888-4 0  9994,2 41183 047.0038 134.3438 0001778 166.6092 193.4845 14.43161980018178
1 41183U 15081E   16116.46948215  .00000083  00000-0  70712-4 0  9998,2 41183  47.0036 129.8751 0001900 173.0305 187.0602 14.43162699 18313
1 41183U 15081E   16116.53871472 +.00000176 +00000-0 +98122-4 0  9994,2 41183 047.0035 129.5573 0001956 173.2965 186.7939 14.43163064018323
1 41183U 15081E   16117.50797150  .00000021  00000-0  52369-4 0  9994,2 41183  47.0038 125.0877 0001999 176.0211 184.0674 14.43162750 18469
1 41183U 15081E   16118.47722879 -.00000159 +00000-0 -53120-6 0  9999,2 41183 047.0038 120.6198 0002025 180.8381 179.2495 14.43162143018607
1 41183U 15081E   16119.03108976 -.00000153  00000-0  11601-5 0  9998,2 41183  47.0036 118.0664 0002019 182.7426 177.3432 14.43162142 18685
1 41183U 15081E   16119.44648598 -.00000174 +00000-0 -49617-5 0  9994,2 41183 047.0036 116.1510 0001922 183.5871 176.4994 14.43162090018741
1 41183U 15081E   16120.34650990 -.00000078  00000-0  23235-4 0  9993,2 41183  47.0031 112.0007 0001958 188.2584 171.8278 14.43162560 18874
1 41183U 15081E   16120.41574222 -.00000024 +00000-0 +39132-4 0  9998,2 41183 047.0035 111.6816 0001872 188.2552 171.8299 14.43162912018886
1 41183U 15081E   16121.38499822  .00000005  00000-0  47632-4 0  9999,2 41183  47.0043 107.2128 0001837 192.6222 167.4601 14.43163393 19025
1 41183U 15081E   16121.73116124 +.00000066 +00000-0 +65662-4 0  9999,2 41183 047.0046 105.6174 0001788 194.4086 165.6736 14.43163789019077
1 41183U 15081E   16122.42348756 -.00000018  00000-0  41111-4 0  9995,2 41183  47.0047 102.4262 0001891 196.3475 163.7344 14.43163469 19179
1 41183U 15081E   16122.76965036 -.00000041 +00000-0 +34238-4 0  9996,2 41183 047.0048 100.8300 0001826 198.7467 161.3338 14.43163488019224
1 41183U 15081E   16123.80813891 -.00000051  00000-0  31373-4 0  9991,2 41183  47.0048  96.0422 0001857 203.7036 156.3763 14.43163783 19378
1 41183U 15081E   16124.91585955  .00000069  00000-0  66559-4 0  9993,2 41183  47.0051  90.9348 0001881 207.8217 152.2581 14.43164698 19532
1 41183U 15081E   16125.67741632 +.00000194 +00000-0 +10362-3 0  9992,2 41183 047.0052 087.4232 0001880 210.9590 149.1183 14.43165735019642
1 41183U 15081E   16126.02357850  .00000165  00000-0  95091-4 0  9998,2 41183  47.0053  85.8269 0001882 212.3687 147.7067 14.43165798 19699
1 41183U 15081E   16126.71590386 +.00000024 +00000-0 +53269-4 0  9992,2 41183 047.0051 082.6340 0001941 213.4431 146.6325 14.43165366019794
1 41183U 15081E   16127.06206624 -.00000017  00000-0  41192-4 0  9995,2 41183  47.0048  81.0383 0001887 215.4467 144.6271 14.43165316 19849
1 41183U 15081E   16127.68515898 -.00000038 +00000-0 +35131-4 0  9998,2 41183 047.0047 078.1660 0002008 216.9973 143.0770 14.43165287019931
1 41183U 15081E   16128.30825115 -.00000010  00000-0  43373-4 0  9991,2 41183  47.0050  75.2932 0001987 219.3672 140.7063 14.43165680 20021
1 41183U 15081E   16128.72364591 +.00000067 +00000-0 +66086-4 0  9990,2 41183 047.0050 073.3775 0002034 220.5706 139.5045 14.43166238020083
1 41183U 15081E   16129.62366722  .00000120  00000-0  81764-4 0  9998,2 41183  47.0053  69.2284 0002091 225.5325 134.5390 14.43166790 20216
1 41183U 15081E   16129.83136432 +.00000220 +00000-0 +11120-3 0  9993,2 41183 047.0056 068.2706 0002109 227.9632 132.1097 14.43167507020242
1 41183U 15081E   16130.66215309  .00000250  00000-0  11989-3 0  9993,2 41183  47.0053  64.4394 0001980 231.7518 128.3204 14.43168143 20369
1 41183U 15081E   16131.28524495 +.00000061 +00000-0 +64245-4 0  9995,2 41183 047.0057 061.5682 0002120 232.9669 127.1016 14.43167397020456
1 41183U 15081E   16132.11603350 -.00000020  00000-0  40398-4 0  9995,2 41183  47.0063  57.7374 0002091 237.5087 122.5567 14.43167407 20575
1 41183U 15081E   16132.25449872 -.00000029 +00000-0 +37872-4 0  9999,2 41183 047.0062 057.0997 0002087 237.9170 122.1504 14.43167446020592
1 41183U 15081E   16133.22375174  .00000075  00000-0  68525-4 0  9999,2 41183  47.0070  52.6297 0002112 242.0702 117.9978 14.43168380 20733
1 41183U 15081E   16134.74686253  .00000232  00000-0  11468-3 0  9998,2 41183  47.0072  45.6093 0002102 245.8579 114.2075 14.43169971 20952
1 41183U 15081E   16135.85458021 -.00000012  00000-0  42783-4 0  9993,2 41183  47.0053  40.5049 0002202 250.2645 109.7988 14.43169154 21115
1 41183U 15081E   16136.82383322 -.00000051 +00000-0 +31169-4 0  9991,2 41183 047.0061 036.0360 0002069 256.7153 103.3490 14.43169355021252
1 41183U 15081E   16137.03153023 -.00000048  00000-0  32008-4 0  9997,2 41183  47.0063  35.0779 0002068 257.3092 102.7558 14.43169420 21289
1 41183U 15081E   16137.79308441 +.00000091 +00000-0 +73151-4 0  9997,2 41183 047.0062 031.5663 0002104 257.8211 102.2427 14.43170436021391
1 41183U 15081E   16138.07001351  .00000112  00000-0  79323-4 0  9990,2 41183  47.0064  30.2893 0002101 258.7416 101.3235 14.43170731 21438
1 41183U 15081E   16138.83156730 +.00000186 +00000-0 +10128-3 0  9994,2 41183 047.0070 026.7779 0002162 262.3778 097.6841 14.43171547021545
1 41183U 15081E   16139.10849638  .00000128  00000-0  84099-4 0  9996,2 41183  47.0070  25.5008 0002162 263.6168  96.4456 14.43171415 21581
1 41183U 15081E   16139.66235417 +.00000096 +00000-0 +74507-4 0  9998,2 41183 047.0069 022.9482 0002145 266.9107 093.1501 14.43171567021668
1 41183U 15081E   16140.07774833 -.00000005 +00000-0 +44923-4 0  9995,2 41183 047.0074 021.0326 0002120 265.3683 094.6958 14.43171219021729
1 41183U 15081E   16140.77007044 -.00000147  00000-0  30051-5 0  9990,2 41183  47.0077  17.8422 0002213 262.5564  97.5055 14.43170734 21824
1 41183U 15081E   16141.67008735 +.00000007 +00000-0 +48473-4 0  9998,2 41183 047.0076 013.6928 0002479 262.2835 097.7781 14.43172096021955
1 41183U 15081E   16142.01624790  .00000102  00000-0  76255-4 0  9997,2 41183  47.0066  12.0987 0002745 259.4270 100.6353 14.43172495 22008
1 41183U 15081E   16142.70856797 +.00000121 +00000-0 +82033-4 0  9999,2 41183 047.0057 008.9073 0002654 263.0734 096.9797 14.43172865022104
1 41183U 15081E   16143.47012226  .00000167  00000-0  95438-4 0  9998,2 41183  47.0057   5.3951 0002654 266.4810  93.5768 14.43173461 22218
1 41183U 15081E   16143.74705064 -.00000014 +00000-0 +42098-4 0  9993,2 41183 047.0055 004.1189 0002435 267.5632 092.4901 14.43172816022251
1 41183U 15081E   16144.64707086 -.00000078  00000-0  23387-4 0  9999,2 41183  47.0070 359.9697 0002158 281.2471  78.8120 14.43172908 22386
1 41183U 15081E   16145.68555300  .00000036  00000-0  56789-4 0  9999,2 41183  47.0069 355.1813 0002170 284.1159  75.9466 14.43173697 22535
1 41183U 15081E   16146.93173075  .00000051  00000-0  61288-4 0  9990,2 41183  47.0064 349.4349 0002183 290.5831  69.4790 14.43174177 22714
1 41183U 15081E   16147.69328377 -.00000029 +00000-0 +37735-4 0  9997,2 41183 047.0064 345.9244 0002218 289.2793 070.7841 14.43174145022829
1 41183U 15081E   16147.97021222  .00000030  00000-0  55030-4 0  9996,2 41183  47.0060 344.6475 0002242 289.8847  70.1809 14.43174523 22862
1 41183U 15081E   16148.66253285 -.00000272 +00000-0 -34005-4 0  9998,2 41183 047.0063 341.4561 0002367 284.8752 075.1873 14.43173191022961
1 41183U 15081E   16149.00869337 -.00000117  00000-0  11720-4 0  9994,2 41183  47.0035 339.8666 0002626 281.2936  78.7687 14.43173621 23017
1 41183U 15081E   16149.63178131 -.00000393 +00000-0 -69632-4 0  9990,2 41183 047.0039 336.9929 0002467 287.6468 072.4026 14.43172196023108
1 41183U 15081E   16150.53180118 -.00000082  00000-0  22031-4 0  9995,2 41183  47.0057 332.8426 0002169 300.5408  59.5263 14.43174217 23232
1 41183U 15081E   16150.67026524 -.00000077 +00000-0 +23652-4 0  9994,2 41183 047.0059 332.2041 0002182 301.2897 058.7768 14.43174264023251
1 41183U 15081E   16151.70874534  .00000054  00000-0  62103-4 0  9999,2 41183  47.0064 327.4158 0002069 303.8739  56.1925 14.43175300 23405
1 41183U 15081E   16152.88568930  .00000137  00000-0  86695-4 0  9993,2 41183  47.0075 321.9908 0001918 301.2038  58.8646 14.43176390 23572
1 41183U 15081E   16153.57801081 -.00000112 +00000-0 +13208-4 0  9991,2 41183 047.0066 318.8003 0001921 307.6589 052.4109 14.43175393023675
1 41183U 15081E   16154.27033128 -.00000101  00000-0  16379-4 0  9998,2 41183  47.0066 315.6074 0001904 310.4029  49.6690 14.43175525 23771
1 41183U 15081E   16154.75495482 -.00000018 +00000-0 +40892-4 0  9990,2 41183 047.0062 313.3733 0001889 311.4126 048.6581 14.43176010023841
1 41183U 15081E   16155.44727500  .00000019  00000-0  51946-4 0  9998,2 41183  47.0060 310.1809 0001829 312.5366  47.5377 14.43176447 23946
1 41183U 15081E   16155.86266671 +.00000018 +00000-0 +51490-4 0  9994,2 41183 047.0061 308.2656 0001904 316.9428 043.1292 14.43176522024006
1 41183U 15081E   16156.76268165  .00000103  00000-0  76603-4 0  9992,2 41183  47.0058 304.1160 0001948 317.3496  42.7210 14.43177247 24139
1 41183U 15081E   16157.80116185 -.00000097  00000-0  17599-4 0  9994,2 41183  47.0062 299.3284 0001875 320.0482  40.0246 14.43176682 24289
1 41183U 15081E   16158.77040959 -.00000143 +00000-0 +41025-5 0  9990,2 41183 047.0060 294.8588 0001914 323.1683 036.9069 14.43176681024427
1 41183U 15081E   16159.18580135 -.00000125  00000-0  94063-5 0  9991,2 41183  47.0060 292.9432 0001907 324.7658  35.3101 14.43176806 24480
1 41183U 15081E   16159.67042436 -.00000103 +00000-0 +15898-4 0  9996,2 41183 047.0057 290.7088 0001930 327.5702 032.5026 14.43176955024554
1 41183U 15081E   16160.57044053 -.00000029  00000-0  37720-4 0  9999,2 41183  47.0061 286.5588 0001897 330.3430  29.7377 14.43177622 24682
1 41183U 15081E   16160.77813563 +.00000049 +00000-0 +60643-4 0  9992,2 41183 047.0058 285.6011 0001990 331.2947 028.7828 14.43177984024711
1 41183U 15081E   16161.67815028 -.00000006  00000-0  44627-4 0  9998,2 41183  47.0053 281.4529 0001932 334.9734  25.1037 14.43177999 24847
1 41183U 15081E   16161.81661438 +.00000026 +00000-0 +54084-4 0  9997,2 41183 047.0053 280.8143 0001932 335.5929 024.4862 14.43178178024865
1 41183U 15081E   16162.71662863 -.00000044  00000-0  33432-4 0  9995,2 41183  47.0064 276.6666 0001756 338.2659  21.8094 14.43178238 24993
1 41183U 15081E   16163.75510789  .00000043  00000-0  58992-4 0  9995,2 41183  47.0061 271.8784 0001669 341.5514  18.5319 14.43178938 25146
1 41183U 15081E   16164.72435401 +.00000038 +00000-0 +57354-4 0  9995,2 41183 047.0058 267.4104 0001664 344.9614 015.1223 14.43179244025285
1 41183U 15081E   16165.07051312  .00000154  00000-0  91706-4 0  9997,2 41183  47.0060 265.8141 0001591 346.3842  13.7013 14.43179920 25337
1 41183U 15081E   16165.69359951 +.00000043 +00000-0 +58987-4 0  9996,2 41183 047.0056 262.9418 0001613 348.5461 011.5371 14.43179646025421
1 41183U 15081E   16166.10899067  .00000148  00000-0  89919-4 0  9995,2 41183  47.0056 261.0261 0001613 350.4044   9.6830 14.43180285 25481
1 41183U 15081E   16167.07823713 -.00000044 +00000-0 +33268-4 0  9999,2 41183 047.0056 256.5589 0001561 353.9090 006.1774 14.43179544025625
1 41183U 15081E   16167.28593255 -.00000064  00000-0  27465-4 0  9991,2 41183  47.0054 255.6016 0001590 355.2670   4.8192 14.43179599 25651
1 41183U 15081E   16167.63209174 -.00000111 +00000-0 +13690-4 0  9992,2 41183 047.0050 254.0059 0001561 355.6345 004.4513 14.43179368025701
1 41183U 15081E   16168.39364171 -.00000064  00000-0  27291-4 0  9994,2 41183  47.0052 250.4951 0001543 358.2094   1.8769 14.43179771 25818
1 41183U 15081E   16168.67056919 -.00000012 +00000-0 +42829-4 0  9990,2 41183 047.0053 249.2179 0001575 000.0141 000.0746 14.43180115025851
1 41183U 15081E   16169.63981421  .00000056  00000-0  62676-4 0  9991,2 41183  47.0056 244.7496 0001528   0.5684 359.5201 14.43180632 25998
1 41183U 15081E   16170.53982744 -.00000045 +00000-0 +32979-4 0  9993,2 41183 047.0055 240.6000 0001461 004.8459 355.2424 14.43180470026122
1 41183U 15081E   16171.02445015  .00000124  00000-0  82740-4 0  9991,2 41183  47.0055 238.3650 0001461   7.0140 353.0809 14.43181503 26197
1 41183U 15081E   16171.64753711 -.00000165 +00000-0 -23460-5 0  9996,2 41183 047.0055 235.4951 0001517 007.4227 352.6673 14.43180048026288
1 41183U 15081E   16172.20139164 -.00000169  00000-0 -34615-5 0  9997,2 41183  47.0056 232.9414 0001494   9.5534 350.5382 14.43180135 26363
1 41183U 15081E   16172.61678244 -.00000075 +00000-0 +24076-4 0  9993,2 41183 047.0052 231.0268 0001493 013.2665 346.8272 14.43180661026429
1 41183U 15081E   16173.23986738  .00000036  00000-0  56875-4 0  9990,2 41183  47.0052 228.1536 0001367  16.6639 343.4291 14.43181450 26513
1 41183U 15081E   16173.58602594 +.00000182 +00000-0 +99910-4 0  9992,2 41183 047.0044 226.5569 0001458 015.9976 344.0965 14.43182180026560
1 41183U 15081E   16174.48603795  .00000110  00000-0  78868-4 0  9996,2 41183  47.0046 222.4074 0001476  20.0585 340.0329 14.43182270 26695
1 41183U 15081E   16174.55527009 +.00000106 +00000-0 +77625-4 0  9992,2 41183 047.0046 222.0882 0001454 020.7806 339.3134 14.43182293026709
1 41183U 15081E   16175.52451436 -.00000100  00000-0  16737-4 0  9992,2 41183  47.0042 217.6195 0001362  25.0215 335.0721 14.43181638 26844
1 41183U 15081E   16176.49375861 -.00000238 +00000-0 -23905-4 0  9994,2 41183 047.0030 213.1512 0001193 029.8559 330.2384 14.43181089026987
1 41183U 15081E   16177.18607618 -.00000232  00000-0 -22272-4 0  9999,2 41183  47.0031 209.9585 0001184  32.7951 327.3006 14.43181042 27089
1 41183U 15081E   16177.60146633 -.00000046 +00000-0 +32703-4 0  9993,2 41183 047.0027 208.0430 0001338 033.1761 326.9202 14.43181912027144
1 41183U 15081E   16178.29378274  .00000028  00000-0  54647-4 0  9997,2 41183  47.0025 204.8501 0001258  38.3857 321.7105 14.43182483 27249
1 41183U 15081E   16178.57070978 +.00000026 +00000-0 +54088-4 0  9995,2 41183 047.0035 203.5745 0001230 039.6368 320.4597 14.43182527027281
1 41183U 15081E   16179.47072206 -.00000101  00000-0  16395-4 0  9995,2 41183  47.0039 199.4237 0001208  47.7587 312.3396 14.43182227 27411
1 41183U 15081E   16180.50919734 -.00000108  00000-0  14315-4 0  9994,2 41183  47.0052 194.6355 0001190  51.3872 308.7106 14.43182401 27560
1 41183U 15081E   16181.47844045 +.00000011 +00000-0 +49586-4 0  9993,2 41183 047.0055 190.1667 0001172 058.6962 301.4038 14.43183340027703
1 41183U 15081E   16182.03229342  .00000160  00000-0  93374-4 0  9992,2 41183  47.0054 187.6126 0001169  61.1349 298.9690 14.43184439 27789
1 41183U 15081E   16182.44768228 +.00000199 +00000-0 +10495-3 0  9992,2 41183 047.0052 185.6970 0001176 060.7569 299.3426 14.43184736027848
1 41183U 15081E   16183.48615518  .00000228  00000-0  11341-3 0  9994,2 41183  47.0055 180.9096 0001158  65.1995 294.8971 14.43185621 27995
1 41183U 15081E   16184.80155558  .00000039  00000-0  57797-4 0  9990,2 41183  47.0047 174.8463 0001073  80.8982 279.2017 14.43185399 28184
1 41183U 15081E   16185.77079647 +.00000141 +00000-0 +87745-4 0  9991,2 41183 047.0032 170.3778 0001076 087.0992 273.0018 14.43186409028323
1 41183U 15081E   16186.04772222  .00000237  00000-0  11614-3 0  9998,2 41183  47.0029 169.1008 0001072  89.2164 270.8867 14.43187148 28364
1 41183U 15081E   16186.80926712 +.00000386 +00000-0 +16010-3 0  9997,2 41183 047.0024 165.5889 0001052 093.3514 266.7491 14.43188375028471
1 41183U 15081E   16187.29388723  .00000185  00000-0  10085-3 0  9998,2 41183  47.0031 163.3547 0001025  94.3480 265.7479 14.43187659 28546
1 41183U 15081E   16187.77850801 +.00000222 +00000-0 +11173-3 0  9993,2 41183 047.0035 161.1203 0001027 092.7224 267.3779 14.43188204028611
1 41183U 15081E   16188.33235981  .00000057  00000-0  62980-4 0  9991,2 41183  47.0030 158.5664 0001082  98.4094 261.6909 14.43187655 28695
1 41183U 15081E   16188.81697996 -.00000031 +00000-0 +37130-4 0  9994,2 41183 047.0036 156.3321 0001001 101.4549 258.6459 14.43187583028762
1 41183U 15081E   16189.37083257 -.00000225  00000-0 -20066-4 0  9991,2 41183  47.0028 153.7787 0001023  98.8815 261.2180 14.43186404 28840
1 41183U 15081E   16189.78622143 -.00000219 +00000-0 -18234-4 0  9996,2 41183 047.0030 151.8627 0001006 095.8008 264.2990 14.43186488028908
1 41183U 15081E   16190.68623032 -.00000074  00000-0  24313-4 0  9998,2 41183  47.0031 147.7135 0001005 101.2059 258.8942 14.43187125 29034
1 41183U 15081E   16191.86316440  .00000031  00000-0  55353-4 0  9991,2 41183  47.0042 142.2877 0001037 105.0591 255.0413 14.43188131 29206
1 41183U 15081E   16192.90163585  .00000008  00000-0  48698-4 0  9995,2 41183  47.0050 137.5017 0001130 114.2353 245.8640 14.43188257 29354
1 41183U 15081E   16193.80164397 +.00000029 +00000-0 +54723-4 0  9996,2 41183 047.0061 133.3515 0001169 120.5469 239.5526 14.43188688029488
1 41183U 15081E   16194.28626347  .00000038  00000-0  57567-4 0  9996,2 41183  47.0054 131.1175 0001145 123.8316 236.2668 14.43188867 29557
1 41183U 15081E   16194.84011441 +.00000046 +00000-0 +59943-4 0  9990,2 41183 047.0051 128.5639 0001201 129.9682 230.1311 14.43189156029634
1 41183U 15081E   16195.80935353  .00000062  00000-0  64586-4 0  9991,2 41183  47.0056 124.0950 0001201 137.5292 222.5700 14.43189528 29773
1 41183U 15081E   16196.84782346  .00000007  00000-0  48375-4 0  9995,2 41183  47.0040 119.3134 0001190 158.6249 201.4681 14.43189540 29925
1 41183U 15081E   16196.91705479 +.00000002 +00000-0 +46721-4 0  9993,2 41183 047.0040 118.9942 0001195 159.0655 201.0274 14.43189538029930
1 41183U 15081E   16197.88629336 -.00000021 +00000-0 +40022-4 0  9997,2 41183 047.0041 114.5258 0001262 163.6067 196.4854 14.43189742030071
1 41183U 15081E   16198.16321865  .00000004  00000-0  47481-4 0  9991,2 41183  47.0041 113.2492 0001272 164.6839 195.4080 14.43189965 30118
1 41183U 15081E   16198.85553181 -.00000015 +00000-0 +41855-4 0  9997,2 41183 047.0041 110.0573 0001315 168.0412 192.0499 14.43190080030214
1 41183U 15081E   16199.20168837 -.00000009  00000-0  43691-4 0  9990,2 41183  47.0041 108.4615 0001331 169.4718 190.6189 14.43190214 30268
1 41183U 15081E   16199.89400130 -.00000016 +00000-0 +41494-4 0  9997,2 41183 047.0041 105.2696 0001375 172.7719 187.3181 14.43190395030364
1 41183U 15081E   16200.86323926 -.00000038 +00000-0 +35092-4 0  9995,2 41183 047.0042 100.8011 0001434 176.9988 183.0900 14.43190558030506
1 41183U 15081E   16201.14016440 -.00000035  00000-0  35921-4 0  9995,2 41183  47.0042  99.5244 0001450 177.9281 182.1604 14.43190635 30544
1 41183U 15081E   16201.90170833 -.00000022 +00000-0 +39892-4 0  9993,2 41183 047.0042 096.0133 0001502 181.2706 178.8170 14.43190915030654
1 41183U 15081E   16202.17863334 -.00000004  00000-0  45143-4 0  9994,2 41183  47.0042  94.7366 0001516 182.2637 177.8236 14.43191099 30696
1 41183U 15081E   16202.87094581 -.00000003 +00000-0 +45254-4 0  9993,2 41183 047.0043 091.5448 0001563 185.1183 174.9681 14.43191327030790
1 41183U 15081E   16203.84018306  .00000000  00000-0  46303-4 0  9994,2 41183  47.0043  87.0763 0001617 188.8159 171.2692 14.43191683 30936
1 41183U 15081E   16203.90941429 +.00000000 +00000-0 +46324-4 0  9995,2 41183 047.0043 086.7571 0001620 189.0911 170.9939 14.43191703030946
1 41183U 15081E   16204.87865133 -.00000007 +00000-0 +44298-4 0  9995,2 41183 047.0044 082.2886 0001690 192.3527 167.7311 14.43191983031088
1 41183U 15081E   16205.08634498 -.00000005  00000-0  44697-4 0  9998,2 41183  47.0044  81.3311 0001700 193.0716 167.0119 14.43192048 31117
1 41183U 15081E   16205.91711940 -.00000013 +00000-0 +42389-4 0  9993,2 41183 047.0044 077.5008 0001759 196.0901 163.9923 14.43192256031232
1 41183U 15081E   16206.12481299 -.00000013  00000-0  42405-4 0  9997,2 41183  47.0044  76.5433 0001770 196.8876 163.1944 14.43192320 31265
1 41183U 15081E   16206.88635609 -.00000030 +00000-0 +37439-4 0  9996,2 41183 047.0044 073.0323 0001821 199.5000 160.5810 14.43192460031371
1 41183U 15081E   16207.50943662 -.00000012  00000-0  42704-4 0  9998,2 41183  47.0044  70.1596 0001855 202.0737 158.0063 14.43192765 31465
1 41183U 15081E   16207.85559246 -.00000015 +00000-0 +41779-4 0  9991,2 41183 047.0044 068.5637 0001885 203.1099 156.9696 14.43192865031514
1 41183U 15081E   16208.82483176 -.00000045  00000-0  32888-4 0  9991,2 41183  47.0044  64.0954 0001926 207.7304 152.3473 14.43189176 31651
1 41183U 15081E   16208.89406312 -.00000041 +00000-0 +34083-4 0  9990,2 41183 047.0045 063.7763 0001926 208.0479 152.0297 14.43189216031660
1 41183U 15081E   16209.93253321 -.00000100 +00000-0 +16891-4 0  9999,2 41183 047.0044 058.9882 0002005 210.7963 149.2799 14.43189313031814
1 41183U 15081E   16210.07099587 -.00000081  00000-0  22317-4 0  9996,2 41183  47.0044  58.3498 0002010 211.2817 148.7943 14.43189378 31839
1 41183U 15081E   16210.55561521 -.00000082 +00000-0 +22088-4 0  9997,2 41183 047.0045 056.1154 0002042 213.0064 147.0688 14.43189430031909
1 41183U 15081E   16211.80177908 -.00000068  00000-0  26162-4 0  9999,2 41183  47.0045  50.3700 0002110 217.0504 143.0230 14.43189695 32083
1 41183U 15081E   16211.87101042 -.00000069 +00000-0 +25851-4 0  9997,2 41183 047.0045 050.0509 0002111 217.2796 142.7937 14.43189695032094
1 41183U 15081E   16212.84024886 -.00000077  00000-0  23449-4 0  9995,2 41183  47.0046  45.5822 0002160 220.4323 139.6396 14.43189830 32239
1 41183U 15081E   16212.90948019 -.00000077 +00000-0 +23473-4 0  9992,2 41183 047.0046 045.2631 0002159 220.7066 139.3652 14.43189839032241
1 41183U 15081E   16213.87871855 -.00000078  00000-0  23170-4 0  9997,2 41183  47.0047  40.7945 0002209 223.7913 136.2791 14.43189986 32388
1 41183U 15081E   16214.91718816 -.00000073 +00000-0 +24722-4 0  9999,2 41183 047.0048 036.0067 0002255 227.2716 132.7974 14.43190150032539
1 41183U 15081E   16214.98641945 -.00000074  00000-0  24592-4 0  9990,2 41183  47.0048  35.6875 0002259 227.4623 132.6066 14.43190164 32541
1 41183U 15081E   16215.88642636 -.00000066 +00000-0 +26778-4 0  9997,2 41183 047.0048 031.5381 0002301 230.3145 129.7532 14.43190343032676
1 41183U 15081E   16216.50950796 -.00000077  00000-0  23542-4 0  9994,2 41183  47.0049  28.6655 0002323 232.5047 127.5622 14.43190414 32762
1 41183U 15081E   16216.92489567 -.00000065 +00000-0 +27246-4 0  9995,2 41183 047.0049 026.7504 0002334 233.8388 126.2276 14.43190565032823
1 41183U 15081E   16217.82490233 -.00000079  00000-0  23025-4 0  9993,2 41183  47.0049  22.6011 0002375 236.5973 123.4679 14.43190654 32955
1 41183U 15081E   16218.86337143 -.00000073  00000-0  24885-4 0  9997,2 41183  47.0050  17.8133 0002419 239.8782 120.1858 14.43190852 33102
1 41183U 15081E   16219.90184042 -.00000064  00000-0  27356-4 0  9997,2 41183  47.0050  13.0256 0002461 243.1033 116.9595 14.43191074 33254
1 41183U 15081E   16220.87107802 -.00000057 +00000-0 +29583-4 0  9990,2 41183 047.0051 008.5570 0002485 246.3090 113.7529 14.43191310033397
1 41183U 15081E   16221.42492798 -.00000057  00000-0  29591-4 0  9992,2 41183  47.0051   6.0035 0002508 248.0757 111.9856 14.43191433 33479
1 41183U 15081E   16221.84031543 -.00000053 +00000-0 +30750-4 0  9990,2 41183 047.0052 004.0885 0002515 249.3835 110.6775 14.43191559033532
1 41183U 15081E   16222.46339659 -.00000056  00000-0  29692-4 0  9994,2 41183  47.0052   1.2158 0002533 251.3920 108.6684 14.43191666 33627
1 41183U 15081E   16222.87878396 -.00000042 +00000-0 +33837-4 0  9996,2 41183 047.0053 359.3008 0002540 252.6806 107.3796 14.43191839033682
1 41183U 15081E   16223.50186502 -.00000030  00000-0  37505-4 0  9991,2 41183  47.0053 356.4282 0002559 254.6935 105.3662 14.43192033 33776
1 41183U 15081E   16223.84802112 -.00000023 +00000-0 +39402-4 0  9990,2 41183 047.0053 354.8324 0002566 255.7811 104.2784 14.43192149033825
1 41183U 15081E   16224.74802692 -.00000020  00000-0  40377-4 0  9993,2 41183  47.0054 350.6832 0002586 258.6141 101.4448 14.43192388 33959
1 41183U 15081E   16224.81725810 -.00000019 +00000-0 +40752-4 0  9992,2 41183 047.0054 350.3640 0002585 258.8598 101.1991 14.43192424033962
1 41183U 15081E   16225.78649483 -.00000007 +00000-0 +44223-4 0  9994,2 41183 047.0054 345.8956 0002610 261.9000 098.1583 14.43192783034100
1 41183U 15081E   16226.75573143 -.00000006 +00000-0 +44498-4 0  9994,2 41183 047.0053 341.4272 0002628 265.0672 094.9907 14.43193073034243
1 41183U 15081E   16227.44804318 -.00000010  00000-0  43307-4 0  9995,2 41183  47.0053 338.2354 0002645 267.1877  92.8700 14.43193242 34344
1 41183U 15081E   16227.79419907 -.00000010 +00000-0 +43221-4 0  9994,2 41183 047.0053 336.6397 0002639 268.4569 091.6008 14.43193327034395
1 41183U 15081E   16228.48651070 -.00000007  00000-0  44197-4 0  9999,2 41183  47.0052 333.4479 0002653 270.5361  89.5214 14.43193534 34496
1 41183U 15081E   16228.76343532 +.00000000 +00000-0 +46296-4 0  9995,2 41183 047.0052 332.1712 0002654 271.4412 088.6163 14.43193652034539
1 41183U 15081E   16229.73267143 -.00000001  00000-0  45844-4 0  9996,2 41183  47.0051 327.7028 0002657 274.6957  85.3619 14.43193932 34676
1 41183U 15081E   16230.63267617 -.00000008 +00000-0 +43853-4 0  9998,2 41183 047.0050 323.5534 0002660 277.6571 082.4007 14.43194178034807
1 41183U 15081E   16231.18652517 -.00000006  00000-0  44385-4 0  9995,2 41183  47.0049 321.0000 0002669 279.4817  80.5761 14.43194337 34889
1 41183U 15081E   16231.60191190 -.00000006 +00000-0 +44585-4 0  9999,2 41183 047.0049 319.0849 0002661 280.8298 079.2282 14.43194464034949
1 41183U 15081E   16232.22499194 -.00000003  00000-0  45488-4 0  9993,2 41183  47.0048 316.2123 0002665 282.8872  77.1710 14.43194640 35036
1 41183U 15081E   16232.70960972 -.00000002 +00000-0 +45723-4 0  9994,2 41183 047.0048 313.9781 0002656 284.4606 075.5979 14.43194780035105
1 41183U 15081E   16233.47115178 -.00000003  00000-0  45329-4 0  9992,2 41183  47.0047 310.4670 0002655 286.7673  73.2915 14.43194999 35210
1 41183U 15081E   16233.67884505 -.00000002 +00000-0 +45620-4 0  9994,2 41183 047.0047 309.5095 0002653 287.5199 072.5391 14.43195076035240
1 41183U 15081E   16234.50961806 -.00000015  00000-0  41808-4 0  9995,2 41183  47.0046 305.6793 0002649 290.1760  69.8835 14.43195270 35361
1 41183U 15081E   16234.64808023 -.00000016 +00000-0 +41511-4 0  9993,2 41183 047.0045 305.0410 0002649 290.7276 069.3320 14.43195309035387
1 41183U 15081E   16235.54808417 -.00000026  00000-0  38546-4 0  9995,2 41183  47.0044 300.8916 0002637 293.6269  66.4334 14.43195520 35514
1 41183U 15081E   16235.61731526 -.00000027 +00000-0 +38188-4 0  9992,2 41183 047.0044 300.5725 0002641 293.9295 066.1307 14.43195530035525
1 41183U 15081E   16236.65578123 -.00000029  00000-0  37610-4 0  9990,2 41183  47.0042 295.7847 0002631 297.3539  62.7073 14.43195784 35670
1 41183U 15081E   16237.62501593 -.00000026 +00000-0 +38681-4 0  9991,2 41183 047.0040 291.3161 0002616 300.4722 059.5899 14.43196058035813
1 41183U 15081E   16238.17886424 -.00000027  00000-0  38199-4 0  9996,2 41183  47.0039 288.7626 0002609 302.2603  57.8023 14.43196200 35894
1 41183U 15081E   16238.59425053 -.00000030 +00000-0 +37428-4 0  9997,2 41183 047.0038 286.8475 0002595 303.8306 056.2326 14.43196290035950
1 41183U 15081E   16239.49425397 -.00000036  00000-0  35761-4 0  9992,2 41183  47.0036 282.6980 0002571 306.9894  53.0750 14.43196481 36086
1 41183U 15081E   16239.56348501 -.00000038 +00000-0 +35118-4 0  9999,2 41183 047.0036 282.3788 0002571 307.2541 052.8104 14.43196482036094
1 41183U 15081E   16240.53271937 -.00000033  00000-0  36416-4 0  9993,2 41183  47.0034 277.9101 0002546 310.7480  49.3178 14.43196705 36230
1 41183U 15081E   16241.57118462 -.00000023  00000-0  39452-4 0  9993,2 41183  47.0033 273.1221 0002515 314.4521  45.6152 14.43196969 36382
1 41183U 15081E   16242.47118768 -.00000013 +00000-0 +42536-4 0  9998,2 41183 047.0032 268.9725 0002482 317.6954 042.3733 14.43197233036519
1 41183U 15081E   16243.09426652 -.00000012  00000-0  42739-4 0  9995,2 41183  47.0032 266.0997 0002467 319.9505  40.1193 14.43197428 36601
1 41183U 15081E   16243.50965256 -.00000027 +00000-0 +38264-4 0  9993,2 41183 047.0031 264.1846 0002457 321.6445 038.4259 14.43197431036667
1 41183U 15081E   16244.47888632 -.00000032  00000-0  36804-4 0  9996,2 41183  47.0031 259.7159 0002425 325.4176  34.6546 14.43197641 36808
1 41183U 15081E   16245.51735089 -.00000027  00000-0  38281-4 0  9994,2 41183  47.0030 254.9280 0002385 329.4102  30.6638 14.43197916 36956
1 41183U 15081E   16246.48658434 -.00000023 +00000-0 +39546-4 0  9990,2 41183 047.0030 250.4593 0002340 333.0755 027.0003 14.43198177037092
1 41183U 15081E   16247.45581759 -.00000026  00000-0  38656-4 0  9997,2 41183  47.0029 245.9906 0002298 337.0085  23.0691 14.43198433 37239
1 41183U 15081E   16248.84043623 -.00000031  00000-0  37074-4 0  9993,2 41183  47.0029 239.6067 0002245 342.7303  17.3500 14.43198769 37434
1 41183U 15081E   16248.90966715 -.00000033 +00000-0 +36674-4 0  9993,2 41183 047.0029 239.2875 0002238 342.9743 017.1062 14.43198776037449
1 41183U 15081E   16249.94813090 -.00000028 +00000-0 +38138-4 0  9996,2 41183 047.0029 234.4995 0002178 347.1304 012.9519 14.43199047037590
1 41183U 15081E   16250.15582364 -.00000029  00000-0  37849-4 0  9997,2 41183  47.0029 233.5419 0002159 347.9835  12.0993 14.43199098 37624
1 41183U 15081E   16250.91736365 -.00000028 +00000-0 +37962-4 0  9998,2 41183 047.0029 230.0307 0002135 351.4837 008.6005 14.43199268037734
1 41183U 15081E   16251.40197993 -.00000025  00000-0  38776-4 0  9992,2 41183  47.0029 227.7964 0002109 353.8583   6.2270 14.43199420 37807
1 41183U 15081E   16251.95582700 -.00000028 +00000-0 +37945-4 0  9996,2 41183 047.0030 225.2427 0002083 356.1987 003.8876 14.43199568037887
1 41183U 15081E   16252.92505929 -.00000021 +00000-0 +40091-4 0  9991,2 41183 047.0031 220.7740 0002041 000.9692 359.1191 14.43199878038025
1 41183U 15081E   16253.13275184 -.00000019  00000-0  40596-4 0  9999,2 41183  47.0031 219.8165 0002024   1.7941 358.2946 14.43199968 38053
1 41183U 15081E   16253.34044446 -.00000011 +00000-0 +42937-4 0  9990,2 41183 047.0031 218.8590 0002018 003.0113 357.0778 14.43200059038080
1 41183U 15081E   16254.37890726  .00000001  00000-0  46610-4 0  9994,2 41183  47.0032 214.0711 0001969   8.1574 351.9337 14.43200423 38231
1 41183U 15081E   16254.93275393 -.00000006 +00000-0 +44645-4 0  9995,2 41183 047.0033 211.5174 0001937 010.5610 349.5310 14.43200567038312
1 41183U 15081E   16255.90198549  .00000003  00000-0  47103-4 0  9998,2 41183  47.0033 207.0489 0001895  15.6881 344.4056 14.43200947 38458
1 41183U 15081E   16256.87121679 -.00000005 +00000-0 +44827-4 0  9998,2 41183 047.0034 202.5803 0001851 020.6047 339.4907 14.43201256038599
1 41183U 15081E   16257.14813998 -.00000013  00000-0  42427-4 0  9994,2 41183  47.0034 201.3036 0001837  22.1210 337.9749 14.43201315 38635
1 41183U 15081E   16257.84044788 -.00000014 +00000-0 +42064-4 0  9992,2 41183 047.0034 198.1117 0001808 025.7097 334.3872 14.43201533038739
1 41183U 15081E   16258.25583258 -.00000012  00000-0  42720-4 0  9995,2 41183  47.0034 196.1967 0001794  28.1758 331.9219 14.43201686 38798
1 41183U 15081E   16258.87890950 -.00000005 +00000-0 +44773-4 0  9995,2 41183 047.0034 193.3239 0001760 031.4402 328.6582 14.43201915038886
1 41183U 15081E   16259.29429404  .00000006  00000-0  48113-4 0  9996,2 41183  47.0034 191.4088 0001744  33.9051 326.1940 14.43202127 38940
1 41183U 15081E   16259.84814003 +.00000015 +00000-0 +50658-4 0  9997,2 41183 047.0034 188.8552 0001721 037.0511 323.0487 14.43202358039025
1 41183U 15081E   16260.81737027  .00000026  00000-0  53890-4 0  9999,2 41183  47.0034 184.3866 0001688  42.7319 317.3692 14.43202785 39168
1 41183U 15081E   16260.88660100 +.00000024 +00000-0 +53337-4 0  9997,2 41183 047.0034 184.0674 0001685 043.3049 316.7962 14.43202808039176
1 41183U 15081E   16261.85583101 +.00000031 +00000-0 +55362-4 0  9998,2 41183 047.0035 179.5988 0001656 049.3186 310.7837 14.43203185039310
1 41183U 15081E   16262.20198458  .00000033  00000-0  56034-4 0  9994,2 41183  47.0035 178.0029 0001659  51.5473 308.5555 14.43203311 39365
1 41183U 15081E   16262.89429142 +.00000039 +00000-0 +57732-4 0  9998,2 41183 047.0035 174.8109 0001635 055.9968 304.1067 14.43203601039462
1 41183U 15081E   16263.24044486  .00000048  00000-0  60502-4 0  9991,2 41183  47.0036 173.2150 0001639  58.1923 301.9116 14.43203770 39515
1 41183U 15081E   16263.79429017 +.00000059 +00000-0 +63768-4 0  9997,2 41183 047.0036 170.6615 0001624 061.6717 298.4326 14.43204046039594
1 41183U 15081E   16264.83274973  .00000069  00000-0  66585-4 0  9993,2 41183  47.0036 165.8737 0001612  68.4768 291.6283 14.43204600 39743
1 41183U 15081E   16265.80197850 +.00000062 +00000-0 +64565-4 0  9998,2 41183 047.0036 161.4052 0001603 074.5081 285.5975 14.43204987039884
1 41183U 15081E   16266.14813165  .00000048  00000-0  60551-4 0  9995,2 41183  47.0036 159.8093 0001606  76.6380 283.4679 14.43205031 39933
1 41183U 15081E   16266.84043771 +.00000028 +00000-0 +54478-4 0  9999,2 41183 047.0036 156.6174 0001604 081.3171 278.7890 14.43205196040034
1 41183U 15081E   16267.87889668  .00000003  00000-0  47029-4 0  9993,2 41183  47.0035 151.8296 0001603  88.1686 271.9377 14.43205396 40183
1 41183U 15081E   16268.77889424 -.00000004 +00000-0 +45054-4 0  9991,2 41183 047.0034 147.6801 0001613 093.9973 266.1091 14.43205648040315
1 41183U 15081E   16269.12504711 -.00000004  00000-0  45190-4 0  9995,2 41183  47.0033 146.0842 0001620  96.0375 264.0689 14.43205759 40368
1 41183U 15081E   16269.88658323 -.00000017 +00000-0 +41276-4 0  9992,2 41183 047.0033 142.5730 0001634 101.3836 258.7227 14.43205934040477
1 41183U 15081E   16270.16350541 -.00000005  00000-0  44807-4 0  9996,2 41183  47.0032 141.2963 0001637 102.7867 257.3195 14.43206092 40512
1 41183U 15081E   16270.71734974 -.00000014 +00000-0 +42039-4 0  9998,2 41183 047.0032 138.7426 0001650 106.6248 253.4812 14.43206193040591
1 41183U 15081E   16272.10196033  .00000015  00000-0  50582-4 0  9993,2 41183  47.0031 132.3587 0001691 115.6741 244.4313 14.43206687 40797
1 41183U 15081E   16272.72503484 +.00000022 +00000-0 +52898-4 0  9993,2 41183 047.0031 129.4858 0001731 120.3017 239.8034 14.43206921040888
1 41183U 15081E   16273.07119357  .00000037  00000-0  57151-4 0  9997,2 41183  47.0032 127.8901 0001669 125.3988 234.7048 14.43186464 40936
1 41183U 15081E   16273.83274009 +.00000036 +00000-0 +56797-4 0  9991,2 41183 047.0032 124.3788 0001722 129.6265 230.4767 14.43186243041045
1 41183U 15081E   16274.80198082  .00000012  00000-0  49702-4 0  9997,2 41183  47.0032 119.9102 0001778 135.3835 224.7187 14.43186559 41180
1 41183U 15081E   16274.94044383 -.00000004 +00000-0 +45125-4 0  9993,2 41183 047.0032 119.2718 0001764 135.6924 224.4097 14.43186522041203
1 41183U 15081E   16275.90968431 -.00000017 +00000-0 +41333-4 0  9990,2 41183 047.0032 114.8032 0001824 141.5543 218.5467 14.43186775041343
1 41183U 15081E   16276.04814722 -.00000013  00000-0  42335-4 0  9998,2 41183  47.0032 114.1649 0001831 142.2696 217.8312 14.43186834 41364
1 41183U 15081E   16276.87892466 -.00000034 +00000-0 +36262-4 0  9995,2 41183 047.0032 110.3346 0001887 147.0962 213.0036 14.43186974041485
1 41183U 15081E   16277.50200762 -.00000036  00000-0  35762-4 0  9994,2 41183  47.0032 107.4618 0001912 150.5095 209.5892 14.43187137 41571
1 41183U 15081E   16277.91739626 -.00000045 +00000-0 +32964-4 0  9996,2 41183 047.0032 105.5468 0001940 152.5722 207.5260 14.43187207041635
1 41183U 15081E   16278.88663614 -.00000053 +00000-0 +30703-4 0  9994,2 41183 047.0032 101.0781 0001999 157.6974 202.3993 14.43187454041778
1 41183U 15081E   16278.95586750 -.00000049  00000-0  31684-4 0  9991,2 41183  47.0032 100.7589 0002005 158.0535 202.0430 14.43187507 41780
1 41183U 15081E   16279.92510732 -.00000057 +00000-0 +29421-4 0  9991,2 41183 047.0033 096.2901 0002071 163.1026 196.9922 14.43187679041926
1 41183U 15081E   16280.68665279 -.00000060  00000-0  28665-4 0  9996,2 41183  47.0033  92.7789 0002119 167.0033 193.0901 14.43187805 42034
1 41183U 15081E   16280.89434701 -.00000058 +00000-0 +29202-4 0  9998,2 41183 047.0033 091.8214 0002130 167.9435 192.1495 14.43187848042063
1 41183U 15081E   16281.86358661 -.00000048  00000-0  32162-4 0  9994,2 41183  47.0034  87.3526 0002179 172.5031 187.5882 14.43188075 42204
1 41183U 15081E   16282.90205733 -.00000040  00000-0  34386-4 0  9993,2 41183  47.0035  82.5647 0002238 177.2698 182.8194 14.43188350 42359
1 41183U 15081E   16283.87129645 -.00000041 +00000-0 +34299-4 0  9991,2 41183 047.0037 078.0960 0002296 181.6779 178.4093 14.43188584042495
1 41183U 15081E   16284.49437863 -.00000034  00000-0  36345-4 0  9990,2 41183  47.0038  75.2232 0002338 184.6760 175.4098 14.43188770 42586
1 41183U 15081E   16284.84053539 -.00000029 +00000-0 +37610-4 0  9993,2 41183 047.0039 073.6274 0002364 186.1927 173.8924 14.43188874042637
1 41183U 15081E   16285.80977412 -.00000018  00000-0  41011-4 0  9993,2 41183  47.0041  69.1588 0002434 190.6433 169.4396 14.43189184 42772
1 41183U 15081E   16285.87900545 -.00000019 +00000-0 +40610-4 0  9998,2 41183 047.0041 068.8396 0002439 190.9648 169.1179 14.43189199042784
