1 41185U 15081G   15356.14751957 -.00000210  00000-0  00000+0 0  9996,2 41185  46.9971   2.3802 0030079  17.1070  94.7777 14.78315938    18
1 41185U 15081G   15356.39686169 -.00000210  00000-0  00000+0 0  9995,2 41185  47.0021   1.1640 0030020  17.6244 342.5698 14.78471859    52
1 41185U 15081G   15356.39688951 -.00000211  00000-0  00000+0 0  9997,2 41185  47.0058   1.1784 0031340  15.9271 344.5001 14.78578506    55
1 41185U 15081G   15356.53199002 -.00000210  00000-0  00000+0 0  9996,2 41185  47.0061   0.5103 0029673  18.6865 341.3675 14.78471585    75
1 41185U 15081G   15356.53201669 -.00000210  00000-0  00000+0 0  9999,2 41185  47.0021   0.5044 0030020  18.2643 341.9259 14.78467417    76
1 41185U 15081G   15356.66717352 -.00000210  00000-0  00000+0 0  9994,2 41185  47.0021 359.8449 0030020  18.9043 341.2949 14.78466760    97
1 41185U 15081G   15356.86990726  .00000534  00000-0  10000-3 0  9997,2 41185  47.0020 358.8602 0030187  20.2787 339.9309 14.78469706   122
1 41185U 15081G   15356.93748479  .00000534  00000-0  10000-3 0  9991,2 41185  47.0018 358.5306 0030203  20.6024 339.6077 14.78469795   132
1 41185U 15081G   15357.14021797 -.00015899  00000-0 -21152-2 0  9993,2 41185  46.9998 357.5463 0030230  21.0420 339.1530 14.78450285   161
1 41185U 15081G   15357.41053652 -.00005213  00000-0 -67343-3 0  9990,2 41185  47.0034 356.2220 0030078  22.8489 337.3932 14.78458075   201
1 41185U 15081G   15357.47811110  .00000534  00000-0  10000-3 0  9994,2 41185  47.0034 355.8923 0030078  23.1690 337.0651 14.78466830   218
1 41185U 15081G   15357.81599843 -.00002385 +00000-0 -29258-3 0  9991,2 41185 047.0037 354.2430 0030077 024.7735 335.4460 14.78460113000266
1 41185U 15081G   15358.89724240 +.00001329 +00000-0 +20685-3 0  9991,2 41185 047.0031 348.9680 0030037 029.8248 330.4364 14.78471167000425
1 41185U 15081G   15359.03239737  .00001245  00000-0  19564-3 0  9991,2 41185  47.0029 348.3087 0030040  30.5057 329.7556 14.78471193   443
1 41185U 15081G   15359.43786347 +.00001217 +00000-0 +19180-3 0  9992,2 41185 047.0032 346.3309 0030038 032.4034 327.8697 14.78472287000502
1 41185U 15081G   15360.31637149  .00001107  00000-0  17711-3 0  9992,2 41185  47.0033 342.0440 0030048  36.5687 323.7238 14.78474138   639
1 41185U 15081G   15360.85699139 +.00001102 +00000-0 +17640-3 0  9994,2 41185 047.0033 339.4059 0030037 039.1141 321.1924 14.78475506000710
1 41185U 15081G   15361.39761123  .00001113  00000-0  17783-3 0  9997,2 41185  47.0028 336.7693 0030021  41.6294 318.6886 14.78476588   795
1 41185U 15081G   15362.41127152  .00001026  00000-0  16623-3 0  9994,2 41185  47.0019 331.8292 0029890  46.8543 313.4839 14.78478300   944
1 41185U 15081G   15363.35735130 +.00001180 +00000-0 +18690-3 0  9996,2 41185 047.0030 327.2129 0029824 051.5983 308.7597 14.78481696001089
1 41185U 15081G   15364.10069805  .00001409  00000-0  21757-3 0  9991,2 41185  47.0030 323.5855 0029823  55.1176 305.2567 14.78484992  1190
1 41185U 15081G   15364.91161470 +.00002248 +00000-0 +33024-3 0  9993,2 41185 047.0028 319.6289 0029775 059.0729 301.3127 14.78492835001315
1 41185U 15081G   15365.11434337  .00002335  00000-0  34204-3 0  9999,2 41185  47.0026 318.6399 0029755  59.9961 300.3883 14.78494088  1342
1 41185U 15081G   15365.31707256 +.00002443 +00000-0 +35649-3 0  9998,2 41185 047.0031 317.6516 0029770 060.9753 299.4115 14.78495554001374
1 41185U 15081G   16001.33071932  .00001829  00000-0  27396-3 0  9990,2 41185  47.0041 312.7044 0029772  65.9757 294.4237 14.78497176  1527
1 41185U 15081G   16001.87132928 +.00001678 +00000-0 +25370-3 0  9994,2 41185 047.0039 310.0663 0029844 068.2596 292.1425 14.78498568001608
1 41185U 15081G   16002.81739753  .00000986  00000-0  16068-3 0  9993,2 41185  47.0038 305.4520 0029901  72.7919 287.6176 14.78498462  1740
1 41185U 15081G   16003.83104041  .00001176  00000-0  18624-3 0  9994,2 41185  47.0024 300.5101 0029931  77.5594 282.8658 14.78501880  1898
1 41185U 15081G   16004.77710364 +.00001153 +00000-0 +18319-3 0  9995,2 41185 047.0036 295.8947 0029824 082.3447 278.0842 14.78504164002034
1 41185U 15081G   16004.97983096  .00000965  00000-0  15795-3 0  9996,2 41185  47.0025 294.9072 0029976  83.0158 277.4049 14.78503506  2060
1 41185U 15081G   16005.79074262 +.00000666 +00000-0 +11769-3 0  9998,2 41185 047.0018 290.9509 0029953 086.9277 273.4988 14.78503867002183
1 41185U 15081G   16005.99347114  .00000558  00000-0  10326-3 0  9997,2 41185  47.0017 289.9619 0029928  88.0257 272.4034 14.78503516  2211
1 41185U 15081G   16006.73680542 +.00000561 +00000-0 +10358-3 0  9994,2 41185 047.0021 286.3354 0029895 091.7846 268.6476 14.78504746002326
1 41185U 15081G   16007.00710836  .00000484  00000-0  93259-4 0  9991,2 41185  47.0023 285.0166 0029855  93.1634 267.2657 14.78504673  2361
1 41185U 15081G   16007.75044154 +.00000530 +00000-0 +99494-4 0  9995,2 41185 047.0033 281.3912 0029872 096.7924 263.6374 14.78506160002471
1 41185U 15081G   16008.02074412  .00000512  00000-0  97071-4 0  9995,2 41185  47.0033 280.0722 0029857  98.0318 262.3952 14.78506371  2518
1 41185U 15081G   16008.89922717 +.00000556 +00000-0 +10300-3 0  9997,2 41185 047.0034 275.7864 0029844 102.1962 258.2276 14.78507971002649
1 41185U 15081G   16009.16952938  .00000591  00000-0  10758-3 0  9992,2 41185  47.0040 274.4693 0029855 103.3930 257.0280 14.78508569  2682
1 41185U 15081G   16009.71013365 +.00000623 +00000-0 +11195-3 0  9997,2 41185 047.0040 271.8315 0029777 105.9591 254.4604 14.78509702002768
1 41185U 15081G   16010.18316212  .00000584  00000-0  10663-3 0  9992,2 41185  47.0039 269.5252 0029812 108.3965 252.0184 14.78510106  2837
1 41185U 15081G   16010.72376510 +.00000621 +00000-0 +11162-3 0  9996,2 41185 047.0039 266.8876 0029783 110.8422 249.5667 14.78511191002913
1 41185U 15081G   16011.66981952  .00000680  00000-0  11960-3 0  9993,2 41185  47.0035 262.2714 0029885 115.4436 244.9561 14.78512995  3050
1 41185U 15081G   16011.87254512 +.00000561 +00000-0 +10364-3 0  9996,2 41185 047.0026 261.2836 0029900 116.2810 244.1120 14.78512684003088
1 41185U 15081G   16012.81859884  .00000600  00000-0  10879-3 0  9999,2 41185  47.0017 256.6678 0029947 120.7924 239.5925 14.78514319  3221
1 41185U 15081G   16013.89980047 +.00000607 +00000-0 +10972-3 0  9995,2 41185 047.0007 251.3933 0030025 126.0672 234.3010 14.78516067003381
1 41185U 15081G   16014.10252555  .00000598  00000-0  10847-3 0  9996,2 41185  47.0007 250.4042 0030041 127.0162 233.3487 14.78516416  3414
1 41185U 15081G   16015.11615216  .00000066  00000-0  37122-4 0  9991,2 41185  47.0013 245.4594 0030119 132.6526 227.6911 14.78514820  3560
1 41185U 15081G   16015.58917758 -.00000195 +00000-0 +19856-5 0  9997,2 41185 047.0013 243.1510 0030142 135.1486 225.1794 14.78513490003634
1 41185U 15081G   16015.79190398 -.00000198 +00000-0 +16476-5 0  9991,2 41185 047.0018 242.1612 0030149 136.2044 224.1264 14.78513570003663
1 41185U 15081G   16015.99462901 -.00004663  00000-0 -59891-3 0  9993,2 41185  47.0018 241.1718 0030149 137.1644 223.0285 14.78485930  3697
1 41185U 15081G   16016.73799720 -.00006880  00000-0 -89814-3 0  9999,2 41185  47.0011 237.5449 0029521 140.6950 219.5800 14.78468158  3800
1 41185U 15081G   16017.00831172 -.00011122  00000-0 -14705-2 0  9999,2 41185  47.0015 236.2311 0030315 140.1599 220.0315 14.78440683  3840
1 41185U 15081G   16017.07591294 -.00014184  00000-0 -18843-2 0  9992,2 41185  47.0002 235.8997 0030627 142.3752 217.9024 14.78425222  3857
1 41185U 15081G   16017.61655363 -.00034725  00000-0 -46822-2 0  9991,2 41185  47.0020 233.2592 0029388 145.0834 214.9117 14.78323407  3934
1 41185U 15081G   16018.69796558 -.00029424  00000-0 -39647-2 0  9999,2 41185  47.0039 227.9886 0029552 151.2475 209.0077 14.78270463  4094
1 41185U 15081G   16018.96831139 -.00030109 +00000-0 -40595-2 0  9990,2 41185 047.0039 226.6697 0029734 152.6037 207.6375 14.78251663004132
1 41185U 15081G   16019.98213899 -.00017420  00000-0 -23335-2 0  9994,2 41185  47.0081 221.7200 0027795 151.0499 209.5662 14.78273362  4281
1 41185U 15081G   16020.52274824 -.00011395  00000-0 -15129-2 0  9998,2 41185  47.0073 219.0836 0030357 154.6101 205.6576 14.78286195  4362
1 41185U 15081G   16020.72549961 -.00009236  00000-0 -12189-2 0  9991,2 41185  47.0044 218.1097 0032463 162.3354 197.9683 14.78293498  4394
1 41185U 15081G   16020.99582145 -.00006362  00000-0 -83192-3 0  9991,2 41185  46.9999 216.7770 0029007 160.8027 199.4178 14.78301722  4434
1 41185U 15081G   16021.53649226  .00000607  00000-0  81757-4 0  9996,2 41185  46.9984 214.1511 0029552 163.4381 196.7994 14.78323238  4511
1 41185U 15081G   16021.67164985  .00000423  00000-0  85318-4 0  9998,2 41185  46.9998 213.4866 0029618 163.4845 196.7027 14.78323798  4539
1 41185U 15081G   16022.75298712  .00000780  00000-0  13340-3 0  9995,2 41185  46.9997 208.2131 0029506 168.6613 191.4963 14.78327312  4695
1 41185U 15081G   16023.63157169 +.00001042 +00000-0 +16884-3 0  9991,2 41185 046.9998 203.9297 0029547 172.8429 187.2888 14.78330359004827
1 41185U 15081G   16023.96948862  .00001046  00000-0  16929-3 0  9999,2 41185  46.9996 202.2809 0029550 174.4944 185.6277 14.78331115  4870
1 41185U 15081G   16024.71290557 +.00000894 +00000-0 +14877-3 0  9994,2 41185 046.9997 198.6541 0029491 177.9568 182.1417 14.78332019004980
1 41185U 15081G   16025.86182240 -.00001629  00000-0 -19246-3 0  9994,2 41185  47.0000 193.0554 0029470 183.8386 175.5647 14.78160329  5155
1 41185U 15081G   16026.67304056  .00000679  00000-0  12031-3 0  9992,2 41185  46.9994 189.1030 0029007 188.1070 171.9359 14.78164328  5270
1 41185U 15081G   16027.07858645 -.00032272  00000-0 -43789-2 0  9994,2 41185  46.9957 187.1227 0027259 197.1740 162.6648 14.78068635  5335
1 41185U 15081G   16027.48419220 -.00068282  00000-0 -93771-2 0  9997,2 41185  46.9957 185.1445 0027269 199.0900 160.6080 14.77924225  5394
1 41185U 15081G   16027.68705450 -.00074662  00000-0 -10303-1 0  9990,2 41185  47.0044 184.1538 0021519 191.3101 168.6017 14.77874969  5426
1 41185U 15081G   16028.56590819 -.00059735  00000-0  00000+0 0  9993,2 41185  47.0151 179.8695 0027363 198.1673 161.8800 14.77821970  5432
1 41185U 15081G   16028.63358153 -.00056868  00000-0 -78282-2 0  9999,2 41185  47.0035 179.5399 0022113 194.9190 165.4169 14.77822450  5563
1 41185U 15081G   16028.83634489 -.00057168 +00000-0 -78763-2 0  9998,2 41185 046.9965 178.5388 0021697 199.7248 160.2848 14.77795231005599
1 41185U 15081G   16029.78295837 -.00069232  00000-0 -96032-2 0  9997,2 41185  46.9967 173.9260 0021671 204.0668 155.9080 14.77610347  5736
1 41185U 15081G   16029.91819468 -.00071752  00000-0 -99643-2 0  9995,2 41185  46.9967 173.2670 0021677 204.7029 155.2596 14.77581368  5755
1 41185U 15081G   16030.79725255 -.00067947  00000-0 -94516-2 0  9998,2 41185  46.9967 168.9833 0021716 208.8362 151.1857 14.77479797  5887
1 41185U 15081G   16031.40586011 -.00072544  00000-0 -10127-1 0  9996,2 41185  46.9967 166.0179 0021742 211.6991 148.0898 14.77364597  5979
1 41185U 15081G   16031.87929730 -.00084302  00000-0 -11833-1 0  9996,2 41185  46.9965 163.7115 0021127 211.0921 148.6606 14.77233319  6044
1 41185U 15081G   16032.48807671 -.00080574  00000-0 -11329-1 0  9990,2 41185  46.9973 160.7459 0019592 221.6640 138.4397 14.77154822  6134
1 41185U 15081G   16032.69096045 -.00072554  00000-0 -10175-1 0  9995,2 41185  46.9933 159.7588 0022198 211.6917 148.4277 14.77166000  6165
1 41185U 15081G   16032.75856677 -.00072327 +00000-0 -10144-1 0  9991,2 41185 046.9933 159.4295 0022201 212.0095 147.9397 14.77157680006176
1 41185U 15081G   16034.44932350  .00000682  00000-0  12292-3 0  9993,2 41185  47.0004 151.2265 0025659 226.9088 132.9658 14.77290019  6426
1 41185U 15081G   16035.59905335  .00000622  00000-0  11469-3 0  9992,2 41185  47.0012 145.6195 0025311 232.3314 127.5267 14.77291543  6599
1 41185U 15081G   16035.66668481 +.00000621 +00000-0 +11455-3 0  9992,2 41185 047.0014 145.2905 0025314 232.6843 127.1738 14.77291644006602
1 41185U 15081G   16037.56035549 -.00037099  00000-0 -51794-2 0  9996,2 41185  46.9942 136.0556 0025886 244.0649 113.4149 14.76957730  6883
1 41185U 15081G   16037.69608910 -.00060051  00000-0 -84550-2 0  9998,2 41185  47.0003 135.4256 0023289 238.5103 121.2554 14.76875779  6903
1 41185U 15081G   16038.30497712 -.00042107  00000-0 -59009-2 0  9996,2 41185  46.9935 132.4478 0024170 247.7937 112.2736 14.76886839  6995
1 41185U 15081G   16038.64317685 -.00039337  00000-0 -55102-2 0  9994,2 41185  46.9982 130.8041 0024184 251.0160 108.8113 14.76874917  7047
1 41185U 15081G   16039.38734375 -.00028989  00000-0 -40490-2 0  9990,2 41185  46.9918 127.1720 0023185 258.1982 101.8209 14.76870046  7159
1 41185U 15081G   16039.59026055 -.00026888  00000-0 -37535-2 0  9994,2 41185  46.9946 126.1817 0022513 259.7357 100.1362 14.76870315  7187
1 41185U 15081G   16040.19911562  .00000910  00000-0  15582-3 0  9993,2 41185  47.0012 123.2377 0024056 254.8360 105.2778 14.76938136  7279
1 41185U 15081G   16040.60494410 +.00001371 +00000-0 +22020-3 0  9994,2 41185 047.0012 121.2643 0024100 256.5930 103.2284 14.76941350007334
1 41185U 15081G   16041.34906386  .00001455  00000-0  23189-3 0  9996,2 41185  47.0011 117.6431 0024159 259.8939  99.9248 14.76944157  7447
1 41185U 15081G   16041.68729984 +.00001421 +00000-0 +22719-3 0  9991,2 41185 047.0017 115.9984 0024206 261.2481 098.5670 14.76944993007496
1 41185U 15081G   16042.36377117  .00001228  00000-0  20015-3 0  9996,2 41185  47.0019 112.7068 0024254 263.9681  95.8415 14.76946140  7594
1 41185U 15081G   16042.63436030 +.00001378 +00000-0 +22110-3 0  9990,2 41185 047.0016 111.3910 0024275 265.2238 094.5887 14.76947497007638
1 41185U 15081G   16043.37847763  .00001221  00000-0  19917-3 0  9999,2 41185  47.0017 107.7701 0024255 268.7987  91.0076 14.76948989  7744
1 41185U 15081G   16043.64906678 +.00001143 +00000-0 +18838-3 0  9994,2 41185 047.0015 106.4531 0024275 270.3418 089.4686 14.76949476007783
1 41185U 15081G   16044.39318337  .00001117  00000-0  18469-3 0  9997,2 41185  47.0015 102.8308 0024237 273.8797  85.9304 14.76951450  7896
1 41185U 15081G   16044.59612456 +.00001255 +00000-0 +20400-3 0  9999,2 41185 047.0022 101.8437 0024153 274.7030 085.1119 14.76952685007924
1 41185U 15081G   16045.47553302  .00001324  00000-0  21364-3 0  9998,2 41185  47.0021  97.5624 0024155 278.9039  80.9112 14.76955457  8050
1 41185U 15081G   16045.54317996 +.00001339 +00000-0 +21562-3 0  9999,2 41185 047.0021 097.2331 0024155 279.2234 080.5921 14.76955656008069
1 41185U 15081G   16045.94906061 +.00001420 +00000-0 +22705-3 0  9991,2 41185 047.0021 095.2572 0024155 281.1407 078.6783 14.76957295008120
1 41185U 15081G   16047.57257914 -.00194494  00000-0 -28542-1 0  9997,2 41185  47.0043  87.3664 0022295 287.6926  68.5220 14.76062028  8369
1 41185U 15081G   16049.53609404  .00000974  00000-0  16778-3 0  9997,2 41185  47.0007  77.8281 0020776 295.3620  64.5121 14.76151978  8658
1 41185U 15081G   16051.43126046  .00001025  00000-0  17502-3 0  9999,2 41185  47.0011  68.6122 0020612 304.4029  55.6181 14.76156241  8935
1 41185U 15081G   16051.49892020 +.00001024 +00000-0 +17491-3 0  9993,2 41185 047.0011 068.2831 0020618 304.7362 055.1589 14.76156408008940
1 41185U 15081G   16052.44648987  .00000832  00000-0  14745-3 0  9995,2 41185  47.0003  63.6767 0020611 309.1180  50.7863 14.76157525  9081
1 41185U 15081G   16052.85259112 +.00000766 +00000-0 +13804-3 0  9999,2 41185 047.0003 061.7021 0020611 311.0340 048.8767 14.76158094009143
1 41185U 15081G   16053.80016111  .00000360  00000-0  80199-4 0  9997,2 41185  47.0003  57.0949 0020611 315.5047  44.4179 14.76157585  9281
1 41185U 15081G   16054.81541365  .00000500  00000-0  10023-3 0  9997,2 41185  47.0026  52.1634 0020609 320.3924  39.5444 14.76159716  9433
1 41185U 15081G   16055.42456548 +.00000410 +00000-0 +87401-4 0  9998,2 41185 047.0027 049.2029 0020590 323.3559 036.5927 14.76160127009526
1 41185U 15081G   16056.03371625  .00000343  00000-0  77798-4 0  9991,2 41185  47.0023  46.2418 0020595 326.1647  33.7920 14.76160535  9610
1 41185U 15081G   16056.77824292  .00000725  00000-0  10313-3 0  9998,2 41185  47.0002  42.6306 0020408 328.3965  31.6193 14.76162054  9722
1 41185U 15081G   16056.84591742 +.00000470 +00000-0 +95893-4 0  9991,2 41185 047.0022 042.2942 0020593 330.0989 029.8738 14.76162056009734
1 41185U 15081G   16057.11665062  .00000361  00000-0  80310-4 0  9996,2 41185  47.0024  40.9777 0020585 331.4152  28.5589 14.76161862  9773
1 41185U 15081G   16057.79348409 +.00000524 +00000-0 +10362-3 0  9993,2 41185 047.0027 037.6882 0020506 334.5799 025.4092 14.76163578009872
1 41185U 15081G   16058.33495061  .00000451  00000-0  93174-4 0  9993,2 41185  47.0025  35.0579 0020456 337.0970  22.9001 14.76163975  9950
1 41185U 15081G   16058.74105041 +.00000490 +00000-0 +98728-4 0  9997,2 41185 047.0025 033.0837 0020459 339.0188 020.9868 14.76164700010016
1 41185U 15081G   16059.89166513  .00000479  00000-0  97196-4 0  9990,2 41185  47.0028  27.4917 0020299 344.1473  15.8786 14.76166228 10188
1 41185U 15081G   16060.90691358  .00000428  00000-0  89966-4 0  9994,2 41185  47.0028  22.5577 0020305 348.9699  11.0764 14.76167251 10334
1 41185U 15081G   16061.85447745 +.00000473 +00000-0 +96374-4 0  9999,2 41185 047.0030 017.9523 0020292 353.3576 006.7067 14.76168686010470
1 41185U 15081G   16061.98984321  .00000443  00000-0  92047-4 0  9999,2 41185  47.0032  17.2943 0020260 353.9847   6.0797 14.76168732 10490
1 41185U 15081G   16062.66667379 +.00000569 +00000-0 +10997-3 0  9998,2 41185 047.0032 014.0040 0020351 357.2144 002.8628 14.76170157010593
1 41185U 15081G   16063.27582117  .00000568  00000-0  10985-3 0  9998,2 41185  47.0032  11.0443 0020275   0.0008   0.0883 14.76170985 10686
1 41185U 15081G   16063.68191897 +.00000600 +00000-0 +11446-3 0  9994,2 41185 047.0033 009.0699 0020294 001.9305 358.1667 14.76171793010740
1 41185U 15081G   16063.68192914  .00000695  00000-0  98838-4 0  9990,2 41185  47.0010   9.0782 0019978   0.9367 359.2057 14.76171008 10746
1 41185U 15081G   16064.62948006  .00000427  00000-0  89770-4 0  9994,2 41185  47.0035   4.4642 0020284   6.2416 353.8710 14.76172392 10881
1 41185U 15081G   16065.71240489  .00000804  00000-0  14349-3 0  9993,2 41185  47.0035 359.2009 0020232  11.4257 348.7116 14.76176200 11047
1 41185U 15081G   16066.86301021 +.00000659 +00000-0 +12292-3 0  9993,2 41185 047.0026 353.6091 0020185 016.8735 343.2778 14.76177514011215
1 41185U 15081G   16067.13374174  .00000782  00000-0  14042-3 0  9995,2 41185  47.0026 352.2927 0020185  18.1506 342.0136 14.76178691 11255
1 41185U 15081G   16067.87824882 +.00000919 +00000-0 +15990-3 0  9997,2 41185 047.0035 348.6740 0020111 021.7220 338.4540 14.76181267011362
1 41185U 15081G   16068.14897838  .00000970  00000-0  16721-3 0  9999,2 41185  47.0037 347.3579 0020142  23.0720 337.1079 14.76182195 11403
1 41185U 15081G   16068.89348359 +.00001079 +00000-0 +18269-3 0  9990,2 41185 047.0038 343.7399 0019979 026.6444 333.5461 14.76184726011511
1 41185U 15081G   16069.16421301  .00001131  00000-0  19002-3 0  9995,2 41185  47.0035 342.4246 0020136  28.0068 332.1871 14.76185556 11556
1 41185U 15081G   16069.84103606 +.00001154 +00000-0 +19331-3 0  9995,2 41185 047.0036 339.1340 0020135 031.1176 329.0903 14.76187424011657
1 41185U 15081G   16070.17944714  .00001181  00000-0  19721-3 0  9999,2 41185  47.0038 337.4926 0020018  32.8105 327.4022 14.76188413 11709
1 41185U 15081G   16070.58555043  .00001039  00000-0  14774-3 0  9992,2 41185  47.0009 335.5256 0019525  34.2735 325.9915 14.76187320 11764
1 41185U 15081G   16070.85626820 +.00001100 +00000-0 +18568-3 0  9998,2 41185 047.0039 334.2030 0019919 035.9526 324.2703 14.76189949011807
1 41185U 15081G   16071.19467915  .00000877  00000-0  15389-3 0  9992,2 41185  47.0034 332.5589 0019885  37.6878 322.5397 14.76189612 11855
1 41185U 15081G   16071.80381766 +.00000697 +00000-0 +12821-3 0  9997,2 41185 047.0029 329.5988 0019937 040.5567 319.6738 14.76189883011940
1 41185U 15081G   16072.20991161  .00000562  00000-0  10908-3 0  9993,2 41185  47.0035 327.6265 0019836  42.5347 317.7065 14.76189869 12004
1 41185U 15081G   16072.81905009 +.00000406 +00000-0 +86845-4 0  9997,2 41185 047.0037 324.6651 0019808 045.5615 314.6870 14.76190072012099
1 41185U 15081G   16073.76660243 -.00000374  00000-0 -24308-4 0  9992,2 41185  47.0035 320.0586 0019829  49.9188 310.3396 14.76186344 12239
1 41185U 15081G   16074.78183626 -.00000435  00000-0 -32991-4 0  9995,2 41185  47.0032 315.1236 0019872  55.0380 305.2391 14.76185976 12387
1 41185U 15081G   16075.79706647  .00000200  00000-0  57436-4 0  9990,2 41185  47.0030 310.1887 0019671  60.5016 299.7917 14.76189292 12539
1 41185U 15081G   16076.74461165 +.00000434 +00000-0 +90813-4 0  9994,2 41185 047.0030 305.5818 0019729 065.0146 295.2791 14.76191487012674
1 41185U 15081G   16077.01533927  .00000546  00000-0  10671-3 0  9998,2 41185  47.0031 304.2665 0019706  66.3377 293.9610 14.76192506 12719
1 41185U 15081G   16077.75983868 +.00000545 +00000-0 +10659-3 0  9997,2 41185 047.0030 300.6466 0019654 069.9864 290.3148 14.76193594012826
1 41185U 15081G   16078.09824750  .00000565  00000-0  10939-3 0  9992,2 41185  47.0032 299.0023 0019645  71.6564 288.6464 14.76194205 12871
1 41185U 15081G   16078.84274641 +.00000609 +00000-0 +11567-3 0  9990,2 41185 047.0027 295.3833 0019659 075.0826 285.2247 14.76195578012985
1 41185U 15081G   16079.79028906  .00000563  00000-0  10914-3 0  9990,2 41185  47.0024 290.7786 0019617  79.5875 280.7201 14.76196813 13125
1 41185U 15081G   16080.67014974 +.00000553 +00000-0 +10765-3 0  9992,2 41185 047.0026 286.5015 0019574 083.7869 276.5244 14.76198092013252
1 41185U 15081G   16081.41464627  .00000478  00000-0  97099-4 0  9991,2 41185  47.0028 282.8835 0019565  87.1324 273.1782 14.76198917 13365
1 41185U 15081G   16081.68537257 +.00000399 +00000-0 +85752-4 0  9995,2 41185 047.0028 281.5672 0019563 088.4056 271.9049 14.76198757013403
1 41185U 15081G   16082.63291266 +.00000349 +00000-0 +78611-4 0  9999,2 41185 047.0028 276.9605 0019579 092.7203 267.5876 14.76199606013544
1 41185U 15081G   16083.03900210  .00000363  00000-0  80665-4 0  9998,2 41185  47.0026 274.9889 0019520  94.6848 265.6276 14.76200199 13606
1 41185U 15081G   16084.32494807  .00000203  00000-0  57796-4 0  9993,2 41185  47.0018 268.7383 0019462 100.3445 259.9620 14.76200703 13790
1 41185U 15081G   16084.86639960 +.00000146 +00000-0 +49722-4 0  9999,2 41185 046.9988 266.1101 0019283 103.3773 256.9292 14.76200445013876
1 41185U 15081G   16085.34016834  .00000231  00000-0  61763-4 0  9996,2 41185  46.9982 263.8082 0019247 105.8438 254.4593 14.76201130 13944
1 41185U 15081G   16085.81393739 +.00000158 +00000-0 +51348-4 0  9996,2 41185 046.9986 261.5044 0019308 108.3391 251.9622 14.76201231014011
1 41185U 15081G   16086.49074949  .00000184  00000-0  55140-4 0  9993,2 41185  46.9990 258.2131 0019291 111.8125 248.4849 14.76201959 14111
1 41185U 15081G   16086.69379262 -.00000082 +00000-0 +17231-4 0  9998,2 41185 047.0004 257.2246 0019266 113.3925 246.8955 14.76200557014148
1 41185U 15081G   16087.84437248  .00000260  00000-0  66000-4 0  9990,2 41185  47.0007 251.6326 0019572 118.3609 241.9208 14.76203402 14310
1 41185U 15081G   16088.72422748 +.00000299 +00000-0 +71446-4 0  9999,2 41185 047.0006 247.3551 0019498 122.5377 237.7388 14.76204361014448
1 41185U 15081G   16089.46871903  .00000305  00000-0  72378-4 0  9995,2 41185  47.0004 243.7380 0019579 126.3647 233.9042 14.76205239 14550
1 41185U 15081G   16089.53640030 +.00000282 +00000-0 +69126-4 0  9999,2 41185 047.0003 243.4087 0019582 126.6583 233.6111 14.76205206014565
1 41185U 15081G   16090.41625314 +.00000393 +00000-0 +84943-4 0  9993,2 41185 047.0014 239.1332 0019646 131.0003 229.2594 14.76206702014692
1 41185U 15081G   16091.43146691  .00000393  00000-0  84893-4 0  9996,2 41185  47.0015 234.1976 0019610 135.7143 224.5340 14.76208035 14844
1 41185U 15081G   16091.56682830 +.00000396 +00000-0 +85257-4 0  9998,2 41185 047.0015 233.5391 0019553 135.9322 224.3109 14.76208124014867
1 41185U 15081G   16092.44667946  .00000384  00000-0  83623-4 0  9999,2 41185  46.9996 229.2607 0019488 140.4098 219.8228 14.76209001 14993
1 41185U 15081G   16092.51436015 +.00000398 +00000-0 +85509-4 0  9998,2 41185 046.9993 228.9319 0019420 140.9890 219.2401 14.76208923015009
1 41185U 15081G   16093.80029523  .00000334  00000-0  76430-4 0  9996,2 41185  47.0016 222.6833 0019507 146.9335 213.2771 14.76210349 15194
1 41185U 15081G   16094.74782592 +.00000156 +00000-0 +51137-4 0  9991,2 41185 047.0021 218.0788 0019746 151.8167 208.3806 14.76210490015338
1 41185U 15081G   16094.81550649  .00000207  00000-0  58370-4 0  9998,2 41185  47.0022 217.7500 0019683 152.0445 208.1508 14.76210771 15349
1 41185U 15081G   16095.76303475 +.00000479 +00000-0 +97026-4 0  9998,2 41185 047.0021 213.1430 0019716 156.6130 203.5672 14.76213133015489
1 41185U 15081G   16096.16911803  .00000499  00000-0  99914-4 0  9993,2 41185  47.0020 211.1683 0019686 158.4612 201.7115 14.76213812 15540
1 41185U 15081G   16096.50752132 +.00000305 +00000-0 +72297-4 0  9990,2 41185 047.0021 209.5233 0019766 160.3724 199.7936 14.76213195015594
1 41185U 15081G   16097.38736808  .00000494  00000-0  99282-4 0  9991,2 41185  47.0021 205.2455 0019809 164.6454 195.5094 14.76215335 15720
1 41185U 15081G   16097.72576936 +.00000600 +00000-0 +11424-3 0  9993,2 41185 047.0027 203.6010 0019761 166.1544 193.9886 14.76216280015775
1 41185U 15081G   16098.40257365  .00000464  00000-0  94931-4 0  9994,2 41185  47.0030 200.3137 0019745 169.3082 190.8180 14.76216625 15874
1 41185U 15081G   16098.53793549 +.00000448 +00000-0 +92649-4 0  9993,2 41185 047.0029 199.6559 0019753 169.9637 190.1648 14.76216708015897
1 41185U 15081G   16098.53794435  .00000652  00000-0  92590-4 0  9990,2 41185  46.9983 199.6624 0020073 171.3338 188.8401 14.76216334 15895
1 41185U 15081G   16099.55314133  .00000430  00000-0  90153-4 0  9993,2 41185  47.0032 194.7210 0019802 174.9291 185.1797 14.76217801 16040
1 41185U 15081G   16100.70370732  .00000414  00000-0  87850-4 0  9992,2 41185  47.0041 189.1316 0019903 180.5323 179.5553 14.76219265 16218
1 41185U 15081G   16101.51587024 +.00000669 +00000-0 +12404-3 0  9990,2 41185 047.0035 185.1848 0020079 184.3217 175.7532 14.76221390016337
1 41185U 15081G   16102.19267134  .00000743  00000-0  13466-3 0  9994,2 41185  47.0036 181.8943 0020141 187.5529 172.5092 14.76223058 16438
1 41185U 15081G   16102.53107287 +.00000525 +00000-0 +10356-3 0  9997,2 41185 047.0038 180.2511 0020176 189.1544 170.8984 14.76222275016483
1 41185U 15081G   16103.34323442  .00000440  00000-0  91504-4 0  9991,2 41185  47.0032 176.3016 0020132 193.2909 166.7450 14.76222995 16601
1 41185U 15081G   16103.54627487 +.00000269 +00000-0 +67143-4 0  9990,2 41185 047.0030 175.3136 0020081 194.2831 165.7455 14.76222326016634
1 41185U 15081G   16104.56147707  .00000289  00000-0  69991-4 0  9990,2 41185  47.0021 170.3774 0020175 198.9378 161.0772 14.76223517 16788
1 41185U 15081G   16104.96755750 +.00000302 +00000-0 +71789-4 0  9991,2 41185 047.0020 168.4027 0020149 200.8426 159.1647 14.76223982016846
1 41185U 15081G   16105.57667785  .00000399  00000-0  85565-4 0  9992,2 41185  47.0020 165.4424 0020102 203.8973 156.0979 14.76225075 16932
1 41185U 15081G   16106.52419796 +.00000489 +00000-0 +98371-4 0  9994,2 41185 047.0026 160.8377 0020217 208.2940 151.6855 14.76226653017077
1 41185U 15081G   16106.93027773  .00000469  00000-0  95645-4 0  9998,2 41185  47.0025 158.8628 0020157 210.2419 149.7306 14.76227159 17137
1 41185U 15081G   16107.60707758 +.00000500 +00000-0 +99950-4 0  9990,2 41185 047.0022 155.5735 0020217 213.3177 146.6463 14.76228058017239
1 41185U 15081G   16108.08083653  .00000503  00000-0  10044-3 0  9993,2 41185  47.0022 153.2698 0020217 215.5531 144.4020 14.76228805 17303
1 41185U 15081G   16108.55459683 +.00000351 +00000-0 +78751-4 0  9996,2 41185 047.0025 150.9690 0020280 217.7331 142.2134 14.76228450017379
1 41185U 15081G   16109.09603612  .00000347  00000-0  78239-4 0  9995,2 41185  47.0026 148.3363 0020298 220.2663 139.6729 14.76229042 17451
1 41185U 15081G   16109.50211588 +.00000249 +00000-0 +64255-4 0  9992,2 41185 047.0026 146.3632 0020303 222.1700 137.7628 14.76228959017518
1 41185U 15081G   16110.11123494  .00000262  00000-0  66150-4 0  9990,2 41185  47.0026 143.4013 0020303 225.0440 134.8806 14.76229485 17603
1 41185U 15081G   16110.58499383 +.00000322 +00000-0 +74663-4 0  9999,2 41185 047.0030 141.0994 0020481 226.9608 132.9583 14.76230298017675
1 41185U 15081G   16111.26179150  .00000231  00000-0  61721-4 0  9992,2 41185  47.0029 137.8084 0020407 230.2378 129.6665 14.76230527 17776
1 41185U 15081G   16111.53251188 +.00000219 +00000-0 +60034-4 0  9996,2 41185 047.0027 136.4927 0020440 231.3621 128.5436 14.76230627017815
1 41185U 15081G   16112.54771015  .00000105  00000-0  43737-4 0  9999,2 41185  47.0021 131.5575 0020470 236.0510 123.8437 14.76230807 17961
1 41185U 15081G   16113.49522844 +.00000015 +00000-0 +30992-4 0  9997,2 41185 047.0013 126.9521 0020434 240.7178 119.1657 14.76230872018104
1 41185U 15081G   16114.03666765  .00000037  00000-0  34043-4 0  9994,2 41185  47.0012 124.3193 0020486 243.1547 116.7271 14.76231281 18182
1 41185U 15081G   16114.51042650 +.00000071 +00000-0 +38979-4 0  9998,2 41185 047.0008 122.0178 0020527 245.2014 114.6746 14.76231581018258
1 41185U 15081G   16115.05186521  .00000081  00000-0  40347-4 0  9997,2 41185  47.0005 119.3859 0020514 247.7710 112.1003 14.76231923 18334
1 41185U 15081G   16115.45794460 +.00000145 +00000-0 +49480-4 0  9996,2 41185 047.0000 117.4131 0020472 249.6625 110.2069 14.76232374018398
1 41185U 15081G   16116.06706296  .00000119  00000-0  45771-4 0  9994,2 41185  46.9999 114.4515 0020500 252.4955 107.3700 14.76232717 18486
1 41185U 15081G   16116.47314197 +.00000144 +00000-0 +49284-4 0  9995,2 41185 047.0006 112.4778 0020508 254.4185 105.4438 14.76233020018543
1 41185U 15081G   16117.42065985  .00000166  00000-0  52485-4 0  9990,2 41185  47.0008 107.8719 0020475 258.8897 100.9703 14.76233794 18687
1 41185U 15081G   16118.43585722  .00000041  00000-0  34657-4 0  9991,2 41185  47.0018 102.9372 0020525 263.1739  96.6823 14.76233879 18834
1 41185U 15081G   16119.45105454  .00000055  00000-0  36667-4 0  9992,2 41185  47.0023  98.0026 0020490 267.9086  91.9458 14.76234518 18988
1 41185U 15081G   16119.92481328 +.00000082 +00000-0 +40550-4 0  9997,2 41185 047.0024 095.6991 0020516 270.0501 089.8053 14.76234938019051
1 41185U 15081G   16120.73697062 +.00000147 +00000-0 +49728-4 0  9990,2 41185 047.0030 091.7508 0020506 273.7211 086.1340 14.76235735019174
1 41185U 15081G   16121.14304925  .00000099  00000-0  42977-4 0  9994,2 41185  47.0029  89.7764 0020480 275.7213  84.1330 14.76235774 19235
1 41185U 15081G   16121.88752686 +.00000242 +00000-0 +63264-4 0  9998,2 41185 047.0027 086.1584 0020445 279.0090 080.8500 14.76237073019343
1 41185U 15081G   16122.36128557  .00000176  00000-0  53843-4 0  9994,2 41185  47.0022  83.8570 0020438 281.2130  78.6463 14.76236979 19414
1 41185U 15081G   16122.69968438 +.00000145 +00000-0 +49417-4 0  9998,2 41185 047.0022 082.2115 0020457 282.8327 077.0281 14.76237130019464
1 41185U 15081G   16123.78256012  .00000295  00000-0  70824-4 0  9999,2 41185  47.0022  76.9465 0020469 288.3332  71.5351 14.76238844 19620
1 41185U 15081G   16124.79775493  .00000469  00000-0  95510-4 0  9992,2 41185  47.0020  72.0107 0020481 293.1416  66.7346 14.76240806 19776
1 41185U 15081G   16125.81294859  .00000584  00000-0  11190-3 0  9997,2 41185  47.0019  67.0761 0020443 297.8368  62.0467 14.76242766 19926
1 41185U 15081G   16126.62511263  .00000741  00000-0  10517-3 0  9995,2 41185  46.9990  63.1379 0020720 300.4886  59.4447 14.76243113 20048
1 41185U 15081G   16126.89582152 +.00000479 +00000-0 +96982-4 0  9998,2 41185 047.0025 061.8120 0020491 302.9599 056.9318 14.76243816020084
1 41185U 15081G   16127.16653971  .00000409  00000-0  86976-4 0  9992,2 41185  47.0025  60.4956 0020491 304.2372  55.6570 14.76243780 20121
1 41185U 15081G   16127.84333465 +.00000384 +00000-0 +83514-4 0  9997,2 41185 047.0025 057.2073 0020441 307.3605 052.5376 14.76244551020221
1 41185U 15081G   16128.24941285  .00000409  00000-0  87076-4 0  9992,2 41185  47.0027  55.2355 0020402 309.2264  50.6814 14.76245133 20282
1 41185U 15081G   16128.85852820 +.00000350 +00000-0 +78685-4 0  9996,2 41185 047.0022 052.2755 0020386 311.7400 048.1749 14.76245592020377
1 41185U 15081G   16129.60300237  .00000462  00000-0  94541-4 0  9993,2 41185  47.0018  48.6568 0020344 315.1623  44.7644 14.76246949 20487
1 41185U 15081G   16129.87371969 +.00000419 +00000-0 +88412-4 0  9994,2 41185 047.0020 047.3406 0020337 316.3329 043.5957 14.76247165020525
1 41185U 15081G   16130.61819243  .00000661  00000-0  12284-3 0  9992,2 41185  47.0024  43.7215 0020319 319.6104  40.3317 14.76249506 20632
1 41185U 15081G   16130.88890896 +.00000605 +00000-0 +11488-3 0  9997,2 41185 047.0025 042.4053 0020321 320.8859 039.0551 14.76249685020670
1 41185U 15081G   16131.15962644 +.00000628 +00000-0 +11817-3 0  9990,2 41185 047.0028 041.0894 0020304 322.1263 037.8200 14.76250240020717
1 41185U 15081G   16132.71624873 +.00000657 +00000-0 +12239-3 0  9993,2 41185 047.0036 033.5238 0020255 329.2246 030.7449 14.76253165020949
1 41185U 15081G   16133.05464473  .00000643  00000-0  12028-3 0  9990,2 41185  47.0033  31.8804 0020193 330.5864  29.3874 14.76253495 20995
1 41185U 15081G   16133.73143633 +.00000520 +00000-0 +10290-3 0  9990,2 41185 047.0032 028.5903 0020075 333.4783 026.5074 14.76254102021097
1 41185U 15081G   16133.73144687  .00000642  00000-0  91176-4 0  9998,2 41185  47.0002  28.5961 0020212 333.2671  26.7676 14.76253944 21098
1 41185U 15081G   16134.06983213  .00000516  00000-0  10232-3 0  9994,2 41185  47.0032  26.9448 0020074 335.0748  24.9178 14.76254546 21146
1 41185U 15081G   16134.74662321 +.00000314 +00000-0 +73476-4 0  9999,2 41185 047.0032 023.6538 0020074 338.2677 021.7321 14.76254398021247
1 41185U 15081G   16135.49109487  .00000434  00000-0  90566-4 0  9993,2 41185  47.0028  20.0376 0020067 342.5464  17.4731 14.76256018 21357
1 41185U 15081G   16135.76181121 +.00000345 +00000-0 +77882-4 0  9995,2 41185 047.0023 018.7212 0019976 343.8234 016.2014 14.76255962021393
1 41185U 15081G   16136.50628134  .00000292  00000-0  70369-4 0  9992,2 41185  47.0026  15.1022 0019936 347.4599  12.5805 14.76256613 21500
1 41185U 15081G   16136.70931827 +.00000330 +00000-0 +75871-4 0  9996,2 41185 047.0026 014.1149 0019933 348.4053 011.6389 14.76257047021534
1 41185U 15081G   16137.72450269  .00000382  00000-0  83228-4 0  9997,2 41185  47.0031   9.1792 0019817 353.0121   7.0495 14.76258455 21684
1 41185U 15081G   16138.67200718 +.00000471 +00000-0 +95812-4 0  9995,2 41185 047.0035 004.5719 0019825 357.4799 002.5978 14.76260073021825
1 41185U 15081G   16139.01040183  .00000296  00000-0  70999-4 0  9996,2 41185  47.0035   2.9264 0019824 359.0764   1.0069 14.76259654 21874
1 41185U 15081G   16139.68719116 +.00000216 +00000-0 +59619-4 0  9996,2 41185 047.0028 359.6374 0019720 002.2680 357.8266 14.76259810021975
1 41185U 15081G   16140.02558624  .00000390  00000-0  84394-4 0  9992,2 41185  47.0028 357.9919 0019720   3.8646 356.2459 14.76261221 22023
1 41185U 15081G   16140.77006197  .00000614  00000-0  87216-4 0  9992,2 41185  47.0000 354.3826 0019626   6.4879 353.6768 14.76262472 22138
1 41185U 15081G   16141.37916207  .00000377  00000-0  82563-4 0  9997,2 41185  47.0017 351.4180 0018778   9.0247 351.1089 14.76262134 22226
1 41185U 15081G   16141.92058804 +.00000383 +00000-0 +83421-4 0  9999,2 41185 047.0034 348.7777 0019750 012.6686 347.4536 14.76263458022308
1 41185U 15081G   16142.39433896  .00000711  00000-0  13008-3 0  9997,2 41185  47.0017 346.4821 0018921  13.9278 346.2113 14.76265566 22371
1 41185U 15081G   16142.66505401 +.00000386 +00000-0 +83710-4 0  9995,2 41185 047.0012 345.1665 0018876 015.2886 344.8571 14.76264593022413
1 41185U 15081G   16143.61255486  .00000226  00000-0  60970-4 0  9992,2 41185  47.0004 340.5610 0018792  19.7428 340.4145 14.76265012 22552
1 41185U 15081G   16143.88327016 -.00000040 +00000-0 +23111-4 0  9991,2 41185 047.0004 339.2446 0018792 021.0203 339.1412 14.76263646022598
1 41185U 15081G   16144.62773590  .00000065  00000-0  38170-4 0  9993,2 41185  47.0003 335.6252 0018680  24.5794 335.6022 14.76265056 22709
1 41185U 15081G   16144.89844964 +.00000174 +00000-0 +53645-4 0  9991,2 41185 047.0003 334.3087 0018680 025.8569 334.3261 14.76265451022749
1 41185U 15081G   16145.64291446  .00000091  00000-0  41854-4 0  9993,2 41185  47.0006 330.6921 0018945  29.4224 330.7708 14.76265998 22854
1 41185U 15081G   16146.86112890  .00000156  00000-0  51020-4 0  9991,2 41185  47.0001 324.7699 0019052  35.2691 324.9450 14.76267059 23038
1 41185U 15081G   16146.86114075  .00000344  00000-0  48874-4 0  9990,2 41185  46.9993 324.7746 0019212  36.0322 324.2357 14.76267144 23031
1 41185U 15081G   16147.60559268 +.00000038 +00000-0 +34337-4 0  9999,2 41185 046.9995 321.1532 0018881 039.1521 321.0728 14.76267026023141
1 41185U 15081G   16148.28237762  .00000084  00000-0  40828-4 0  9999,2 41185  46.9994 317.8623 0018850  42.4084 317.8272 14.76267587 23240
1 41185U 15081G   16148.68844917 -.00000100 +00000-0 +14623-4 0  9993,2 41185 046.9989 315.8874 0018954 044.0086 316.2310 14.76266714023309
1 41185U 15081G   16149.43291221  .00000061  00000-0  37532-4 0  9990,2 41185  46.9991 312.2682 0018968  47.4939 312.7568 14.76267843 23411
1 41185U 15081G   16149.83898400 +.00000063 +00000-0 +37845-4 0  9995,2 41185 046.9997 310.2942 0019343 049.8752 310.3852 14.76268288023471
1 41185U 15081G   16150.51576784 -.00000115  00000-0  12587-4 0  9995,2 41185  47.0005 307.0040 0019435  53.2779 306.9878 14.76268051 23574
1 41185U 15081G   16150.78648181 +.00000170 +00000-0 +53023-4 0  9995,2 41185 047.0004 305.6879 0019433 054.6258 305.6499 14.76269568023616
1 41185U 15081G   16151.80165476  .00000299  00000-0  71400-4 0  9991,2 41185  47.0007 300.7527 0019335  60.0004 300.2814 14.76271226 23768
1 41185U 15081G   16152.74914857 +.00000548 +00000-0 +10686-3 0  9995,2 41185 047.0019 296.1477 0019193 065.0582 295.2297 14.76273458023904
1 41185U 15081G   16153.49360774  .00000288  00000-0  69920-4 0  9998,2 41185  47.0013 292.5286 0019229  68.4833 291.8036 14.76273183 24013
1 41185U 15081G   16153.49360908 +.00000233 +00000-0 +62096-4 0  9994,2 41185 047.0014 292.5289 0019166 068.6816 291.6123 14.76272952024018
1 41185U 15081G   16154.64413662  .00000195  00000-0  56597-4 0  9994,2 41185  47.0011 286.9348 0019083  74.3849 285.9132 14.76273642 24187
1 41185U 15081G   16155.72698602  .00000187  00000-0  55439-4 0  9998,2 41185  47.0010 281.6703 0019104  79.4321 280.8731 14.76274530 24342
1 41185U 15081G   16156.74215576  .00000283  00000-0  69195-4 0  9997,2 41185  47.0016 276.7353 0019101  84.1179 276.1898 14.76275877 24498
1 41185U 15081G   16157.75732470  .00000256  00000-0  65300-4 0  9990,2 41185  47.0026 271.8017 0019138  89.6076 270.7008 14.76276665 24644
1 41185U 15081G   16158.70481534 +.00000104 +00000-0 +43609-4 0  9998,2 41185 047.0024 267.1960 0019129 094.3128 265.9942 14.76276708024784
1 41185U 15081G   16158.77249337  .00000131  00000-0  47566-4 0  9994,2 41185  47.0024 266.8670 0019130  94.4396 265.8683 14.76276901 24795
1 41185U 15081G   16159.71998235 +.00000271 +00000-0 +67480-4 0  9999,2 41185 047.0023 262.2608 0019096 098.8749 261.4311 14.76278445024937
1 41185U 15081G   16160.53211522  .00000289  00000-0  69974-4 0  9997,2 41185  47.0020 258.3131 0019101 102.6080 257.6933 14.76279234 25058
1 41185U 15081G   16160.66747097 +.00000270 +00000-0 +67302-4 0  9995,2 41185 047.0021 257.6549 0019089 103.2407 257.0609 14.76279232025073
1 41185U 15081G   16161.68263603  .00000272  00000-0  67563-4 0  9995,2 41185  47.0015 252.7213 0019063 108.2823 252.0131 14.76280249 25221
1 41185U 15081G   16162.63012399 +.00000161 +00000-0 +51746-4 0  9998,2 41185 047.0008 248.1162 0019104 112.3528 247.9373 14.76280409025363
1 41185U 15081G   16163.10386762  .00000129  00000-0  47267-4 0  9996,2 41185  47.0006 245.8125 0019034 114.3942 245.8937 14.76280639 25434
1 41185U 15081G   16163.71296602 +.00000182 +00000-0 +54757-4 0  9997,2 41185 047.0007 242.8529 0019009 117.7458 242.5372 14.76281150025527
1 41185U 15081G   16164.18670880  .00000173  00000-0  53407-4 0  9994,2 41185  47.0006 240.5490 0019025 120.0486 240.2297 14.76281468 25594
1 41185U 15081G   16164.66045201 +.00000057 +00000-0 +36998-4 0  9997,2 41185 047.0005 238.2461 0019061 122.3804 237.8935 14.76281213025661
1 41185U 15081G   16165.20187234  .00000123  00000-0  46287-4 0  9997,2 41185  47.0006 235.6130 0019052 124.9916 235.2793 14.76281932 25749
1 41185U 15081G   16165.60793721 +.00000118 +00000-0 +45677-4 0  9991,2 41185 047.0008 233.6395 0019044 127.0829 233.1817 14.76282097025804
1 41185U 15081G   16166.28471089  .00000218  00000-0  59788-4 0  9995,2 41185  47.0008 230.3488 0019079 130.5488 229.7055 14.76283133 25907
1 41185U 15081G   16166.96148550 +.00000197 +00000-0 +56911-4 0  9995,2 41185 047.0011 227.0585 0019048 133.6649 226.5817 14.76283574026003
1 41185U 15081G   16167.50290483  .00000145  00000-0  49451-4 0  9993,2 41185  47.0010 224.4264 0019053 136.6301 223.6086 14.76283598 26081
1 41185U 15081G   16167.57058238 +.00000122 +00000-0 +46177-4 0  9997,2 41185 047.0010 224.0973 0019053 136.9495 223.2901 14.76283554026096
1 41185U 15081G   16168.51806556  .00000090  00000-0  41658-4 0  9999,2 41185  47.0012 219.4901 0019114 141.5972 218.6285 14.76284099 26231
1 41185U 15081G   16169.53322701 -.00000018  00000-0  26235-4 0  9992,2 41185  47.0014 214.5569 0019126 146.7574 213.4561 14.76283940 26387
1 41185U 15081G   16170.54838597  .00000191  00000-0  56012-4 0  9997,2 41185  47.0008 209.6218 0019162 151.6061 208.5913 14.76285612 26533
1 41185U 15081G   16171.90193266 -.00000021 +00000-0 +25770-4 0  9995,2 41185 046.9993 203.0450 0019252 157.8943 202.2795 14.76285097026735
1 41185U 15081G   16172.10496428 -.00000033  00000-0  24081-4 0  9991,2 41185  46.9993 202.0576 0019252 158.8525 201.3170 14.76285166 26767
1 41185U 15081G   16172.51102830 +.00000193 +00000-0 +56211-4 0  9993,2 41185 046.9996 200.0859 0019376 160.5700 199.5946 14.76286369026826
1 41185U 15081G   16173.18779990  .00000013  00000-0  30643-4 0  9996,2 41185  46.9993 196.7956 0019411 163.7126 196.4354 14.76286068 26925
1 41185U 15081G   16173.86457275 +.00000078 +00000-0 +39860-4 0  9991,2 41185 046.9993 193.5043 0019411 166.9067 193.2355 14.76286632027021
1 41185U 15081G   16174.40599005  .00000067  00000-0  38284-4 0  9997,2 41185  46.9988 190.8719 0019324 169.3768 190.7515 14.76286788 27104
1 41185U 15081G   16174.87973067 +.00000174 +00000-0 +53489-4 0  9995,2 41185 046.9990 188.5685 0019390 171.6135 188.5100 14.76287532027170
1 41185U 15081G   16175.42114752 -.00000018  00000-0  26211-4 0  9996,2 41185  46.9991 185.9362 0019547 174.3446 185.7661 14.76287071 27251
1 41185U 15081G   16175.82721065 -.00000035 +00000-0 +23793-4 0  9992,2 41185 046.9994 183.9620 0019510 176.2673 183.8360 14.76287162027315
1 41185U 15081G   16176.43630419  .00000150  00000-0  50193-4 0  9993,2 41185  46.9997 181.0012 0019554 179.3654 180.7266 14.76288467 27403
1 41185U 15081G   16177.45146038  .00000257  00000-0  65299-4 0  9996,2 41185  47.0002 176.0661 0019476 184.1303 175.9427 14.76289746 27556
1 41185U 15081G   16178.80500113  .00000214  00000-0  59223-4 0  9997,2 41185  47.0015 169.4850 0019489 190.5886 169.4592 14.76290768 27756
1 41185U 15081G   16179.75247878 +.00000314 +00000-0 +73414-4 0  9997,2 41185 047.0014 164.8789 0019542 194.9873 165.0445 14.76292151027891
1 41185U 15081G   16180.02318649  .00000292  00000-0  70369-4 0  9995,2 41185  47.0012 163.5630 0019657 196.3381 163.6895 14.76292379 27937
1 41185U 15081G   16180.90298620 +.00000379 +00000-0 +82706-4 0  9992,2 41185 047.0012 159.2846 0019553 200.4427 159.5681 14.76293629028062
1 41185U 15081G   16181.10601692  .00000171  00000-0  53148-4 0  9990,2 41185  47.0009 158.2978 0019601 201.2128 158.7901 14.76292704 28096
1 41185U 15081G   16181.78278679 +.00000309 +00000-0 +72783-4 0  9998,2 41185 047.0018 155.0090 0019609 204.2966 155.7006 14.76294057028194
1 41185U 15081G   16182.32420216  .00000070  00000-0  38683-4 0  9991,2 41185  47.0016 152.3785 0019967 206.7684 153.2166 14.76293139 28273
1 41185U 15081G   16182.86561767 +.00000041 +00000-0 +34673-4 0  9990,2 41185 047.0015 149.7453 0019918 209.4535 150.5242 14.76293402028352
1 41185U 15081G   16183.81309351  .00000209  00000-0  58465-4 0  9996,2 41185  47.0009 145.1406 0020200 213.6182 146.3449 14.76294812 28497
1 41185U 15081G   16184.82824822  .00000096  00000-0  42486-4 0  9993,2 41185  46.9998 140.2069 0019994 218.4116 141.5369 14.76294572 28649
1 41185U 15081G   16185.84340135  .00000040  00000-0  34477-4 0  9996,2 41185  46.9997 135.2710 0020081 222.9709 136.9624 14.76294798 28790
1 41185U 15081G   16186.85855527 -.00000000  00000-0  28765-4 0  9994,2 41185  47.0001 130.3365 0020043 227.8041 132.1167 14.76295021 28948
1 41185U 15081G   16187.80603141 +.00000085 +00000-0 +40901-4 0  9991,2 41185 047.0003 125.7299 0020098 232.0444 127.8653 14.76295796029085
1 41185U 15081G   16188.07673845 -.00000096  00000-0  15198-4 0  9992,2 41185  47.0006 124.4140 0020085 233.2529 126.6463 14.76294877 29122
1 41185U 15081G   16188.61815461 -.00000025 +00000-0 +25222-4 0  9995,2 41185 047.0010 121.7819 0020101 235.7769 124.1236 14.76295517029204
1 41185U 15081G   16189.22724674 -.00000009  00000-0  27490-4 0  9999,2 41185  47.0015 118.8208 0020102 238.5824 121.3119 14.76295784 29296
1 41185U 15081G   16189.29492331 -.00000001 +00000-0 +28573-4 0  9993,2 41185 047.0016 118.4918 0020082 238.9399 120.9518 14.76295839029300
1 41185U 15081G   16190.24239969  .00000090  00000-0  41628-4 0  9999,2 41185  47.0022 113.8863 0020094 243.2439 116.6406 14.76296759 29447
1 41185U 15081G   16190.78381436 +.00000078 +00000-0 +39905-4 0  9996,2 41185 047.0022 111.2538 0020095 245.8686 114.0103 14.76297057029528
1 41185U 15081G   16191.25755326  .00000142  00000-0  48956-4 0  9990,2 41185  47.0026 108.9514 0020060 248.0594 111.8198 14.76297561 29590
1 41185U 15081G   16191.73129052 +.00000154 +00000-0 +50664-4 0  9996,2 41185 047.0026 106.6482 0020154 250.0127 109.8612 14.76297943029668
1 41185U 15081G   16192.74644239  .00000191  00000-0  55912-4 0  9999,2 41185  47.0033 101.7153 0020100 254.9621 104.9027 14.76299084 29811
1 41185U 15081G   16193.76159522  .00000182  00000-0  54673-4 0  9991,2 41185  47.0036  96.7797 0020079 259.5886 100.2748 14.76299729 29961
1 41185U 15081G   16194.70906921 +.00000340 +00000-0 +77172-4 0  9994,2 41185 047.0031 092.1733 0020048 264.0043 095.8570 14.76301511030101
1 41185U 15081G   16195.04745272  .00000270  00000-0  67189-4 0  9991,2 41185  47.0032  90.5289 0020024 265.5982  94.2578 14.76301339 30156
1 41185U 15081G   16195.72422083 +.00000276 +00000-0 +67950-4 0  9990,2 41185 047.0033 087.2386 0020023 268.8036 091.0556 14.76302028030251
1 41185U 15081G   16196.87472499  .00000293  00000-0  70467-4 0  9999,2 41185  47.0021  81.6470 0019903 274.2281  85.6311 14.76303230 30421
1 41185U 15081G   16197.75452223  .00000265  00000-0  66506-4 0  9998,2 41185  47.0021  77.3684 0019903 278.3797  81.4820 14.76303834 30550
1 41185U 15081G   16198.83734917  .00000231  00000-0  61680-4 0  9992,2 41185  47.0021  72.1024 0019903 283.4893  76.3753 14.76304451 30717
1 41185U 15081G   16199.85249956  .00000076  00000-0  39528-4 0  9992,2 41185  47.0032  67.1693 0019862 287.8249  72.0441 14.76304618 30860
1 41185U 15081G   16200.86764917 +.00000118 +00000-0 +45590-4 0  9998,2 41185 047.0011 062.2412 0020035 291.5232 068.3525 14.76305705031017
1 41185U 15081G   16201.88279863 +.00000123 +00000-0 +46307-4 0  9995,2 41185 047.0012 057.3063 0019996 296.0958 063.7877 14.76306545031162
1 41185U 15081G   16202.49188803  .00000228  00000-0  61260-4 0  9997,2 41185  47.0012  54.3454 0019980 298.8505  61.0383 14.76307612 31253
1 41185U 15081G   16202.89794762 +.00000156 +00000-0 +51027-4 0  9998,2 41185 047.0012 052.3714 0019954 300.6916 059.2011 14.76307574031310
1 41185U 15081G   16203.71006665  .00000176  00000-0  53825-4 0  9998,2 41185  47.0012  48.4234 0019916 304.3546  55.5463 14.76308342 31438
1 41185U 15081G   16203.91309640 +.00000151 +00000-0 +50318-4 0  9996,2 41185 047.0012 047.4365 0019903 305.2810 054.6221 14.76308371031469
1 41185U 15081G   16204.79289197  .00000134  00000-0  47834-4 0  9997,2 41185  47.0012  43.1595 0019856 309.2675  50.6456 14.76308895 31598
1 41185U 15081G   16204.92824510 +.00000125 +00000-0 +46527-4 0  9994,2 41185 047.0012 042.5016 0019847 309.8934 050.0213 14.76308947031619
1 41185U 15081G   16205.87571700  .00000097  00000-0  42569-4 0  9999,2 41185  47.0012  37.8957 0019796 314.2185  45.7082 14.76309462 31754
1 41185U 15081G   16205.94339355 +.00000098 +00000-0 +42665-4 0  9993,2 41185 047.0012 037.5667 0019794 314.5331 045.3945 14.76309514031766
1 41185U 15081G   16206.89086533 +.00000052 +00000-0 +36196-4 0  9997,2 41185 047.0012 032.9607 0019747 318.8924 041.0481 14.76309856031905
1 41185U 15081G   16206.95854186  .00000052  00000-0  36229-4 0  9998,2 41185  47.0012  32.6317 0019745 319.2109  40.7305 14.76309904 31914
1 41185U 15081G   16207.90601306 +.00000118 +00000-0 +45643-4 0  9991,2 41185 047.0012 028.0257 0019688 323.5501 036.4051 14.76310944032058
1 41185U 15081G   16207.97368955  .00000117  00000-0  45483-4 0  9999,2 41185  47.0012  27.6967 0019681 323.8507  36.1055 14.76310992 32068
1 41185U 15081G   16208.85348483 +.00000048 +00000-0 +35566-4 0  9995,2 41185 047.0013 023.4197 0019625 327.8906 032.0790 14.76310965032198
1 41185U 15081G   16209.53025002  .00000024  00000-0  32183-4 0  9996,2 41185  47.0014  20.1297 0019581 330.9843  28.9961 14.76311196 32292
1 41185U 15081G   16209.80095616 +.00000016 +00000-0 +31040-4 0  9996,2 41185 047.0014 018.8137 0019564 332.2549 027.7299 14.76311267032333
1 41185U 15081G   16210.61307443  .00000010  00000-0  30216-4 0  9999,2 41185  47.0015  14.8657 0019507 335.9878  24.0104 14.76311581 32456
1 41185U 15081G   16211.83125157  .00000002  00000-0  29045-4 0  9993,2 41185  47.0016   8.9439 0019438 341.6712  18.3478 14.76312049 32633
1 41185U 15081G   16211.89892807 -.00000006 +00000-0 +28032-4 0  9992,2 41185 047.0016 008.6150 0019436 341.9900 018.0302 14.76312042032647
1 41185U 15081G   16212.84639897 -.00000019  00000-0  26093-4 0  9995,2 41185  47.0017   4.0091 0019374 346.3985  13.6384 14.76312354 32787
1 41185U 15081G   16213.86154611 -.00000019  00000-0  26095-4 0  9996,2 41185  47.0017 359.0743 0019304 351.1169   8.9380 14.76312769 32935
1 41185U 15081G   16214.87669302 -.00000007  00000-0  27771-4 0  9995,2 41185  47.0017 354.1395 0019228 355.8505   4.2226 14.76313239 33082
1 41185U 15081G   16215.82416324 +.00000031 +00000-0 +33263-4 0  9994,2 41185 047.0017 349.5336 0019165 000.2890 359.8011 14.76313810033225
1 41185U 15081G   16216.50092730  .00000016  00000-0  31136-4 0  9991,2 41185  47.0017 346.2436 0019112   3.4522 356.6499 14.76314078 33322
1 41185U 15081G   16216.83930922 +.00000093 +00000-0 +42004-4 0  9992,2 41185 047.0017 344.5987 0019102 005.0703 355.0380 14.76314668033374
1 41185U 15081G   16217.78677856  .00000072  00000-0  39022-4 0  9994,2 41185  47.0016 339.9928 0019037   9.5528 350.5723 14.76315021 33518
1 41185U 15081G   16218.80192356  .00000102  00000-0  43366-4 0  9995,2 41185  47.0016 335.0579 0018974  14.3737 345.7692 14.76315796 33668
1 41185U 15081G   16219.74939181 +.00000136 +00000-0 +48219-4 0  9993,2 41185 047.0016 330.4520 0018907 018.8905 341.2685 14.76316548033800
1 41185U 15081G   16220.35847815  .00000126  00000-0  46715-4 0  9992,2 41185  47.0015 327.4910 0018863  21.7806 338.3885 14.76316932 33897
1 41185U 15081G   16220.76453567 +.00000134 +00000-0 +47932-4 0  9995,2 41185 047.0015 325.5171 0018840 023.7159 336.4599 14.76317254033959
1 41185U 15081G   16221.50897406  .00000142  00000-0  48964-4 0  9997,2 41185  47.0015 321.8982 0018784  27.2707 332.9169 14.76317843 34064
1 41185U 15081G   16221.71200269 +.00000142 +00000-0 +49016-4 0  9994,2 41185 047.0015 320.9113 0018778 028.2509 331.9398 14.76317989034091
1 41185U 15081G   16222.65946906  .00000161  00000-0  51673-4 0  9996,2 41185  47.0014 316.3055 0018720  32.7854 327.4196 14.76318821 34232
1 41185U 15081G   16223.67461082  .00000209  00000-0  58574-4 0  9996,2 41185  47.0013 311.3707 0018650  37.6454 322.5740 14.76319876 34380
1 41185U 15081G   16224.68975202 +.00000191 +00000-0 +56028-4 0  9994,2 41185 047.0011 306.4358 0018593 042.5420 317.6910 14.76320537034536
1 41185U 15081G   16225.70489235 +.00000226 +00000-0 +60928-4 0  9997,2 41185 047.0009 301.5010 0018537 047.4423 312.8031 14.76321507034684
1 41185U 15081G   16226.65235611 +.00000226 +00000-0 +60932-4 0  9994,2 41185 047.0008 296.8950 0018489 052.0227 308.2333 14.76322203034826
1 41185U 15081G   16227.19376361  .00000211  00000-0  58840-4 0  9991,2 41185  47.0007 294.2630 0018461  54.6386 305.6229 14.76322543 34907
1 41185U 15081G   16227.66749511 +.00000171 +00000-0 +53159-4 0  9997,2 41185 047.0006 291.9601 0018437 056.9535 303.3126 14.76322662034972
1 41185U 15081G   16228.20890232  .00000169  00000-0  52791-4 0  9993,2 41185  47.0005 289.3280 0018414  59.5767 300.6943 14.76323015 35056
1 41185U 15081G   16228.61495762 +.00000160 +00000-0 +51602-4 0  9998,2 41185 047.0004 287.3540 0018404 061.5768 298.6977 14.76323251035117
1 41185U 15081G   16229.49474367  .00000132  00000-0  47604-4 0  9999,2 41185  47.0003 283.0769 0018369  65.8921 294.3891 14.76323683 35241
1 41185U 15081G   16229.63009533 +.00000131 +00000-0 +47411-4 0  9999,2 41185 047.0003 282.4189 0018367 066.5489 293.7332 14.76323765035261
1 41185U 15081G   16230.50988089  .00000098  00000-0  42715-4 0  9993,2 41185  47.0002 278.1418 0018348  70.8733 289.4144 14.76324121 35390
1 41185U 15081G   16230.57755666 +.00000087 +00000-0 +41228-4 0  9999,2 41185 047.0001 277.8129 0018346 071.1905 289.0976 14.76324117035403
1 41185U 15081G   16231.59269323  .00000061  00000-0  37574-4 0  9993,2 41185  47.0000 272.8778 0018320  76.1575 284.1354 14.76324548 35557
1 41185U 15081G   16232.54015360 +.00000035 +00000-0 +33849-4 0  9991,2 41185 046.9999 268.2717 0018307 080.7934 279.5028 14.76324867035694
1 41185U 15081G   16233.14923485  .00000015  00000-0  31001-4 0  9990,2 41185  46.9998 265.3105 0018293  83.7915 276.5062 14.76325086 35787
1 41185U 15081G   16233.55528902 +.00000023 +00000-0 +32036-4 0  9998,2 41185 046.9997 263.3366 0018293 085.7824 274.5159 14.76325305035840
1 41185U 15081G   16234.50274841 -.00000009  00000-0  27561-4 0  9996,2 41185  46.9996 258.7305 0018288  90.4153 269.8835 14.76325522 35986
1 41185U 15081G   16235.51788288 -.00000027  00000-0  25037-4 0  9999,2 41185  46.9994 253.7954 0018287  95.3829 264.9150 14.76325836 36134
1 41185U 15081G   16236.53301683 -.00000023  00000-0  25502-4 0  9995,2 41185  46.9993 248.8602 0018293 100.3377 259.9579 14.76326225 36288
1 41185U 15081G   16237.48047456 -.00000015 +00000-0 +26719-4 0  9997,2 41185 046.9992 244.2540 0018304 104.9968 255.2952 14.76326648036426
1 41185U 15081G   16238.08955425 -.00000016  00000-0  26574-4 0  9998,2 41185  46.9992 241.2928 0018310 107.9903 252.2987 14.76326889 36514
1 41185U 15081G   16238.49560732 -.00000006 +00000-0 +27990-4 0  9998,2 41185 046.9992 239.3187 0018322 109.9485 250.3384 14.76327095036575
1 41185U 15081G   16239.44306404  .00000002  00000-0  29055-4 0  9997,2 41185  46.9993 234.7125 0018343 114.5550 245.7257 14.76327527 36718
1 41185U 15081G   16240.45819566  .00000018  00000-0  31314-4 0  9996,2 41185  46.9994 229.7773 0018372 119.4958 240.7770 14.76328068 36862
1 41185U 15081G   16241.94705414 +.00000036 +00000-0 +33980-4 0  9998,2 41185 046.9995 222.5391 0018417 126.8000 233.4585 14.76328919037083
1 41185U 15081G   16242.15008015  .00000033  00000-0  33498-4 0  9996,2 41185  46.9995 221.5520 0018430 127.8358 232.4206 14.76329026 37111
1 41185U 15081G   16242.96218419 +.00000098 +00000-0 +42734-4 0  9990,2 41185 046.9996 217.6040 0018461 131.6918 228.5558 14.76329792037233
1 41185U 15081G   16243.16521038  .00000068  00000-0  38519-4 0  9990,2 41185  46.9996 216.6170 0018475 132.6483 227.5970 14.76329669 37262
1 41185U 15081G   16243.90963857 +.00000085 +00000-0 +40870-4 0  9993,2 41185 046.9996 212.9980 0018503 136.1955 224.0409 14.76330190037377
1 41185U 15081G   16244.38336547  .00000107  00000-0  43968-4 0  9992,2 41185  46.9996 210.6950 0018532 138.4888 221.7416 14.76330575 37448
1 41185U 15081G   16244.92476750 +.00000109 +00000-0 +44247-4 0  9996,2 41185 046.9996 208.0629 0018558 141.1133 219.1098 14.76330867037524
1 41185U 15081G   16245.33081887 +.00000138 +00000-0 +48379-4 0  9997,2 41185 046.9997 206.0889 0018583 143.0518 217.1659 14.76331260037582
1 41185U 15081G   16246.21059602  .00000254  00000-0  64839-4 0  9993,2 41185  46.9997 201.8119 0018635 147.3175 212.8875 14.76332544 37718
1 41185U 15081G   16246.34594632 +.00000256 +00000-0 +65170-4 0  9995,2 41185 046.9997 201.1539 0018640 147.9564 212.2465 14.76332660037731
1 41185U 15081G   16247.29339824  .00000267  00000-0  66662-4 0  9999,2 41185  46.9998 196.5478 0018696 152.4839 207.7048 14.76333396 37876
1 41185U 15081G   16247.90247396 +.00000262 +00000-0 +66073-4 0  9990,2 41185 046.9998 193.5867 0018734 155.4156 204.7633 14.76333893037962
1 41185U 15081G   16248.30852399  .00000343  00000-0  77498-4 0  9993,2 41185  46.9998 191.6127 0018763 157.3432 202.8292 14.76334780 38024
1 41185U 15081G   16248.84992416 +.00000306 +00000-0 +72227-4 0  9991,2 41185 046.9999 188.9806 0018797 159.9625 200.2010 14.76335088038108
1 41185U 15081G   16249.86504865  .00000308  00000-0  72600-4 0  9998,2 41185  47.0000 184.0456 0018857 164.8121 195.3342 14.76336179 38254
1 41185U 15081G   16250.88017208 +.00000296 +00000-0 +70790-4 0  9996,2 41185 047.0002 179.1106 0018922 169.6393 190.4893 14.76337310038402
1 41185U 15081G   16251.08319669  .00000297  00000-0  71010-4 0  9992,2 41185  47.0002 178.1237 0018934 170.5759 189.5493 14.76337556 38436
1 41185U 15081G   16251.89529471 +.00000283 +00000-0 +68964-4 0  9994,2 41185 047.0003 174.1757 0018991 174.3957 185.7152 14.76338452038554
1 41185U 15081G   16252.16599405  .00000321  00000-0  74348-4 0  9995,2 41185  47.0003 172.8598 0019000 175.6392 184.4669 14.76338934 38599
1 41185U 15081G   16252.84274175 +.00000307 +00000-0 +72401-4 0  9996,2 41185 047.0003 169.5698 0019047 178.8399 181.2540 14.76339709038691
1 41185U 15081G   16253.24879031  .00000337  00000-0  76579-4 0  9996,2 41185  47.0003 167.5959 0019065 180.7216 179.3652 14.76340331 38751
1 41185U 15081G   16253.79018806 +.00000336 +00000-0 +76434-4 0  9990,2 41185 047.0003 164.9639 0019105 183.2827 176.7943 14.76340956038834
1 41185U 15081G   16254.94065781 +.00000301 +00000-0 +71497-4 0  9998,2 41185 047.0003 159.3709 0019180 188.6215 171.4351 14.76342061039007
1 41185U 15081G   16255.14368186  .00000333  00000-0  75992-4 0  9995,2 41185  47.0003 158.3840 0019185 189.5318 170.5214 14.76342427 39038
1 41185U 15081G   16255.88810277 +.00000327 +00000-0 +75244-4 0  9992,2 41185 047.0003 154.7650 0019238 193.0015 167.0383 14.76343230039143
1 41185U 15081G   16256.15880132  .00000338  00000-0  76805-4 0  9996,2 41185  47.0002 153.4490 0019250 194.2561 165.7791 14.76343537 39185
1 41185U 15081G   16256.76787255 +.00000330 +00000-0 +75646-4 0  9999,2 41185 047.0002 150.4879 0019296 197.0909 162.9335 14.76344175039272
1 41185U 15081G   16257.71531669  .00000267  00000-0  66666-4 0  9992,2 41185  47.0001 145.8818 0019356 201.4808 158.5275 14.76344730 39414
1 41185U 15081G   16258.73043472  .00000251  00000-0  64407-4 0  9999,2 41185  47.0001 140.9466 0019422 206.1916 153.7996 14.76345619 39565
1 41185U 15081G   16258.93345831 +.00000260 +00000-0 +65624-4 0  9997,2 41185 047.0001 139.9597 0019432 207.1209 152.8670 14.76345846039599
1 41185U 15081G   16259.74555228  .00000264  00000-0  66253-4 0  9993,2 41185  47.0001 136.0115 0019482 210.8395 149.1354 14.76346637 39716
1 41185U 15081G   16260.76066929  .00000259  00000-0  65589-4 0  9997,2 41185  47.0001 131.0764 0019541 215.5147 144.4446 14.76347551 39866
1 41185U 15081G   16261.77578602  .00000240  00000-0  62759-4 0  9991,2 41185  47.0001 126.1412 0019595 220.1960 139.7484 14.76348326 40014
1 41185U 15081G   16261.91113495 +.00000231 +00000-0 +61565-4 0  9996,2 41185 047.0001 125.4832 0019607 220.8044 139.1382 14.76348366040033
1 41185U 15081G   16262.79090243  .00000205  00000-0  57866-4 0  9998,2 41185  47.0001 121.2060 0019653 224.7948 135.1359 14.76348979 40161
1 41185U 15081G   16262.85857680 +.00000209 +00000-0 +58397-4 0  9995,2 41185 047.0001 120.8770 0019658 225.1010 134.8287 14.76349064040177
1 41185U 15081G   16263.94136691  .00000264  00000-0  66216-4 0  9998,2 41185  47.0001 115.6128 0019721 229.9999 129.9163 14.76350311 40338
1 41185U 15081G   16264.75345919 +.00000279 +00000-0 +68338-4 0  9996,2 41185 047.0000 111.6646 0019751 233.7170 126.1899 14.76351125040457
1 41185U 15081G   16264.95648231  .00000223  00000-0  60441-4 0  9997,2 41185  47.0000 110.6776 0019753 234.6389 125.2658 14.76350989 40487
1 41185U 15081G   16265.90392343 +.00000177 +00000-0 +53921-4 0  9996,2 41185 047.0000 106.0714 0019791 238.9421 120.9529 14.76351422040622
1 41185U 15081G   16265.97159778  .00000177  00000-0  53886-4 0  9996,2 41185  47.0000 105.7424 0019793 239.2481 120.6463 14.76351473 40639
1 41185U 15081G   16266.91903855 +.00000168 +00000-0 +52562-4 0  9994,2 41185 046.9999 101.1361 0019827 243.4976 116.3884 14.76352099040777
1 41185U 15081G   16267.86647925 +.00000133 +00000-0 +47572-4 0  9999,2 41185 047.0000 096.5298 0019857 247.7735 112.1051 14.76352531040918
1 41185U 15081G   16267.93415356  .00000132  00000-0  47423-4 0  9992,2 41185  47.0000  96.2007 0019859 248.0798 111.7984 14.76352572 40924
1 41185U 15081G   16268.88159412 +.00000140 +00000-0 +48664-4 0  9992,2 41185 047.0000 091.5945 0019881 252.3598 107.5124 14.76353209041067
1 41185U 15081G   16268.94926848  .00000134  00000-0  47828-4 0  9998,2 41185  47.0000  91.2654 0019878 252.6755 107.1963 14.76353208 41072
1 41185U 15081G   16269.89670891 +.00000109 +00000-0 +44199-4 0  9997,2 41185 047.0001 086.6592 0019895 256.9360 102.9312 14.76353661041210
1 41185U 15081G   16269.96438322  .00000109  00000-0  44175-4 0  9990,2 41185  47.0001  86.3302 0019892 257.2376 102.6294 14.76353704 41229
1 41185U 15081G   16270.50577748 +.00000144 +00000-0 +49153-4 0  9998,2 41185 047.0002 083.6980 0019907 259.6727 100.1922 14.76354276041300
1 41185U 15081G   16271.92693747  .00000182  00000-0  54625-4 0  9995,2 41185  47.0004  76.7887 0019926 266.0452  93.8163 14.76355408 41515
1 41185U 15081G   16272.87437708 +.00000209 +00000-0 +58478-4 0  9993,2 41185 047.0006 072.1826 0019937 270.3016 089.5592 14.76356248041652
1 41185U 15081G   16272.94205132  .00000208  00000-0  58351-4 0  9994,2 41185  47.0006  71.8537 0019940 270.6007  89.2601 14.76356303 41665
1 41185U 15081G   16273.82181647 +.00000232 +00000-0 +61685-4 0  9997,2 41185 047.0007 067.5765 0019939 274.5879 085.2736 14.76357110041795
1 41185U 15081G   16274.49855859  .00000231  00000-0  61510-4 0  9990,2 41185  47.0008  64.2864 0019943 277.6379  82.2249 14.76357702 41898
1 41185U 15081G   16274.90460382 +.00000220 +00000-0 +60045-4 0  9999,2 41185 047.0009 062.3124 0019941 279.4637 080.4002 14.76358011041950
1 41185U 15081G   16275.51367166  .00000201  00000-0  57338-4 0  9993,2 41185  47.0010  59.3513 0019942 282.1928  77.6731 14.76358418 42044
1 41185U 15081G   16275.85204257 +.00000205 +00000-0 +57901-4 0  9991,2 41185 047.0011 057.7064 0019933 283.7513 076.1161 14.76358754042094
1 41185U 15081G   16276.52878440  .00000176  00000-0  53769-4 0  9992,2 41185  47.0012  54.4162 0019925 286.7948  73.0759 14.76359181 42199
1 41185U 15081G   16276.86715521 +.00000189 +00000-0 +55540-4 0  9992,2 41185 047.0012 052.7712 0019917 288.3745 071.4981 14.76359548042247
1 41185U 15081G   16277.74691920  .00000185  00000-0  54976-4 0  9994,2 41185  47.0013  48.4941 0019902 292.3585  67.5199 14.76360290 42372
1 41185U 15081G   16278.76203091  .00000207  00000-0  58143-4 0  9990,2 41185  47.0014  43.5590 0019878 296.9744  62.9119 14.76361385 42522
1 41185U 15081G   16279.77714207  .00000259  00000-0  65488-4 0  9995,2 41185  47.0016  38.6239 0019837 301.6287  58.2670 14.76362676 42670
1 41185U 15081G   16280.52156632  .00000568  00000-0  80458-4 0  9999,2 41185  46.9997  35.0061 0019802 304.5725  55.3798 14.76363641 42785
1 41185U 15081G   16280.79225295  .00000266  00000-0  66551-4 0  9993,2 41185  47.0017  33.6888 0019805 306.2407  53.6655 14.76363695 42827
1 41185U 15081G   16281.73968916 +.00000335 +00000-0 +76284-4 0  9993,2 41185 047.0018 029.0828 0019775 310.5402 049.3768 14.76365038042965
1 41185U 15081G   16282.48410294  .00000337  00000-0  76669-4 0  9996,2 41185  47.0019  25.4637 0019756 313.8947  46.0314 14.76365864 43074
1 41185U 15081G   16282.75479873 +.00000362 +00000-0 +80169-4 0  9992,2 41185 047.0019 024.1478 0019744 315.1543 044.7754 14.76366317043119
1 41185U 15081G   16283.49921202  .00000361  00000-0  80059-4 0  9999,2 41185  47.0019  20.5287 0019715 318.5073  41.4322 14.76367153 43226
1 41185U 15081G   16283.70223377 +.00000369 +00000-0 +81162-4 0  9995,2 41185 047.0019 019.5417 0019707 319.4579 040.4845 14.76367430043251
1 41185U 15081G   16284.51432025  .00000419  00000-0  88207-4 0  9990,2 41185  47.0019  15.5937 0019674 323.1300  36.8240 14.76368709 43372
1 41185U 15081G   16284.71734180 +.00000425 +00000-0 +89142-4 0  9995,2 41185 047.0019 014.6068 0019664 324.0805 035.8765 14.76369008043404
1 41185U 15081G   16285.73244921  .00000446  00000-0  92090-4 0  9996,2 41185  47.0018   9.6718 0019620 328.7259  31.2466 14.76370380 43554
