1 41186U 15081H   15356.14753692 -.00000210  00000-0  00000+0 0  9995,2 41186  46.9996   2.3777 0029915  15.1715  96.8247 14.78587885    15
1 41186U 15081H   15356.39683786 -.00000210  00000-0  00000+0 0  9998,2 41186  46.9996   1.1609 0029915  16.3524 343.8831 14.78635103    52
1 41186U 15081H   15356.53196872 -.00000210  00000-0  00000+0 0  9999,2 41186  47.0036   0.5070 0029676  18.3226 341.7057 14.78523455    74
1 41186U 15081H   15356.73472566 -.00000210  00000-0  00000+0 0  9998,2 41186  47.0030 359.5197 0029289  19.7982 340.3938 14.78517499   107
1 41186U 15081H   15356.86987865  .00000535  00000-0  10000-3 0  9999,2 41186  47.0017 358.8635 0029915  19.8147 340.3903 14.78521100   129
1 41186U 15081H   15356.93745399  .00000535  00000-0  10000-3 0  9991,2 41186  47.0017 358.5337 0029915  20.1346 340.0750 14.78522775   138
1 41186U 15081H   15357.14017927 -.00014605  00000-0 -19385-2 0  9993,2 41186  47.0022 357.5424 0029691  20.8202 339.3754 14.78503500   162
1 41186U 15081H   15357.41048728 -.00002804  00000-0 -34868-3 0  9998,2 41186  47.0036 356.2196 0029667  22.6508 337.5883 14.78513676   204
1 41186U 15081H   15357.47805934  .00000534  00000-0  10000-3 0  9992,2 41186  47.0036 355.8898 0029667  22.9707 337.2575 14.78518665   211
1 41186U 15081H   15357.88351078 +.00001902 +00000-0 +28368-3 0  9998,2 41186 047.0037 353.9099 0029691 024.9858 335.2498 14.78522088000272
1 41186U 15081H   15358.89714054  .00001332  00000-0  20711-3 0  9998,2 41186  47.0031 348.9638 0029776  29.5285 330.7297 14.78523860   421
1 41186U 15081H   15359.97834293  .00001142  00000-0  18152-3 0  9991,2 41186  47.0031 343.6885 0029744  34.7896 325.4902 14.78526043   585
1 41186U 15081H   15360.99196888  .00001070  00000-0  17185-3 0  9991,2 41186  47.0031 338.7427 0029802  39.5443 320.7575 14.78528334   734
1 41186U 15081H   15362.00559336  .00000797  00000-0  13519-3 0  9998,2 41186  47.0031 333.7966 0029827  44.2508 316.0711 14.78529466   882
1 41186U 15081H   15363.42466564  .00001192  00000-0  18825-3 0  9990,2 41186  47.0028 326.8784 0030017  51.3015 309.0566 14.78534634  1091
1 41186U 15081H   15364.91129820  .00002362  00000-0  34518-3 0  9993,2 41186  47.0033 319.6231 0029872  58.5743 301.8109 14.78546254  1317
1 41186U 15081H   15365.85733309 +.00002510 +00000-0 +36494-3 0  9990,2 41186 047.0031 315.0076 0029883 063.0581 297.3354 14.78551433001456
1 41186U 15081H   16001.06005455  .00002041  00000-0  30206-3 0  9999,2 41186  47.0041 314.0172 0029977  64.0251 296.3621 14.78550125  1488
1 41186U 15081H   16002.07366556  .00001397  00000-0  21564-3 0  9993,2 41186  47.0041 309.0714 0029906  68.9279 291.4763 14.78550635  1635
1 41186U 15081H   16003.08727441  .00000953  00000-0  15617-3 0  9998,2 41186  47.0028 304.1309 0029889  73.9313 286.4855 14.78551440  1788
1 41186U 15081H   16004.10087931  .00001018  00000-0  16481-3 0  9998,2 41186  47.0015 299.1865 0029907  78.7100 281.7120 14.78554036  1936
1 41186U 15081H   16005.31720053  .00001429  00000-0  21999-3 0  9997,2 41186  47.0008 293.2552 0029757  84.8448 275.5843 14.78559594  2110
1 41186U 15081H   16006.06050434  .00005601  00000-0  77864-3 0  9997,2 41186  47.0025 289.6236 0029859  86.5612 273.9899 14.78588830  2222
1 41186U 15081H   16006.73619938  .00008393  00000-0  11515-2 0  9992,2 41186  47.0024 286.3241 0030245  89.2485 271.2435 14.78611757  2323
1 41186U 15081H   16007.00647195  .00012100  00000-0  16457-2 0  9990,2 41186  47.0024 285.0049 0030243  90.5285 270.0167 14.78638952  2365
1 41186U 15081H   16007.27672935  .00015831  00000-0  21412-2 0  9990,2 41186  47.0052 283.6955 0030975  92.7642 267.7368 14.78663905  2406
1 41186U 15081H   16007.74968657  .00020431  00000-0  27271-2 0  9992,2 41186  47.0023 281.3906 0029515  97.6310 262.8434 14.78700664  2470
1 41186U 15081H   16008.01996384  .00022689  00000-0  30486-2 0  9990,2 41186  47.0022 280.0612 0031235  96.5419 264.0743 14.78727810  2513
1 41186U 15081H   16008.29019270  .00029603  00000-0  39648-2 0  9992,2 41186  47.0017 278.7461 0029248  98.9681 261.5722 14.78772206  2553
1 41186U 15081H   16009.16847576  .00043632  00000-0  58007-2 0  9995,2 41186  47.0017 274.4579 0029227 103.1300 257.6054 14.78903740  2687
1 41186U 15081H   16010.04663953  .00060019  00000-0  79232-2 0  9990,2 41186  47.0052 270.1808 0028575 108.5551 252.1520 14.79059523  2811
1 41186U 15081H   16011.12734250  .00047537  00000-0  62863-2 0  9991,2 41186  47.0023 264.9067 0027815 124.2294 235.8747 14.79115305  2979
1 41186U 15081H   16011.87040216  .00041555  00000-0  54970-2 0  9999,2 41186  47.0024 261.2746 0028634 119.8434 240.3252 14.79148146  3084
1 41186U 15081H   16012.07307816  .00031705  00000-0  42124-2 0  9998,2 41186  46.9980 260.2739 0026727 118.4152 241.8677 14.79126637  3119
1 41186U 15081H   16012.74855788  .00027742  00000-0  36906-2 0  9995,2 41186  46.9977 256.9746 0026159 117.2518 243.0136 14.79147572  3213
1 41186U 15081H   16013.08630381  .00016501  00000-0  22108-2 0  9993,2 41186  47.0009 255.3327 0026925 123.4269 236.7881 14.79117441  3265
1 41186U 15081H   16013.82935023  .00011304  00000-0  15234-2 0  9994,2 41186  47.0037 251.7082 0028767 124.2347 236.0123 14.79113205  3374
1 41186U 15081H   16014.16711207  .00008862  00000-0  12017-2 0  9999,2 41186  47.0010 250.0540 0027096 125.3706 234.9583 14.79109972  3420
1 41186U 15081H   16014.84259497  .00006443  00000-0  88102-3 0  9994,2 41186  46.9999 246.7587 0028302 132.0785 228.2706 14.79113576  3529
1 41186U 15081H   16015.65316075  .00038624  00000-0  50898-2 0  9996,2 41186  47.0005 242.8023 0026497 134.5865 226.5323 14.79384247  3644
1 41186U 15081H   16015.99068193  .00102699  00000-0  13311-1 0  9990,2 41186  46.9992 241.1546 0026577 135.6076 224.9541 14.79547544  3694
1 41186U 15081H   16016.53082934  .00126195  00000-0  16230-1 0  9990,2 41186  47.0009 238.5105 0026849 136.1199 224.2185 14.79709433  3773
1 41186U 15081H   16016.80089841  .00138615  00000-0  17751-1 0  9993,2 41186  46.9963 237.1885 0026779 137.1750 223.1928 14.79809147  3817
1 41186U 15081H   16017.00342925  .00148630  00000-0  18966-1 0  9998,2 41186  47.0008 236.2007 0026848 137.2148 223.1361 14.79892617  3842
1 41186U 15081H   16017.81349314  .00146584  00000-0  18608-1 0  9995,2 41186  47.0004 232.2381 0027139 141.6929 218.5245 14.80117936  3967
1 41186U 15081H   16019.56825036  .00091674  00000-0  11685-1 0  9996,2 41186  46.9824 223.6407 0031694 158.9209 198.8430 14.80223134  4225
1 41186U 15081H   16021.66134175  .00001428  00000-0  18397-3 0  9994,2 41186  46.9975 213.4221 0022727 166.7923 193.4081 14.80321402  4545
1 41186U 15081H   16021.93130436  .00174291  00000-0  21864-1 0  9990,2 41186  47.0013 212.1035 0023201 168.0296 192.2534 14.80504508  4578
1 41186U 15081H   16021.99876207  .00069953  00000-0  89127-2 0  9994,2 41186  46.9943 211.7661 0031624 172.1719 187.9815 14.80402731  4581
1 41186U 15081H   16022.94355819  .00672483  00000-0  79348-1 0  9992,2 41186  46.9936 207.1511 0021182 175.4379 186.4547 14.81604193  4721
1 41186U 15081H   16025.90644109  .00391216  00000-0  44544-1 0  9996,2 41186  46.9910 192.5884 0013428 198.3141 150.7754 14.83661510  5169
1 41186U 15081H   16026.78374791  .00000523  00000-0  86244-4 0  9994,2 41186  46.9980 188.2834 0008257 248.2271 111.7746 14.84594538  5294
1 41186U 15081H   16026.91834431  .00396735  00000-0  44345-1 0  9997,2 41186  46.9942 187.6076 0011650 204.5222 155.4494 14.84408613  5311
1 41186U 15081H   16027.25485980  .00402741  00000-0  44695-1 0  9999,2 41186  46.9938 185.9449 0011369 205.8587 154.1979 14.84674238  5363
1 41186U 15081H   16027.65859078  .00399731  00000-0  44059-1 0  9994,2 41186  46.9984 183.9694 0013342 201.4905 158.5022 14.84958969  5423
1 41186U 15081H   16028.73541919  .00001664  00000-0  19411-3 0  9997,2 41186  46.9968 178.6698 0008837 252.0872 107.9561 14.84583598  5583
1 41186U 15081H   16029.87761138 -.00000131  00000-0  98598-5 0  9994,2 41186  46.9988 173.0437 0008670 256.4679  93.4867 14.84584203  5754
1 41186U 15081H   16030.88896823  .00933308  00000-0  99417-1 0  9994,2 41186  46.9954 168.0691 0007531 246.5465 114.2344 14.85484892  5904
1 41186U 15081H   16034.52041439  .00000916  00000-0  12886-3 0  9991,2 41186  46.9989 150.1470 0003933 285.3295  74.7166 14.85704981  6449
1 41186U 15081H   16035.59637983  .00000916  00000-0  12887-3 0  9995,2 41186  46.9980 144.8351 0003869 289.0456  70.9988 14.85706815  6602
1 41186U 15081H   16035.73087607 +.00001020 +00000-0 +14062-3 0  9997,2 41186 046.9980 144.1716 0003814 288.7174 071.3326 14.85707583006629
1 41186U 15081H   16036.67234340  .00001132  00000-0  15338-3 0  9990,2 41186  46.9989 139.5248 0003788 291.9613  68.0892 14.85710618  6769
1 41186U 15081H   16037.74830399  .00001279  00000-0  17014-3 0  9990,2 41186  46.9988 134.2153 0003715 295.5182  64.5343 14.85714369  6923
1 41186U 15081H   16039.83297115  .00027029  00000-0  30322-2 0  9992,2 41186  46.9983 123.9273 0003494 278.5782  85.8103 14.86469266  7236
1 41186U 15081H   16040.23543780  .00003143  00000-0  37540-3 0  9991,2 41186  46.9982 121.9378 0003686 284.3781  75.6205 14.86454198  7290
1 41186U 15081H   16041.37808197  .00001758  00000-0  22076-3 0  9991,2 41186  46.9993 116.2916 0003985 288.5446  71.4859 14.86456253  7465
1 41186U 15081H   16042.38628928  .00001936  00000-0  24059-3 0  9996,2 41186  46.9999 111.3103 0003819 291.8475  68.1934 14.86460973  7618
1 41186U 15081H   16042.65514533 +.00001825 +00000-0 +22815-3 0  9997,2 41186 046.9999 109.9816 0003819 293.1363 066.9115 14.86461638007653
1 41186U 15081H   16043.73056213  .00072694  00000-0  79833-2 0  9996,2 41186  47.0061 104.6777 0003301 228.4632 132.9799 14.86859882  7811
1 41186U 15081H   16044.53661970  .00081475  00000-0  88548-2 0  9997,2 41186  46.9988 100.6820 0002091 275.2085  85.6512 14.87220830  7935
1 41186U 15081H   16045.00671436  .00413003  00000-0  42580-1 0  9999,2 41186  46.9995  98.3457 0002640 338.3956  22.0255 14.87660134  8003
1 41186U 15081H   16045.54393415  .00138169  00000-0  14723-1 0  9991,2 41186  46.9971  95.7116 0002407 253.6640 106.3175 14.87639933  8088
1 41186U 15081H   16045.54394939  .00128065  00000-0  13675-1 0  9992,2 41186  46.9956  95.7085 0002342 220.8916 139.1632 14.87619048  8083
1 41186U 15081H   16046.01406241  .00122570  00000-0  13069-1 0  9997,2 41186  46.9927  93.3806 0001821 209.4394 150.5815 14.87716096  8159
1 41186U 15081H   16047.02134797  .00118733  00000-0  12596-1 0  9993,2 41186  46.9950  88.3883 0002039 207.9794 152.0873 14.87945741  8302
1 41186U 15081H   16047.55859957  .00068365  00000-0  73265-2 0  9999,2 41186  46.9958  85.7226 0001781 237.6739 122.3869 14.87890162  8383
1 41186U 15081H   16048.49875192  .00031671  00000-0  34285-2 0  9991,2 41186  47.0029  81.0601 0003386 285.0866  74.9070 14.87846833  8529
1 41186U 15081H   16048.90166531 +.00031004 +00000-0 +33554-2 0  9995,2 41186 047.0029 079.0697 0003566 288.6864 071.3536 14.87869199008582
1 41186U 15081H   16049.50608544  .00001765  00000-0  21462-3 0  9994,2 41186  46.9991  76.0882 0001651 264.5707  95.5002 14.87786849  8679
1 41186U 15081H   16050.11046796  .00015719  00000-0  17177-2 0  9999,2 41186  47.0070  73.0767 0004886 344.8086  15.3571 14.87841787  8767
1 41186U 15081H   16050.31190443  .00001683  00000-0  20569-3 0  9995,2 41186  46.9983  72.0939 0001650 260.4868  99.4492 14.87788824  8795
1 41186U 15081H   16051.45353926  .00001598  00000-0  19646-3 0  9997,2 41186  46.9982  66.4421 0001629 265.7105  94.3598 14.87792659  8966
1 41186U 15081H   16053.13237502  .00000967  00000-0  12831-3 0  9993,2 41186  46.9987  58.1323 0001552 273.0574  87.0096 14.87794650  9211
1 41186U 15081H   16054.34113446  .00000760  00000-0  10586-3 0  9993,2 41186  47.0001  52.1499 0001540 270.3745  89.6917 14.87796420  9391
1 41186U 15081H   16055.34843383  .00000711  00000-0  10062-3 0  9999,2 41186  46.9993  47.1635 0001495 283.7828  76.2878 14.87798113  9540
1 41186U 15081H   16055.41558746 +.00000737 +00000-0 +10335-3 0  9994,2 41186 046.9993 046.8310 0001495 284.1055 075.9695 14.87798396009550
1 41186U 15081H   16056.82580246  .00000752  00000-0  10506-3 0  9997,2 41186  46.9993  39.8472 0001495 290.8807  69.1956 14.87801185  9769
1 41186U 15081H   16057.96740353  .00000801  00000-0  11033-3 0  9991,2 41186  46.9995  34.1966 0001450 300.2639  59.8133 14.87803756  9935
1 41186U 15081H   16059.04184870  .00000742  00000-0  10393-3 0  9990,2 41186  46.9992  28.8768 0001418 303.3895  56.6833 14.87805610 10096
1 41186U 15081H   16060.31775205  .00000688  00000-0  98040-4 0  9995,2 41186  46.9992  22.5582 0001418 309.5170  50.5604 14.87807807 10285
1 41186U 15081H   16060.72066832 +.00000693 +00000-0 +98574-4 0  9997,2 41186 046.9992 020.5628 0001418 311.4518 048.6270 14.87808701010340
1 41186U 15081H   16061.39219469  .00000889  00000-0  11985-3 0  9994,2 41186  47.0015  17.2431 0001448 308.8688  51.2092 14.87810970 10448
1 41186U 15081H   16062.66809352  .00000900  00000-0  12102-3 0  9997,2 41186  47.0027  10.9275 0001352 308.3352  51.7452 14.87813881 10634
1 41186U 15081H   16063.67537879  .00001101  00000-0  14273-3 0  9996,2 41186  47.0026   5.9401 0001342 311.3318  48.7527 14.87817503 10783
1 41186U 15081H   16064.74981505  .00001169  00000-0  14999-3 0  9993,2 41186  47.0012   0.6215 0001378 315.3187  44.7618 14.87820116 10949
1 41186U 15081H   16065.75709667  .00001284  00000-0  16248-3 0  9999,2 41186  47.0020 355.6361 0001268 312.9131  47.1698 14.87823652 11093
1 41186U 15081H   16066.89867998  .00001246  00000-0  15834-3 0  9995,2 41186  47.0014 349.9854 0001278 321.0307  39.0500 14.87826767 11267
1 41186U 15081H   16068.17456224  .00001733  00000-0  21084-3 0  9999,2 41186  47.0018 343.6675 0001210 326.3791  33.7061 14.87833352 11456
1 41186U 15081H   16069.18183340  .00002012  00000-0  24102-3 0  9992,2 41186  47.0009 338.6858 0001092 327.8261  32.2565 14.87838893 11604
1 41186U 15081H   16070.18910294  .00001936  00000-0  23280-3 0  9990,2 41186  47.0005 333.6984 0001072 334.1250  25.9595 14.87842744 11750
1 41186U 15081H   16071.19637025  .00001591  00000-0  19549-3 0  9990,2 41186  47.0008 328.7136 0000960 331.2683  28.8140 14.87845049 11906
1 41186U 15081H   16072.20363665  .00001452  00000-0  18053-3 0  9994,2 41186  47.0006 323.7256 0001137 349.0583  11.0291 14.87847995 12055
1 41186U 15081H   16072.80799455 +.00001358 +00000-0 +17033-3 0  9992,2 41186 047.0007 320.7328 0001101 352.0898 007.9968 14.87849580012144
1 41186U 15081H   16073.81525602  .00001372  00000-0  17182-3 0  9996,2 41186  47.0021 315.7436 0000900 352.1245   7.9636 14.87852856 12295
1 41186U 15081H   16075.09111942  .00001122  00000-0  14477-3 0  9993,2 41186  47.0023 309.4268 0000839 358.0631   2.0263 14.87855356 12486
1 41186U 15081H   16076.09837847  .00000939  00000-0  12508-3 0  9991,2 41186  47.0027 304.4401 0000575   4.4641 355.6266 14.87856856 12637
1 41186U 15081H   16077.10563527  .00000919  00000-0  12285-3 0  9995,2 41186  47.0030 299.4529 0000432   2.4604 357.6295 14.87859117 12787
1 41186U 15081H   16077.70998880 +.00000875 +00000-0 +11809-3 0  9997,2 41186 047.0030 296.4600 0000421 002.0377 358.0520 14.87860284012878
1 41186U 15081H   16078.78439313  .00001000  00000-0  13159-3 0  9998,2 41186  47.0012 291.1441 0000608  17.9176 342.1694 14.87863449 13033
1 41186U 15081H   16080.06024793  .00000849  00000-0  11531-3 0  9996,2 41186  47.0017 284.8322 0000305  22.9745 337.1162 14.87865656 13224
1 41186U 15081H   16081.40324931  .00000915  00000-0  12242-3 0  9996,2 41186  47.0015 278.1834 0000330  28.0838 332.0088 14.87868918 13421
1 41186U 15081H   16081.67184944 +.00000808 +00000-0 +11084-3 0  9997,2 41186 047.0014 276.8532 0000301 028.7940 331.2968 14.87868820013463
1 41186U 15081H   16082.61194880  .00000734  00000-0  10289-3 0  9996,2 41186  47.0010 272.1976 0000283  36.6835 323.4059 14.87870194 13607
1 41186U 15081H   16083.88779665  .00000581  00000-0  86402-4 0  9997,2 41186  46.9996 265.8803 0000104  44.8784 315.2119 14.87871680 13799
1 41186U 15081H   16084.89504513  .00000407  00000-0  67557-4 0  9994,2 41186  46.9983 260.8932 0000080 255.4095 104.6804 14.87871809 13942
1 41186U 15081H   16085.96944200  .00000415  00000-0  68431-4 0  9995,2 41186  46.9969 255.5763 0000126 270.8346  89.2566 14.87873378 14105
1 41186U 15081H   16087.44673635  .00000464  00000-0  73735-4 0  9998,2 41186  46.9966 248.2619 0000187 248.5677 111.5241 14.87875225 14323
1 41186U 15081H   16087.84963396 +.00000524 +00000-0 +80219-4 0  9990,2 41186 046.9966 246.2663 0000187 250.5045 109.5853 14.87875911014386
1 41186U 15081H   16088.52112878  .00000690  00000-0  98060-4 0  9994,2 41186  46.9966 242.9403 0000187 253.7325 106.3532 14.87877729 14486
1 41186U 15081H   16089.66267166  .00000493  00000-0  76868-4 0  9994,2 41186  46.9989 237.2913 0000019 248.6109 111.4711 14.87878717 14654
1 41186U 15081H   16091.47570699  .00000755  00000-0  10507-3 0  9992,2 41186  46.9994 228.3137 0000047 186.8584 173.2364 14.87883445 14924
1 41186U 15081H   16092.48294430  .00000812  00000-0  11124-3 0  9990,2 41186  46.9990 223.3264 0000135 292.1528  67.9323 14.87885659 15073
1 41186U 15081H   16092.48294491 +.00000792 +00000-0 +10907-3 0  9992,2 41186 046.9995 223.3286 0000129 246.5272 113.5588 14.87885510015071
1 41186U 15081H   16093.75878096  .00000514  00000-0  79148-4 0  9997,2 41186  47.0006 217.0147 0000159 261.2508  98.8384 14.87886849 15267
1 41186U 15081H   16094.76601715  .00000574  00000-0  85517-4 0  9994,2 41186  47.0003 212.0280 0000171 251.9880 108.1015 14.87888842 15418
1 41186U 15081H   16095.77325250  .00000670  00000-0  95899-4 0  9994,2 41186  46.9999 207.0423 0000227 197.2300 162.8601 14.87890819 15565
1 41186U 15081H   16097.11623055  .00000770  00000-0  10667-3 0  9998,2 41186  47.0001 200.3919 0000290 206.4153 153.6749 14.87893877 15766
1 41186U 15081H   16098.12346082  .00000970  00000-0  12824-3 0  9991,2 41186  47.0000 195.4033 0000410 206.8211 153.2678 14.87897078 15910
1 41186U 15081H   16099.13069101  .00001002  00000-0  13169-3 0  9997,2 41186  47.0004 190.4148 0000507 204.2693 155.8245 14.87899495 16069
1 41186U 15081H   16100.13791989  .00000742  00000-0  10371-3 0  9998,2 41186  47.0008 185.4277 0000626 207.7479 152.3412 14.87900209 16213
1 41186U 15081H   16101.14514806  .00000874  00000-0  11796-3 0  9999,2 41186  47.0016 180.4422 0000622 227.4153 132.6741 14.87902761 16360
1 41186U 15081H   16102.35381819  .00000731  00000-0  10254-3 0  9999,2 41186  47.0013 174.4589 0000753 218.3936 141.6869 14.87904545 16540
1 41186U 15081H   16103.36104249  .00000631  00000-0  91661-4 0  9992,2 41186  47.0016 169.4752 0000875 215.0862 144.9878 14.87905949 16697
1 41186U 15081H   16104.50256498  .00000543  00000-0  82212-4 0  9997,2 41186  47.0004 163.8223 0000907 221.3436 138.7386 14.87907216 16861
1 41186U 15081H   16104.97260257 +.00000575 +00000-0 +85695-4 0  9999,2 41186 047.0001 161.4938 0000857 226.7781 133.3054 14.87908131016939
1 41186U 15081H   16105.57693561  .00000612  00000-0  89664-4 0  9996,2 41186  47.0000 158.5021 0000906 228.0427 132.0391 14.87909381 17024
1 41186U 15081H   16106.91989685  .00000768  00000-0  10650-3 0  9990,2 41186  46.9999 151.8529 0000863 239.4224 120.6590 14.87912547 17225
1 41186U 15081H   16108.12855999  .00000735  00000-0  10291-3 0  9990,2 41186  47.0005 145.8678 0000973 239.4984 120.5819 14.87914638 17404
1 41186U 15081H   16109.47151914  .00000471  00000-0  74447-4 0  9996,2 41186  47.0008 139.2203 0000986 254.5547 105.5238 14.87915450 17608
1 41186U 15081H   16110.47873640  .00000375  00000-0  64109-4 0  9992,2 41186  47.0008 134.2334 0001169 249.1336 110.9421 14.87916267 17755
1 41186U 15081H   16110.54588451 +.00000340 +00000-0 +60335-4 0  9992,2 41186 047.0009 133.9012 0001197 246.4099 113.6674 14.87916233017766
1 41186U 15081H   16111.48595347  .00000451  00000-0  72279-4 0  9991,2 41186  47.0004 129.2466 0001203 250.7583 109.3191 14.87917866 17901
1 41186U 15081H   16112.49317068  .00000288  00000-0  54673-4 0  9991,2 41186  46.9991 124.2599 0001123 256.5413 103.5362 14.87918075 18059
1 41186U 15081H   16113.50038648  .00000218  00000-0  47123-4 0  9993,2 41186  46.9993 119.2725 0001147 257.5553 102.5208 14.87918749 18201
1 41186U 15081H   16114.97763559  .00000238  00000-0  49328-4 0  9992,2 41186  46.9988 111.9570 0001170 262.4549  97.6220 14.87920133 18420
1 41186U 15081H   16115.98485056  .00000212  00000-0  46506-4 0  9994,2 41186  46.9994 106.9696 0001158 261.9137  98.1637 14.87920786 18571
1 41186U 15081H   16116.99206501  .00000151  00000-0  39950-4 0  9999,2 41186  46.9996 101.9840 0001231 265.0965  94.9804 14.87921366 18727
1 41186U 15081H   16117.99927779  .00000298  00000-0  55771-4 0  9998,2 41186  46.9994  96.9967 0001187 274.7585  85.3155 14.87922934 18874
1 41186U 15081H   16119.14078593  .00000243  00000-0  49869-4 0  9999,2 41186  46.9999  91.3451 0001158 277.3507  82.7236 14.87923765 19041
1 41186U 15081H   16120.14799810  .00000331  00000-0  59370-4 0  9999,2 41186  46.9998  86.3587 0001180 282.1762  77.9011 14.87925327 19195
1 41186U 15081H   16121.35665088  .00000436  00000-0  70698-4 0  9994,2 41186  47.0004  80.3744 0001148 285.4997  74.5781 14.87927256 19374
1 41186U 15081H   16122.36386024  .00000454  00000-0  72606-4 0  9997,2 41186  47.0007  75.3869 0001130 287.7472  72.3302 14.87928739 19522
1 41186U 15081H   16122.76674377 +.00000459 +00000-0 +73086-4 0  9990,2 41186 047.0007 073.3911 0001153 291.6382 068.4402 14.87929405019581
1 41186U 15081H   16123.70680432  .00000589  00000-0  87101-4 0  9991,2 41186  46.9998  68.7371 0001156 299.0902  60.9881 14.87931392 19721
1 41186U 15081H   16124.78115727  .00000900  00000-0  12060-3 0  9998,2 41186  47.0007  63.4177 0001168 305.2486  54.8332 14.87935058 19883
1 41186U 15081H   16126.12409349  .00001084  00000-0  14048-3 0  9996,2 41186  47.0004  56.7682 0001111 306.5125  53.5646 14.87939242 20085
1 41186U 15081H   16127.13129518  .00000832  00000-0  11329-3 0  9994,2 41186  47.0017  51.7823 0001007 298.6546  61.4196 14.87940412 20239
1 41186U 15081H   16128.13849703  .00000743  00000-0  10370-3 0  9996,2 41186  47.0020  46.7977 0000966 298.5034  61.5769 14.87942267 20384
1 41186U 15081H   16129.14569645  .00000762  00000-0  10571-3 0  9996,2 41186  47.0008  41.8124 0000985 305.5530  54.5277 14.87944367 20537
1 41186U 15081H   16130.15289377  .00000942  00000-0  12512-3 0  9997,2 41186  47.0012  36.8250 0000954 304.3670  55.7158 14.87947371 20689
1 41186U 15081H   16130.82435627 +.00001138 +00000-0 +14619-3 0  9990,2 41186 047.0010 033.5006 0000932 305.3951 054.6859 14.87950179020786
1 41186U 15081H   16131.83154863  .00001180  00000-0  15076-3 0  9997,2 41186  47.0006  28.5130 0000812 300.0311  60.0481 14.87953349 20933
1 41186U 15081H   16132.70444874 +.00001238 +00000-0 +15702-3 0  9998,2 41186 047.0010 024.1892 0000819 306.3215 053.7639 14.87956103021064
1 41186U 15081H   16134.11451420  .00000960  00000-0  12703-3 0  9999,2 41186  47.0012  17.2057 0000860 302.8202  57.2615 14.87958496 21278
1 41186U 15081H   16135.52457892  .00000722  00000-0  10139-3 0  9991,2 41186  47.0028  10.2223 0000863 306.2092  53.8742 14.87960353 21482
1 41186U 15081H   16135.72601612 +.00000555 +00000-0 +83364-4 0  9999,2 41186 047.0026 009.2257 0000805 294.7195 065.3602 14.87959851021514
1 41186U 15081H   16136.73320580  .00000594  00000-0  87560-4 0  9998,2 41186  47.0018   4.2403 0000718 313.3974  46.6936 14.87961869 21669
1 41186U 15081H   16137.74038904  .00000954  00000-0  12631-3 0  9992,2 41186  47.0018 359.2514 0000718 318.2382  41.8449 14.87965319 21819
1 41186U 15081H   16139.01615583  .00000891  00000-0  11955-3 0  9996,2 41186  47.0018 352.9322 0000718 324.3698  35.7163 14.87967715 22003
1 41186U 15081H   16140.02333804  .00000920  00000-0  12274-3 0  9990,2 41186  47.0017 347.9510 0000725 305.5705  54.5116 14.87969968 22158
1 41186U 15081H   16141.36624481  .00000985  00000-0  12966-3 0  9991,2 41186  47.0003 341.3064 0000888 275.4747  84.6025 14.87972647 22359
1 41186U 15081H   16142.37342473  .00000729  00000-0  10212-3 0  9999,2 41186  47.0003 336.3183 0000906 271.1625  88.9155 14.87973451 22506
1 41186U 15081H   16143.38060348  .00000768  00000-0  10631-3 0  9997,2 41186  47.0001 331.3318 0000852 261.6340  98.4457 14.87975243 22655
1 41186U 15081H   16143.91776733 +.00000182 +00000-0 +43202-4 0  9999,2 41186 046.9997 328.6724 0000826 249.8072 110.2754 14.87973197022736
1 41186U 15081H   16144.72350880  .00000235  00000-0  48950-4 0  9994,2 41186  46.9991 324.6828 0000881 252.4006 107.6784 14.87974445 22852
1 41186U 15081H   16146.20069903  .00000673  00000-0  96072-4 0  9996,2 41186  46.9989 317.3680 0001113 243.3880 116.6909 14.87978654 23072
1 41186U 15081H   16147.34216508  .00000634  00000-0  91825-4 0  9995,2 41186  46.9992 311.7134 0000878 256.1862 103.8960 14.87980212 23244
1 41186U 15081H   16147.54359943 +.00000439 +00000-0 +70886-4 0  9995,2 41186 046.9992 310.7155 0000878 257.1545 102.9221 14.87979601023278
1 41186U 15081H   16148.55077437  .00000141  00000-0  38795-4 0  9995,2 41186  46.9988 305.7323 0000645 277.9049  82.1631 14.87979312 23425
1 41186U 15081H   16149.75938451  .00000315  00000-0  57476-4 0  9990,2 41186  46.9988 299.7452 0000644 283.7150  76.3654 14.87981285 23609
1 41186U 15081H   16151.43800406  .00000478  00000-0  75073-4 0  9999,2 41186  46.9988 291.4298 0000644 291.7847  68.2962 14.87984357 23850
1 41186U 15081H   16152.51232020  .00000561  00000-0  83981-4 0  9990,2 41186  47.0019 286.1146 0000304 289.8305  70.2554 14.87986788 24019
1 41186U 15081H   16152.78089885 +.00000593 +00000-0 +87400-4 0  9993,2 41186 047.0019 284.7841 0000281 279.8891 080.1985 14.87987353024059
1 41186U 15081H   16153.72092198  .00000735  00000-0  10269-3 0  9995,2 41186  47.0021 280.1277 0000334 286.5965  73.4895 14.87989774 24190
1 41186U 15081H   16154.72809050  .00000571  00000-0  85106-4 0  9990,2 41186  47.0001 275.1418 0000301 295.1629  64.9228 14.87990415 24342
1 41186U 15081H   16155.80240143  .00000508  00000-0  78288-4 0  9995,2 41186  47.0006 269.8215 0000308 270.1314  89.9557 14.87991966 24505
1 41186U 15081H   16157.48101127  .00000212  00000-0  46442-4 0  9998,2 41186  47.0001 261.5118 0000372 243.6399 116.4422 14.87992726 24759
1 41186U 15081H   16157.68244509 +.00000426 +00000-0 +69411-4 0  9990,2 41186 047.0002 260.5143 0000301 250.3977 109.6891 14.87993735024784
1 41186U 15081H   16158.75675353  .00000375  00000-0  64008-4 0  9994,2 41186  47.0013 255.1955 0000366 249.6249 110.4590 14.87995036 24941
1 41186U 15081H   16159.69677205 +.00000629 +00000-0 +91247-4 0  9993,2 41186 047.0014 250.5403 0000458 257.2002 102.8837 14.87997508025084
1 41186U 15081H   16160.56964580  .00000505  00000-0  77997-4 0  9995,2 41186  47.0010 246.2190 0000464 248.8498 111.2303 14.87998236 25213
1 41186U 15081H   16160.63679080 +.00000506 +00000-0 +78068-4 0  9992,2 41186 047.0011 245.8866 0000474 250.0428 110.0421 14.87998342025225
1 41186U 15081H   16161.64395244  .00000478  00000-0  75042-4 0  9998,2 41186  47.0010 240.8994 0000489 251.6473 108.4377 14.87999644 25377
1 41186U 15081H   16163.18826518  .00000511  00000-0  78631-4 0  9997,2 41186  46.9995 233.2523 0000561 278.7712  81.3141 14.88001867 25604
1 41186U 15081H   16164.19542547  .00000296  00000-0  55470-4 0  9992,2 41186  46.9993 228.2661 0000614 258.0690 102.0149 14.88001761 25752
1 41186U 15081H   16165.20258515  .00000117  00000-0  36176-4 0  9998,2 41186  46.9993 223.2772 0000643 258.3280 101.7544 14.88001741 25900
1 41186U 15081H   16166.27688725  .00000210  00000-0  46242-4 0  9995,2 41186  46.9982 217.9578 0000809 249.5506 110.5292 14.88002942 26069
1 41186U 15081H   16167.55262016  .00000322  00000-0  58273-4 0  9999,2 41186  46.9990 211.6404 0000908 245.5464 114.5343 14.88004824 26259
1 41186U 15081H   16169.16407225  .00000156  00000-0  40439-4 0  9991,2 41186  46.9982 203.6608 0000967 249.6261 110.4530 14.88005388 26497
1 41186U 15081H   16170.30551678  .00000010  00000-0  24660-4 0  9998,2 41186  46.9984 198.0093 0001028 255.2522 104.8252 14.88005443 26665
1 41186U 15081H   16171.44696122  .00000147  00000-0  39433-4 0  9993,2 41186  46.9977 192.3582 0000964 264.6991  95.3807 14.88006896 26831
1 41186U 15081H   16171.84982329 +.00000186 +00000-0 +43576-4 0  9990,2 41186 046.9977 190.3624 0000963 266.6360 093.4445 14.88007354026890
1 41186U 15081H   16172.52126070  .00000136  00000-0  38191-4 0  9991,2 41186  46.9970 187.0373 0000982 265.5189  94.5612 14.88007381 26994
1 41186U 15081H   16174.13270805  .00000214  00000-0  46653-4 0  9995,2 41186  46.9964 179.0573 0000993 260.7058  99.3741 14.88009241 27235
1 41186U 15081H   16175.40843483  .00000439  00000-0  70840-4 0  9998,2 41186  46.9971 172.7390 0000936 264.4751  95.6030 14.88011788 27428
1 41186U 15081H   16175.81129591 +.00000518 +00000-0 +79328-4 0  9998,2 41186 046.9974 170.7439 0000917 264.0684 096.0119 14.88012746027487
1 41186U 15081H   16176.81844790  .00000402  00000-0  66843-4 0  9994,2 41186  46.9974 165.7559 0000943 269.4799  90.5995 14.88013515 27632
1 41186U 15081H   16177.95988687  .00000290  00000-0  54771-4 0  9996,2 41186  46.9985 160.1034 0000897 269.3309  90.7500 14.88014212 27803
1 41186U 15081H   16178.96703739  .00000393  00000-0  65911-4 0  9993,2 41186  46.9995 155.1167 0000876 274.0303  86.0517 14.88015991 27956
1 41186U 15081H   16180.10847296  .00000216  00000-0  46793-4 0  9990,2 41186  46.9985 149.4642 0000885 270.3819  89.6936 14.88016271 28126
1 41186U 15081H   16181.11562237  .00000091  00000-0  33434-4 0  9990,2 41186  46.9986 144.4769 0000941 261.8600  98.2158 14.88016646 28272
1 41186U 15081H   16182.12277080  .00000172  00000-0  42157-4 0  9993,2 41186  46.9985 139.4923 0001044 267.1054  92.9688 14.88017970 28421
1 41186U 15081H   16183.12991901  .00000114  00000-0  35912-4 0  9996,2 41186  46.9989 134.5051 0001010 275.9211  84.1503 14.88018446 28572
1 41186U 15081H   16184.13706776  .00000077  00000-0  31940-4 0  9997,2 41186  46.9991 129.5180 0001028 275.4604  84.6151 14.88018986 28722
1 41186U 15081H   16185.14421551  .00000079  00000-0  32068-4 0  9998,2 41186  46.9989 124.5311 0000989 280.9428  79.1341 14.88019726 28879
1 41186U 15081H   16186.28564957  .00000086  00000-0  32852-4 0  9991,2 41186  47.0002 118.8786 0000930 282.6245  77.4550 14.88020402 29047
1 41186U 15081H   16186.88993757 +.00000029 +00000-0 +26755-4 0  9993,2 41186 047.0001 115.8856 0000935 280.7122 079.3670 14.88020529029133
1 41186U 15081H   16187.82994059  .00000082  00000-0  32389-4 0  9993,2 41186  47.0002 111.2310 0000923 267.6668  92.4145 14.88021491 29272
1 41186U 15081H   16189.03851435  .00000118  00000-0  36271-4 0  9992,2 41186  46.9996 105.2451 0000927 269.5208  90.5557 14.88022349 29455
1 41186U 15081H   16190.24708848  .00000185  00000-0  43456-4 0  9993,2 41186  46.9996  99.2579 0000927 275.3309  84.7489 14.88023701 29637
1 41186U 15081H   16191.25423235  .00000331  00000-0  59166-4 0  9997,2 41186  47.0006  94.2745 0001032 251.9282 108.1537 14.88025550 29784
1 41186U 15081H   16191.79137440 +.00000277 +00000-0 +53403-4 0  9993,2 41186 047.0001 091.6143 0001074 250.0562 110.0205 14.88025905029866
1 41186U 15081H   16192.79851765  .00000510  00000-0  78422-4 0  9995,2 41186  47.0006  86.6274 0000960 264.3873  95.6948 14.88028309 30018
1 41186U 15081H   16194.07422898  .00000604  00000-0  88524-4 0  9997,2 41186  47.0006  80.3112 0000881 262.7527  97.3277 14.88030652 30209
1 41186U 15081H   16195.28279608  .00000547  00000-0  82384-4 0  9994,2 41186  47.0010  74.3274 0000834 265.6043  94.4739 14.88032433 30388
1 41186U 15081H   16195.68565185 +.00000473 +00000-0 +74424-4 0  9990,2 41186 047.0008 072.3322 0000820 268.4669 091.6116 14.88032677030442
1 41186U 15081H   16196.69279025  .00000578  00000-0  85756-4 0  9993,2 41186  47.0008  67.3429 0000820 273.3083  86.7745 14.88034584 30597
1 41186U 15081H   16197.69992649  .00000482  00000-0  75435-4 0  9995,2 41186  47.0000  62.3563 0000760 286.1713  73.9034 14.88035571 30741
1 41186U 15081H   16198.84134856  .00000526  00000-0  80156-4 0  9996,2 41186  47.0000  56.7017 0000759 291.6585  68.4244 14.88037436 30911
1 41186U 15081H   16199.84848313  .00000373  00000-0  63705-4 0  9998,2 41186  47.0016  51.7194 0000557 279.3593  80.7172 14.88038308 31060
1 41186U 15081H   16200.98990251  .00000295  00000-0  55277-4 0  9993,2 41186  46.9997  46.0711 0000687 269.4908  90.5911 14.88039558 31239
1 41186U 15081H   16201.99703584  .00000302  00000-0  56063-4 0  9999,2 41186  46.9996  41.0837 0000694 268.6388  91.4430 14.88040867 31380
1 41186U 15081H   16202.66845717 +.00000479 +00000-0 +75063-4 0  9995,2 41186 046.9997 037.7588 0000699 267.6401 092.4416 14.88042772031489
1 41186U 15081H   16203.67558897  .00000393  00000-0  65855-4 0  9990,2 41186  46.9997  32.7716 0000700 264.8436  95.2382 14.88043622 31632
1 41186U 15081H   16203.87701521 +.00000356 +00000-0 +61850-4 0  9996,2 41186 046.9997 031.7742 0000694 265.2428 094.8390 14.88043687031666
1 41186U 15081H   16204.81700401  .00000329  00000-0  58904-4 0  9993,2 41186  46.9997  27.1194 0000708 262.8667  97.2150 14.88044652 31800
1 41186U 15081H   16204.88414604 +.00000331 +00000-0 +59154-4 0  9998,2 41186 046.9997 026.7869 0000706 263.2265 096.8552 14.88044748031819
1 41186U 15081H   16205.82413411  .00000320  00000-0  58013-4 0  9999,2 41186  46.9997  22.1320 0000709 263.1638  96.9179 14.88045803 31951
1 41186U 15081H   16205.89127618 +.00000295 +00000-0 +55323-4 0  9999,2 41186 046.9997 021.7995 0000707 263.4242 096.6575 14.88045721031963
1 41186U 15081H   16206.83126364  .00000231  00000-0  48407-4 0  9996,2 41186  46.9998  17.1446 0000720 261.6083  98.4733 14.88046438 32101
1 41186U 15081H   16206.89840554 +.00000225 +00000-0 +47807-4 0  9992,2 41186 046.9998 016.8121 0000720 261.6654 098.4162 14.88046495032111
1 41186U 15081H   16207.83839182  .00000334  00000-0  59508-4 0  9994,2 41186  46.9998  12.1572 0000737 260.4375  99.6439 14.88048242 32252
1 41186U 15081H   16207.90553356 +.00000363 +00000-0 +62583-4 0  9997,2 41186 046.9998 011.8247 0000735 260.6744 099.4070 14.88048517032262
1 41186U 15081H   16208.84552036  .00000222  00000-0  47453-4 0  9998,2 41186  46.9999   7.1698 0000749 259.6806 100.4007 14.88048552 32401
1 41186U 15081H   16209.91978991  .00000221  00000-0  47388-4 0  9995,2 41186  47.0000   1.8501 0000767 258.9979 101.0832 14.88049522 32561
1 41186U 15081H   16210.59120804 +.00000184 +00000-0 +43333-4 0  9997,2 41186 047.0001 358.5252 0000778 259.1432 100.9378 14.88049895032663
1 41186U 15081H   16211.46405113  .00000160  00000-0  40810-4 0  9994,2 41186  47.0001 354.2028 0000798 258.7130 101.3678 14.88050552 32793
1 41186U 15081H   16211.86690157 +.00000173 +00000-0 +42186-4 0  9994,2 41186 047.0001 352.2081 0000798 258.5767 101.5040 14.88051009032854
1 41186U 15081H   16212.80688580  .00000141  00000-0  38735-4 0  9996,2 41186  47.0002 347.5534 0000821 258.3100 101.7706 14.88051632 32999
1 41186U 15081H   16212.87402753 +.00000142 +00000-0 +38836-4 0  9992,2 41186 047.0002 347.2209 0000820 258.4788 101.6018 14.88051691033000
1 41186U 15081H   16213.81401133  .00000141  00000-0  38799-4 0  9995,2 41186  47.0001 342.5662 0000851 258.1864 101.8938 14.88052418 33142
1 41186U 15081H   16213.88115301 +.00000140 +00000-0 +38589-4 0  9997,2 41186 047.0001 342.2337 0000853 258.2534 101.8268 14.88052465033154
1 41186U 15081H   16214.82113636  .00000165  00000-0  41307-4 0  9990,2 41186  47.0001 337.5789 0000875 258.0815 101.9985 14.88053315 33293
1 41186U 15081H   16215.82826083  .00000240  00000-0  49409-4 0  9993,2 41186  47.0001 332.5917 0000900 258.5022 101.5775 14.88054475 33443
1 41186U 15081H   16217.30537476  .00000323  00000-0  58328-4 0  9995,2 41186  47.0000 325.2769 0000945 259.2732 100.8059 14.88056344 33669
1 41186U 15081H   16218.51392117  .00000333  00000-0  59394-4 0  9995,2 41186  46.9999 319.2921 0000981 259.5539 100.5248 14.88057705 33844
1 41186U 15081H   16218.71534549 +.00000338 +00000-0 +59936-4 0  9991,2 41186 046.9999 318.2948 0000972 259.9993 100.0795 14.88057955033872
1 41186U 15081H   16219.72246661  .00000373  00000-0  63691-4 0  9990,2 41186  46.9998 313.3075 0000991 260.8712  99.2073 14.88059258 34023
1 41186U 15081H   16220.72958671  .00000361  00000-0  62351-4 0  9992,2 41186  46.9997 308.3203 0001012 262.0766  98.0016 14.88060462 34176
1 41186U 15081H   16222.20669449  .00000360  00000-0  62316-4 0  9999,2 41186  46.9995 301.0056 0001047 263.8494  96.2284 14.88062379 34395
1 41186U 15081H   16223.21381250  .00000421  00000-0  68784-4 0  9995,2 41186  46.9994 296.0183 0001061 264.9078  95.1698 14.88063976 34542
1 41186U 15081H   16224.22092983  .00000418  00000-0  68459-4 0  9994,2 41186  46.9992 291.0309 0001070 266.2074  93.8701 14.88065136 34692
1 41186U 15081H   16224.62377675 +.00000383 +00000-0 +64716-4 0  9995,2 41186 046.9991 289.0361 0001073 266.7101 093.3674 14.88065352034756
1 41186U 15081H   16225.63089303 +.00000413 +00000-0 +67974-4 0  9998,2 41186 046.9989 284.0488 0001087 268.0017 092.0756 14.88066643034902
1 41186U 15081H   16226.63800876 +.00000393 +00000-0 +65794-4 0  9990,2 41186 046.9987 279.0613 0001098 269.6650 090.4121 14.88067602035057
1 41186U 15081H   16227.57798286 +.00000309 +00000-0 +56767-4 0  9992,2 41186 046.9986 274.4063 0001103 270.9515 089.1256 14.88068092035199
1 41186U 15081H   16228.51795646  .00000283  00000-0  53989-4 0  9998,2 41186  46.9985 269.7513 0001107 272.3565  87.7206 14.88068867 35335
1 41186U 15081H   16229.52507058  .00000224  00000-0  47622-4 0  9990,2 41186  46.9984 264.7639 0001106 274.1876  85.8895 14.88069468 35489
1 41186U 15081H   16230.53218406  .00000168  00000-0  41684-4 0  9998,2 41186  46.9983 259.7764 0001112 275.7151  84.3620 14.88070029 35633
1 41186U 15081H   16231.53929717  .00000144  00000-0  39029-4 0  9997,2 41186  46.9982 254.7888 0001105 276.9806  83.0965 14.88070701 35787
1 41186U 15081H   16232.54640993  .00000109  00000-0  35303-4 0  9997,2 41186  46.9981 249.8013 0001098 278.6462  81.4311 14.88071238 35939
1 41186U 15081H   16234.15778929  .00000080  00000-0  32235-4 0  9996,2 41186  46.9980 241.8211 0001086 280.6763  79.4013 14.88072201 36178
1 41186U 15081H   16235.16490087  .00000080  00000-0  32152-4 0  9992,2 41186  46.9979 236.8335 0001072 282.0512  78.0265 14.88072868 36320
1 41186U 15081H   16236.44057505  .00000081  00000-0  32301-4 0  9995,2 41186  46.9978 230.5160 0001049 283.8310  76.2470 14.88073634 36516
1 41186U 15081H   16237.44768543  .00000121  00000-0  36560-4 0  9993,2 41186  46.9979 225.5283 0001030 285.5657  74.5127 14.88074567 36662
1 41186U 15081H   16238.45479547  .00000114  00000-0  35780-4 0  9993,2 41186  46.9979 220.5407 0001002 288.2179  71.8609 14.88075208 36818
1 41186U 15081H   16240.13331063  .00000131  00000-0  37616-4 0  9990,2 41186  46.9982 212.2280 0000969 289.1275  70.9518 14.88076632 37066
1 41186U 15081H   16241.14041901  .00000163  00000-0  41129-4 0  9990,2 41186  46.9983 207.2405 0000940 290.7439  69.3358 14.88077654 37215
1 41186U 15081H   16242.14752668  .00000215  00000-0  46652-4 0  9994,2 41186  46.9984 202.2530 0000910 291.8693  68.2107 14.88078837 37361
1 41186U 15081H   16243.15463393  .00000284  00000-0  54058-4 0  9995,2 41186  46.9984 197.2655 0000878 293.0867  66.9938 14.88080084 37513
1 41186U 15081H   16244.29602076  .00000381  00000-0  64515-4 0  9991,2 41186  46.9984 191.6131 0000833 295.0476  65.0335 14.88081791 37684
1 41186U 15081H   16244.90028407 +.00000391 +00000-0 +65564-4 0  9995,2 41186 046.9985 188.6205 0000815 295.0637 065.0176 14.88082447037774
1 41186U 15081H   16245.84024803  .00000511  00000-0  78474-4 0  9993,2 41186  46.9985 183.9655 0000785 295.7273  64.3544 14.88084286 37910
1 41186U 15081H   16247.25019147  .00000748  00000-0  10387-3 0  9995,2 41186  46.9986 176.9831 0000724 296.8271  63.2553 14.88087771 38126
1 41186U 15081H   16248.25729191  .00000894  00000-0  11955-3 0  9997,2 41186  46.9987 171.9956 0000680 296.9365  63.1463 14.88090494 38277
1 41186U 15081H   16248.86155168 +.00000811 +00000-0 +11065-3 0  9992,2 41186 046.9987 169.0031 0000659 296.2116 063.8714 14.88091253038362
1 41186U 15081H   16249.80151024  .00000776  00000-0  10688-3 0  9994,2 41186  46.9988 164.3480 0000623 295.7388  64.3445 14.88092987 38503
1 41186U 15081H   16250.80860692  .00000731  00000-0  10208-3 0  9993,2 41186  46.9988 159.3605 0000584 294.6900  65.3937 14.88095005 38657
1 41186U 15081H   16250.87574656 +.00000735 +00000-0 +10252-3 0  9995,2 41186 046.9988 159.0281 0000576 294.2933 065.7904 14.88095218038662
1 41186U 15081H   16251.81570185  .00000709  00000-0  99681-4 0  9998,2 41186  46.9988 154.3731 0000535 292.9433  67.1408 14.88097278 38804
1 41186U 15081H   16252.82279600  .00000691  00000-0  97776-4 0  9991,2 41186  46.9988 149.3857 0000505 290.1254  69.9589 14.88099267 38951
1 41186U 15081H   16254.50128323  .00000725  00000-0  10142-3 0  9992,2 41186  46.9987 141.0732 0000462 285.2143  74.8704 14.88102762 39203
1 41186U 15081H   16254.90411984 +.00000626 +00000-0 +90789-4 0  9990,2 41186 046.9987 139.0781 0000443 282.1609 077.9239 14.88102941039268
1 41186U 15081H   16255.84407106  .00000630  00000-0  91154-4 0  9997,2 41186  46.9986 134.4230 0000425 278.5014  81.5835 14.88104569 39401
1 41186U 15081H   16255.91121042 +.00000626 +00000-0 +90739-4 0  9990,2 41186 046.9986 134.0905 0000425 277.8725 082.2124 14.88104650039418
1 41186U 15081H   16256.98543922  .00000594  00000-0  87293-4 0  9998,2 41186  46.9985 128.7704 0000409 272.3295  87.7556 14.88106232 39572
1 41186U 15081H   16257.99252791  .00000511  00000-0  78374-4 0  9990,2 41186  46.9984 123.7827 0000405 265.7698  94.3153 14.88107293 39723
1 41186U 15081H   16258.73105893 +.00000466 +00000-0 +73557-4 0  9990,2 41186 046.9984 120.1250 0000413 261.7157 098.3694 14.88108137039833
1 41186U 15081H   16259.73814580  .00000491  00000-0  76205-4 0  9992,2 41186  46.9984 115.1372 0000422 255.1445 104.9406 14.88109740 39981
1 41186U 15081H   16259.93956312 +.00000486 +00000-0 +75749-4 0  9990,2 41186 046.9984 114.1398 0000420 254.1402 105.9450 14.88109992040013
1 41186U 15081H   16260.94664902  .00000466  00000-0  73557-4 0  9997,2 41186  46.9985 109.1521 0000439 250.7737 109.3113 14.88111277 40168
1 41186U 15081H   16262.02087334  .00000415  00000-0  68116-4 0  9995,2 41186  46.9985 103.8318 0000473 246.5783 113.5064 14.88112342 40329
1 41186U 15081H   16263.56506884  .00000422  00000-0  68795-4 0  9992,2 41186  46.9986  96.1839 0000542 240.7903 119.2940 14.88114332 40551
1 41186U 15081H   16263.90076316 +.00000477 +00000-0 +74748-4 0  9997,2 41186 046.9986 094.5214 0000556 240.2404 119.8438 14.88115070040600
1 41186U 15081H   16264.63929033  .00000503  00000-0  77516-4 0  9997,2 41186  46.9986  90.8636 0000592 237.5035 122.5806 14.88116185 40716
1 41186U 15081H   16265.84778911  .00000372  00000-0  63457-4 0  9991,2 41186  46.9986  84.8783 0000646 235.3161 124.7676 14.88116850 40895
1 41186U 15081H   16265.91492788 +.00000373 +00000-0 +63575-4 0  9996,2 41186 046.9986 084.5458 0000647 235.3508 124.7328 14.88116935040907
1 41186U 15081H   16266.92200925 +.00000364 +00000-0 +62659-4 0  9990,2 41186 046.9987 079.5579 0000682 235.6696 124.4137 14.88117974041052
1 41186U 15081H   16267.92908996  .00000324  00000-0  58304-4 0  9992,2 41186  46.9988  74.5700 0000723 235.7832 124.2997 14.88118808 41209
1 41186U 15081H   16268.93616996  .00000337  00000-0  59717-4 0  9993,2 41186  46.9990  69.5822 0000759 236.6945 123.3880 14.88119946 41356
1 41186U 15081H   16270.48035719  .00000390  00000-0  65357-4 0  9990,2 41186  46.9992  61.9342 0000840 236.7543 123.3274 14.88122028 41584
1 41186U 15081H   16271.89026516  .00000520  00000-0  79400-4 0  9990,2 41186  46.9994  54.9516 0000914 237.7621 122.3188 14.88124572 41793
1 41186U 15081H   16273.43444766  .00000637  00000-0  91925-4 0  9998,2 41186  46.9997  47.3038 0000979 240.4915 119.5885 14.88127419 42021
1 41186U 15081H   16274.50865952  .00000654  00000-0  93662-4 0  9990,2 41186  46.9998  41.9837 0001032 242.2132 117.8661 14.88129380 42180
1 41186U 15081H   16275.51573218  .00000599  00000-0  87766-4 0  9999,2 41186  46.9999  36.9962 0001075 244.0579 116.0207 14.88130801 42330
1 41186U 15081H   16275.78428463 +.00000609 +00000-0 +88875-4 0  9993,2 41186 046.9999 035.6662 0001069 244.4675 115.6112 14.88131346042376
1 41186U 15081H   16276.52280342  .00000573  00000-0  85001-4 0  9996,2 41186  47.0001  32.0086 0001113 245.4389 114.6392 14.88132489 42486
1 41186U 15081H   16276.79135554 +.00000580 +00000-0 +85809-4 0  9993,2 41186 047.0001 030.6786 0001105 245.7176 114.3606 14.88133034042522
1 41186U 15081H   16277.73128723  .00000574  00000-0  85113-4 0  9999,2 41186  47.0002  26.0236 0001141 247.5068 112.5709 14.88134729 42663
1 41186U 15081H   16279.14118203  .00000699  00000-0  98499-4 0  9997,2 41186  47.0003  19.0408 0001190 250.6704 109.4064 14.88138177 42876
1 41186U 15081H   16279.74542181 +.00000696 +00000-0 +98156-4 0  9996,2 41186 047.0004 016.0484 0001204 251.2229 108.8538 14.88139405042967
1 41186U 15081H   16280.68534987  .00000678  00000-0  96279-4 0  9990,2 41186  47.0004  11.3933 0001236 253.0130 107.0632 14.88141072 43106
1 41186U 15081H   16281.69241396  .00000787  00000-0  10799-3 0  9994,2 41186  47.0004   6.4058 0001268 254.9332 105.1425 14.88143667 43255
1 41186U 15081H   16282.69947644  .00000840  00000-0  11358-3 0  9996,2 41186  47.0004   1.4183 0001296 257.2252 102.8501 14.88146102 43400
1 41186U 15081H   16284.17649895  .00000823  00000-0  11184-3 0  9996,2 41186  47.0003 354.1030 0001338 260.6348  99.4399 14.88149124 43626
1 41186U 15081H   16285.18355785  .00000892  00000-0  11915-3 0  9998,2 41186  47.0002 349.1154 0001360 262.9141  97.1602 14.88151652 43774
1 41186U 15081H   16286.19061564  .00000836  00000-0  11321-3 0  9998,2 41186  47.0001 344.1276 0001373 264.9543  95.1198 14.88153419 43923
